#latency,cnt,cdf
0,2,0.000000
20,1,0.000000
30,42,0.000005
40,1,0.000005
50,57198,0.005724
60,3081743,0.313899
70,243890,0.338288
80,2992414,0.637529
90,60229,0.643552
100,226773,0.666229
110,1575468,0.823776
120,1328596,0.956636
130,182997,0.974935
140,32125,0.978148
150,1376,0.978285
160,597,0.978345
170,4504,0.978796
180,44799,0.983275
190,153963,0.998672
200,1611,0.998833
210,839,0.998917
220,426,0.998959
230,2377,0.999197
240,503,0.999247
250,163,0.999264
260,127,0.999276
270,118,0.999288
280,120,0.999300
290,116,0.999312
300,119,0.999324
310,121,0.999336
320,116,0.999347
330,98,0.999357
340,96,0.999367
350,81,0.999375
360,78,0.999383
370,93,0.999392
380,116,0.999404
390,72,0.999411
400,77,0.999418
410,77,0.999426
420,84,0.999435
430,64,0.999441
440,76,0.999449
450,83,0.999457
460,69,0.999464
470,59,0.999470
480,55,0.999475
490,61,0.999481
500,57,0.999487
510,47,0.999492
520,41,0.999496
530,47,0.999501
540,49,0.999505
550,44,0.999510
560,46,0.999514
570,44,0.999519
580,60,0.999525
590,51,0.999530
600,36,0.999533
610,36,0.999537
620,47,0.999542
630,50,0.999547
640,39,0.999551
650,38,0.999555
660,42,0.999559
670,37,0.999562
680,45,0.999567
690,41,0.999571
700,37,0.999575
710,23,0.999577
720,48,0.999582
730,63,0.999588
740,53,0.999593
750,51,0.999599
760,40,0.999602
770,32,0.999606
780,46,0.999610
790,53,0.999616
800,30,0.999619
810,47,0.999623
820,32,0.999627
830,30,0.999629
840,35,0.999633
850,33,0.999636
860,30,0.999639
870,31,0.999642
880,20,0.999644
890,19,0.999646
900,19,0.999648
910,21,0.999650
920,27,0.999653
930,17,0.999655
940,18,0.999656
950,22,0.999659
960,15,0.999660
970,17,0.999662
980,21,0.999664
990,16,0.999666
1000,19,0.999668
1010,18,0.999669
1020,16,0.999671
1030,20,0.999673
1040,16,0.999674
1050,21,0.999677
1060,28,0.999679
1070,21,0.999681
1080,15,0.999683
1090,23,0.999685
1100,21,0.999687
1110,16,0.999689
1120,15,0.999690
1130,17,0.999692
1140,11,0.999693
1150,11,0.999694
1160,20,0.999696
1170,20,0.999698
1180,17,0.999700
1190,23,0.999702
1200,16,0.999704
1210,16,0.999706
1220,16,0.999707
1230,23,0.999709
1240,23,0.999712
1250,24,0.999714
1260,15,0.999716
1270,18,0.999717
1280,21,0.999720
1290,15,0.999721
1300,13,0.999722
1310,16,0.999724
1320,13,0.999725
1330,11,0.999726
1340,12,0.999728
1350,12,0.999729
1360,17,0.999731
1370,14,0.999732
1380,12,0.999733
1390,10,0.999734
1400,17,0.999736
1410,12,0.999737
1420,17,0.999739
1430,7,0.999739
1440,13,0.999741
1450,13,0.999742
1460,13,0.999743
1470,8,0.999744
1480,13,0.999745
1490,18,0.999747
1500,15,0.999749
1510,10,0.999750
1520,8,0.999750
1530,8,0.999751
1540,10,0.999752
1550,13,0.999754
1560,12,0.999755
1570,18,0.999757
1580,15,0.999758
1590,12,0.999759
1600,11,0.999760
1610,10,0.999761
1620,13,0.999763
1630,12,0.999764
1640,12,0.999765
1650,12,0.999766
1660,18,0.999768
1670,6,0.999769
1680,11,0.999770
1690,5,0.999770
1700,13,0.999772
1710,8,0.999772
1720,9,0.999773
1730,18,0.999775
1740,11,0.999776
1750,8,0.999777
1760,14,0.999778
1770,13,0.999780
1780,12,0.999781
1790,14,0.999782
1800,12,0.999784
1810,17,0.999785
1820,15,0.999787
1830,17,0.999788
1840,13,0.999790
1850,15,0.999791
1860,16,0.999793
1870,20,0.999795
1880,18,0.999797
1890,16,0.999798
1900,17,0.999800
1910,15,0.999801
1920,15,0.999803
1930,17,0.999805
1940,16,0.999806
1950,16,0.999808
1960,18,0.999810
1970,21,0.999812
1980,20,0.999814
1990,13,0.999815
2000,18,0.999817
2010,12,0.999818
2020,9,0.999819
2030,12,0.999820
2040,14,0.999821
2050,7,0.999822
2060,8,0.999823
2070,14,0.999824
2080,6,0.999825
2090,13,0.999826
2100,11,0.999827
2110,13,0.999829
2120,10,0.999830
2130,10,0.999831
2140,12,0.999832
2150,13,0.999833
2160,9,0.999834
2170,9,0.999835
2180,13,0.999836
2190,11,0.999837
2200,11,0.999838
2210,13,0.999840
2220,11,0.999841
2230,5,0.999841
2240,12,0.999843
2250,12,0.999844
2260,9,0.999845
2270,14,0.999846
2280,7,0.999847
2290,11,0.999848
2300,7,0.999849
2310,13,0.999850
2320,13,0.999851
2330,11,0.999852
2340,11,0.999853
2350,9,0.999854
2360,9,0.999855
2370,7,0.999856
2380,11,0.999857
2390,11,0.999858
2400,11,0.999859
2410,12,0.999860
2420,10,0.999861
2430,12,0.999863
2440,10,0.999864
2450,16,0.999865
2460,11,0.999866
2470,6,0.999867
2480,9,0.999868
2490,11,0.999869
2500,10,0.999870
2510,7,0.999871
2520,9,0.999871
2530,10,0.999873
2540,13,0.999874
2550,13,0.999875
2560,13,0.999876
2570,14,0.999878
2580,7,0.999879
2590,14,0.999880
2600,9,0.999881
2610,18,0.999883
2620,11,0.999884
2630,7,0.999884
2640,9,0.999885
2650,7,0.999886
2660,10,0.999887
2670,10,0.999888
2680,14,0.999889
2690,11,0.999891
2700,10,0.999892
2710,11,0.999893
2720,12,0.999894
2730,14,0.999895
2740,16,0.999897
2750,15,0.999898
2760,14,0.999900
2770,10,0.999901
2780,18,0.999902
2790,8,0.999903
2800,9,0.999904
2810,6,0.999905
2820,15,0.999906
2830,11,0.999907
2840,15,0.999909
2850,14,0.999910
2860,14,0.999912
2870,10,0.999913
2880,11,0.999914
2890,15,0.999915
2900,8,0.999916
2910,22,0.999918
2920,14,0.999920
2930,17,0.999921
2940,20,0.999923
2950,11,0.999924
2960,14,0.999926
2970,9,0.999927
2980,9,0.999928
2990,10,0.999929
3000,9,0.999930
3010,12,0.999931
3020,14,0.999932
3030,8,0.999933
3040,15,0.999934
3050,15,0.999936
3060,9,0.999937
3070,15,0.999938
3080,8,0.999939
3090,10,0.999940
3100,14,0.999942
3110,14,0.999943
3120,15,0.999945
3130,11,0.999946
3140,20,0.999948
3150,11,0.999949
3160,15,0.999950
3170,9,0.999951
3180,15,0.999953
3190,13,0.999954
3200,17,0.999956
3210,13,0.999957
3220,13,0.999958
3230,14,0.999960
3240,8,0.999960
3250,14,0.999962
3260,13,0.999963
3270,9,0.999964
3280,9,0.999965
3290,9,0.999966
3300,8,0.999967
3310,12,0.999968
3320,12,0.999969
3330,10,0.999970
3340,16,0.999972
3350,9,0.999973
3360,16,0.999974
3370,10,0.999975
3380,8,0.999976
3390,8,0.999977
3400,10,0.999978
3410,12,0.999979
3420,9,0.999980
3430,5,0.999980
3440,10,0.999981
3450,14,0.999983
3460,15,0.999984
3470,7,0.999985
3480,10,0.999986
3490,4,0.999986
3500,6,0.999987
3510,3,0.999987
3520,7,0.999988
3530,4,0.999988
3540,6,0.999989
3550,5,0.999989
3560,1,0.999990
3570,6,0.999990
3580,8,0.999991
3590,2,0.999991
3600,2,0.999991
3610,2,0.999991
3620,4,0.999992
3630,8,0.999993
3640,4,0.999993
3650,5,0.999994
3660,3,0.999994
3670,3,0.999994
3680,3,0.999995
3690,3,0.999995
3700,3,0.999995
3710,4,0.999996
3720,2,0.999996
3730,3,0.999996
3750,1,0.999996
3760,3,0.999996
3770,1,0.999996
3780,1,0.999997
3810,3,0.999997
3820,3,0.999997
3830,4,0.999998
3840,1,0.999998
3850,4,0.999998
3860,1,0.999998
3900,1,0.999998
3920,1,0.999998
4560,1,0.999999
4570,1,0.999999
4580,1,0.999999
4590,3,0.999999
4600,1,0.999999
4650,1,0.999999
4660,1,0.999999
4680,1,0.999999
4730,2,1.000000
4830,1,1.000000
4840,1,1.000000
5100,1,1.000000
8230,1,1.000000
