#latency,cnt,cdf
0,3608219,0.379800
10,1411,0.379948
20,655,0.380017
30,53207,0.385618
40,358,0.385655
50,7796,0.386476
60,750325,0.465455
70,18972,0.467452
80,698935,0.541021
90,8694,0.541936
100,474744,0.591908
110,499673,0.644503
120,206341,0.666223
130,478056,0.716542
140,23209,0.718985
150,139787,0.733699
160,7642,0.734504
170,628245,0.800633
180,400814,0.842822
190,657974,0.912080
200,128020,0.925555
210,11490,0.926765
220,12736,0.928106
230,553859,0.986404
240,76556,0.994463
250,4167,0.994901
260,7616,0.995703
270,7003,0.996440
280,2462,0.996699
290,5308,0.997258
300,5099,0.997795
310,4526,0.998271
320,1464,0.998425
330,7665,0.999232
340,107,0.999243
350,391,0.999284
360,193,0.999305
370,96,0.999315
380,3913,0.999727
390,129,0.999740
400,21,0.999743
410,11,0.999744
420,29,0.999747
430,27,0.999750
440,8,0.999750
450,10,0.999752
460,12,0.999753
470,9,0.999754
480,8,0.999755
490,3,0.999755
500,10,0.999756
510,4,0.999756
520,9,0.999757
530,3,0.999758
540,13,0.999759
550,9,0.999760
560,12,0.999761
570,6,0.999762
580,9,0.999763
590,6,0.999763
600,4,0.999764
610,6,0.999764
620,10,0.999765
630,8,0.999766
640,9,0.999767
650,10,0.999768
660,10,0.999769
670,5,0.999770
680,8,0.999771
690,10,0.999772
700,7,0.999773
710,8,0.999773
720,5,0.999774
730,5,0.999774
740,11,0.999776
750,10,0.999777
760,8,0.999777
770,6,0.999778
780,7,0.999779
790,4,0.999779
800,8,0.999780
810,12,0.999781
820,8,0.999782
830,4,0.999783
840,6,0.999783
850,10,0.999784
860,5,0.999785
870,5,0.999785
880,5,0.999786
890,3,0.999786
900,10,0.999787
910,5,0.999788
920,9,0.999789
930,6,0.999789
940,5,0.999790
950,7,0.999791
960,11,0.999792
970,9,0.999793
980,13,0.999794
990,11,0.999795
1000,9,0.999796
1010,9,0.999797
1020,7,0.999798
1030,10,0.999799
1040,4,0.999799
1050,9,0.999800
1060,12,0.999802
1070,4,0.999802
1080,11,0.999803
1090,15,0.999805
1100,6,0.999805
1110,12,0.999807
1120,10,0.999808
1130,9,0.999809
1140,3,0.999809
1150,5,0.999810
1160,4,0.999810
1170,4,0.999810
1180,4,0.999811
1190,6,0.999811
1200,2,0.999812
1210,3,0.999812
1220,2,0.999812
1230,4,0.999813
1240,2,0.999813
1260,4,0.999813
1270,5,0.999814
1280,2,0.999814
1290,4,0.999814
1300,1,0.999814
1310,2,0.999815
1320,2,0.999815
1330,5,0.999815
1350,3,0.999816
1360,4,0.999816
1370,5,0.999817
1380,7,0.999817
1390,2,0.999818
1420,2,0.999818
1430,6,0.999818
1440,1,0.999819
1450,3,0.999819
1470,2,0.999819
1480,1,0.999819
1490,6,0.999820
1510,4,0.999820
1520,1,0.999820
1530,3,0.999821
1540,3,0.999821
1550,1,0.999821
1560,2,0.999821
1570,3,0.999822
1580,7,0.999822
1590,2,0.999823
1600,5,0.999823
1610,1,0.999823
1620,5,0.999824
1630,1,0.999824
1640,2,0.999824
1650,2,0.999824
1660,1,0.999824
1670,1,0.999824
1680,2,0.999825
1690,2,0.999825
1700,5,0.999825
1710,3,0.999826
1720,1,0.999826
1730,4,0.999826
1740,3,0.999827
1750,3,0.999827
1760,1,0.999827
1770,3,0.999827
1780,8,0.999828
1790,3,0.999828
1800,14,0.999830
1810,11,0.999831
1820,18,0.999833
1830,13,0.999834
1840,19,0.999836
1850,10,0.999837
1860,26,0.999840
1870,39,0.999844
1880,34,0.999848
1890,20,0.999850
1900,27,0.999853
1910,10,0.999854
1920,4,0.999854
1930,12,0.999855
1940,10,0.999857
1950,6,0.999857
1960,6,0.999858
1970,18,0.999860
1980,20,0.999862
1990,13,0.999863
2000,23,0.999866
2010,23,0.999868
2020,6,0.999869
2030,10,0.999870
2040,9,0.999871
2050,3,0.999871
2060,7,0.999872
2070,3,0.999872
2080,1,0.999872
2090,5,0.999873
2110,1,0.999873
2120,8,0.999874
2130,2,0.999874
2140,5,0.999874
2150,3,0.999875
2160,3,0.999875
2170,2,0.999875
2180,1,0.999875
2190,4,0.999876
2200,4,0.999876
2210,7,0.999877
2220,5,0.999877
2230,10,0.999878
2240,8,0.999879
2250,15,0.999881
2260,15,0.999882
2270,8,0.999883
2280,8,0.999884
2290,7,0.999885
2300,8,0.999886
2310,5,0.999886
2320,1,0.999886
2330,3,0.999887
2340,5,0.999887
2350,3,0.999887
2360,3,0.999888
2370,2,0.999888
2380,3,0.999888
2390,8,0.999889
2400,7,0.999890
2410,5,0.999890
2420,11,0.999892
2430,3,0.999892
2440,4,0.999892
2450,5,0.999893
2460,2,0.999893
2470,4,0.999893
2480,2,0.999894
2490,3,0.999894
2500,2,0.999894
2510,6,0.999895
2520,1,0.999895
2530,2,0.999895
2540,5,0.999896
2550,5,0.999896
2560,2,0.999896
2570,3,0.999897
2580,3,0.999897
2590,2,0.999897
2600,4,0.999898
2610,5,0.999898
2620,2,0.999898
2640,3,0.999899
2650,4,0.999899
2660,4,0.999900
2670,1,0.999900
2680,2,0.999900
2690,2,0.999900
2700,1,0.999900
2710,3,0.999901
2720,3,0.999901
2730,3,0.999901
2750,3,0.999901
2770,1,0.999902
2780,2,0.999902
2790,3,0.999902
2800,1,0.999902
2810,3,0.999903
2830,1,0.999903
2840,2,0.999903
2850,3,0.999903
2860,1,0.999903
2870,1,0.999903
2880,1,0.999904
2890,1,0.999904
2900,1,0.999904
2930,1,0.999904
2940,1,0.999904
2950,2,0.999904
2960,1,0.999904
2970,2,0.999904
2980,1,0.999905
3000,1,0.999905
3010,2,0.999905
3030,2,0.999905
3040,1,0.999905
3050,2,0.999905
3060,2,0.999906
3070,2,0.999906
3080,2,0.999906
3100,3,0.999906
3110,2,0.999907
3120,3,0.999907
3130,2,0.999907
3140,1,0.999907
3150,1,0.999907
3190,3,0.999908
3220,2,0.999908
3230,1,0.999908
3240,1,0.999908
3250,2,0.999908
3260,1,0.999908
3270,6,0.999909
3290,1,0.999909
3300,1,0.999909
3310,3,0.999909
3320,1,0.999910
3330,2,0.999910
3340,3,0.999910
3350,2,0.999910
3360,2,0.999911
3370,3,0.999911
3380,1,0.999911
3390,1,0.999911
3400,2,0.999911
3410,2,0.999911
3420,3,0.999912
3430,2,0.999912
3450,3,0.999912
3460,3,0.999913
3480,1,0.999913
3490,1,0.999913
3500,3,0.999913
3520,1,0.999913
3530,2,0.999913
3540,1,0.999914
3550,1,0.999914
3560,4,0.999914
3570,5,0.999915
3580,2,0.999915
3590,1,0.999915
3600,2,0.999915
3610,4,0.999916
3620,1,0.999916
3630,3,0.999916
3640,4,0.999916
3650,4,0.999917
3660,6,0.999917
3670,2,0.999918
3680,1,0.999918
3690,3,0.999918
3700,3,0.999918
3710,2,0.999919
3720,2,0.999919
3730,1,0.999919
3740,1,0.999919
3750,2,0.999919
3760,2,0.999919
3770,1,0.999920
3780,2,0.999920
3790,2,0.999920
3800,5,0.999921
3810,2,0.999921
3820,4,0.999921
3840,1,0.999921
3850,6,0.999922
3860,3,0.999922
3870,3,0.999923
3880,4,0.999923
3890,2,0.999923
3900,3,0.999923
3910,1,0.999924
3920,1,0.999924
3930,1,0.999924
3940,3,0.999924
3960,1,0.999924
3970,2,0.999924
3980,2,0.999925
3990,2,0.999925
4000,2,0.999925
4010,1,0.999925
4030,4,0.999926
4040,1,0.999926
4060,1,0.999926
4070,4,0.999926
4090,1,0.999926
4110,2,0.999927
4120,2,0.999927
4130,1,0.999927
4140,3,0.999927
4150,3,0.999927
4160,2,0.999928
4170,1,0.999928
4180,1,0.999928
4190,1,0.999928
4200,1,0.999928
4210,2,0.999928
4220,1,0.999928
4230,2,0.999929
4240,1,0.999929
4260,2,0.999929
4270,1,0.999929
4290,1,0.999929
4320,1,0.999929
4340,2,0.999929
4360,1,0.999930
4370,2,0.999930
4380,2,0.999930
4390,2,0.999930
4410,2,0.999930
4430,1,0.999931
4440,1,0.999931
4450,1,0.999931
4460,3,0.999931
4470,3,0.999931
4480,1,0.999931
4490,1,0.999932
4500,3,0.999932
4510,1,0.999932
4530,1,0.999932
4540,1,0.999932
4550,3,0.999933
4560,3,0.999933
4570,5,0.999933
4580,5,0.999934
4590,8,0.999935
4600,13,0.999936
4610,17,0.999938
4620,6,0.999939
4630,13,0.999940
4640,11,0.999941
4650,14,0.999943
4660,9,0.999943
4670,5,0.999944
4680,14,0.999945
4690,7,0.999946
4700,5,0.999947
4710,5,0.999947
4720,8,0.999948
4730,8,0.999949
4740,9,0.999950
4750,10,0.999951
4760,9,0.999952
4770,7,0.999953
4780,11,0.999954
4790,8,0.999955
4800,11,0.999956
4810,13,0.999957
4820,16,0.999959
4830,11,0.999960
4840,18,0.999962
4850,19,0.999964
4860,16,0.999966
4870,21,0.999968
4880,21,0.999970
4890,8,0.999971
4900,14,0.999972
4910,6,0.999973
4920,9,0.999974
4930,9,0.999975
4940,10,0.999976
4950,8,0.999977
4960,11,0.999978
4970,14,0.999979
4980,12,0.999981
4990,6,0.999981
5000,11,0.999982
5010,5,0.999983
5020,8,0.999984
5030,8,0.999985
5040,7,0.999985
5050,8,0.999986
5060,9,0.999987
5070,6,0.999988
5080,7,0.999989
5090,6,0.999989
5100,7,0.999990
5110,5,0.999990
5120,3,0.999991
5130,5,0.999991
5140,1,0.999991
5150,2,0.999992
5160,3,0.999992
5170,4,0.999992
5210,3,0.999993
5220,1,0.999993
5240,1,0.999993
5280,1,0.999993
5310,2,0.999993
5320,1,0.999993
5360,1,0.999993
5370,1,0.999994
5380,1,0.999994
5390,1,0.999994
5430,1,0.999994
5450,1,0.999994
5490,1,0.999994
5500,1,0.999994
5510,2,0.999994
5540,1,0.999994
5550,1,0.999995
5560,1,0.999995
5580,2,0.999995
5620,1,0.999995
5640,1,0.999995
5680,1,0.999995
5740,1,0.999995
5750,2,0.999995
5810,2,0.999996
5840,1,0.999996
5870,1,0.999996
5910,1,0.999996
5920,1,0.999996
5930,2,0.999996
5960,1,0.999996
5980,1,0.999997
5990,1,0.999997
6050,1,0.999997
6090,2,0.999997
6100,2,0.999997
6150,1,0.999997
6190,1,0.999997
6250,1,0.999997
6260,1,0.999998
6290,1,0.999998
6300,1,0.999998
6390,2,0.999998
6430,1,0.999998
6450,2,0.999998
6530,1,0.999998
6560,1,0.999999
6580,1,0.999999
6900,1,0.999999
6910,1,0.999999
7120,1,0.999999
7170,1,0.999999
7390,1,0.999999
7430,1,0.999999
7520,1,0.999999
7740,1,0.999999
7910,1,1.000000
7950,1,1.000000
7970,1,1.000000
9000,1,1.000000
9810,1,1.000000
