#latency,cnt,cdf
0,1357966,0.135830
10,314972,0.167335
20,81704,0.175507
30,27867,0.178294
40,12381,0.179533
50,24638,0.181997
60,48815,0.186880
70,54013,0.192282
80,56134,0.197897
90,45845,0.202483
100,50722,0.207556
110,75356,0.215094
120,66825,0.221778
130,66879,0.228467
140,56494,0.234118
150,50860,0.239205
160,66782,0.245885
170,78100,0.253697
180,97309,0.263430
190,84376,0.271870
200,70211,0.278893
210,65499,0.285444
220,79040,0.293350
230,90013,0.302354
240,76282,0.309984
250,70206,0.317006
260,69243,0.323932
270,68384,0.330772
280,67018,0.337476
290,65965,0.344074
300,65259,0.350601
310,65074,0.357110
320,64239,0.363536
330,63832,0.369920
340,62178,0.376140
350,62066,0.382348
360,60945,0.388444
370,60416,0.394487
380,60200,0.400508
390,58959,0.406406
400,57767,0.412184
410,56653,0.417850
420,56057,0.423458
430,55792,0.429038
440,54983,0.434538
450,54337,0.439973
460,53440,0.445318
470,52625,0.450582
480,52405,0.455824
490,51542,0.460979
500,50944,0.466075
510,50389,0.471115
520,49288,0.476045
530,48616,0.480908
540,48126,0.485721
550,47890,0.490512
560,47483,0.495261
570,46524,0.499915
580,46009,0.504517
590,45374,0.509055
600,45032,0.513559
610,44402,0.518001
620,43911,0.522393
630,43106,0.526704
640,43339,0.531039
650,42196,0.535260
660,41767,0.539438
670,41070,0.543546
680,40350,0.547582
690,40424,0.551625
700,39767,0.555603
710,39304,0.559534
720,39244,0.563460
730,38969,0.567357
740,38241,0.571182
750,37743,0.574958
760,37144,0.578673
770,37090,0.582383
780,36270,0.586011
790,36186,0.589630
800,35890,0.593220
810,35178,0.596739
820,34860,0.600226
830,34222,0.603649
840,33828,0.607032
850,33408,0.610374
860,33315,0.613706
870,32917,0.616999
880,32767,0.620276
890,32075,0.623484
900,32016,0.626687
910,31208,0.629808
920,31297,0.632939
930,30854,0.636025
940,30935,0.639119
950,30199,0.642140
960,30118,0.645152
970,30048,0.648158
980,29378,0.651096
990,29135,0.654011
1000,28926,0.656904
1010,28536,0.659758
1020,28356,0.662595
1030,27925,0.665388
1040,27968,0.668185
1050,27514,0.670937
1060,27207,0.673659
1070,26834,0.676343
1080,26521,0.678995
1090,26134,0.681609
1100,26182,0.684228
1110,25810,0.686810
1120,25323,0.689343
1130,25117,0.691855
1140,25173,0.694373
1150,25348,0.696908
1160,24501,0.699359
1170,24511,0.701811
1180,24222,0.704234
1190,24152,0.706649
1200,23543,0.709004
1210,23607,0.711366
1220,23057,0.713672
1230,23201,0.715993
1240,22901,0.718283
1250,22833,0.720567
1260,22406,0.722808
1270,22642,0.725073
1280,21926,0.727266
1290,21840,0.729451
1300,21719,0.731623
1310,21473,0.733771
1320,21315,0.735903
1330,21142,0.738018
1340,20935,0.740112
1350,20722,0.742184
1360,20409,0.744226
1370,20321,0.746258
1380,20112,0.748270
1390,20085,0.750279
1400,19455,0.752225
1410,19520,0.754177
1420,19322,0.756110
1430,18881,0.757999
1440,18749,0.759874
1450,18823,0.761757
1460,18523,0.763610
1470,18260,0.765436
1480,18200,0.767256
1490,17932,0.769050
1500,18062,0.770857
1510,17723,0.772629
1520,17546,0.774384
1530,17183,0.776103
1540,16966,0.777800
1550,17099,0.779510
1560,16719,0.781183
1570,16690,0.782852
1580,16529,0.784506
1590,16409,0.786147
1600,16068,0.787754
1610,15849,0.789339
1620,15680,0.790908
1630,15555,0.792464
1640,15488,0.794013
1650,15177,0.795531
1660,15078,0.797039
1670,15093,0.798549
1680,14929,0.800042
1690,14750,0.801517
1700,14724,0.802990
1710,14490,0.804439
1720,14355,0.805875
1730,14235,0.807299
1740,14057,0.808705
1750,13841,0.810090
1760,13915,0.811481
1770,13600,0.812842
1780,13613,0.814203
1790,13509,0.815555
1800,13351,0.816890
1810,13108,0.818201
1820,13139,0.819515
1830,12837,0.820799
1840,13076,0.822107
1850,12717,0.823379
1860,12718,0.824651
1870,12483,0.825900
1880,12258,0.827126
1890,12251,0.828351
1900,12072,0.829559
1910,12203,0.830780
1920,11996,0.831980
1930,12128,0.833193
1940,11874,0.834380
1950,11553,0.835536
1960,11467,0.836683
1970,11531,0.837836
1980,11430,0.838979
1990,11245,0.840104
2000,11051,0.841210
2010,11165,0.842326
2020,10989,0.843426
2030,10982,0.844524
2040,10660,0.845590
2050,10599,0.846650
2060,10535,0.847704
2070,10630,0.848767
2080,10581,0.849826
2090,10345,0.850861
2100,10099,0.851871
2110,10285,0.852899
2120,10258,0.853926
2130,9983,0.854924
2140,9943,0.855919
2150,9855,0.856904
2160,9806,0.857885
2170,9873,0.858873
2180,9592,0.859832
2190,9352,0.860768
2200,9419,0.861710
2210,9317,0.862642
2220,8997,0.863542
2230,9253,0.864467
2240,9156,0.865383
2250,9030,0.866286
2260,8841,0.867170
2270,8921,0.868063
2280,8727,0.868936
2290,8710,0.869807
2300,8564,0.870664
2310,8433,0.871507
2320,8571,0.872364
2330,8398,0.873204
2340,8209,0.874025
2350,8158,0.874841
2360,8292,0.875671
2370,8226,0.876494
2380,8029,0.877297
2390,8053,0.878102
2400,7946,0.878897
2410,7898,0.879687
2420,7827,0.880470
2430,7587,0.881229
2440,7698,0.881999
2450,7789,0.882778
2460,7441,0.883522
2470,7550,0.884277
2480,7533,0.885031
2490,7441,0.885775
2500,7237,0.886499
2510,7324,0.887232
2520,7230,0.887955
2530,7084,0.888663
2540,7061,0.889370
2550,7139,0.890084
2560,7051,0.890789
2570,6896,0.891479
2580,6993,0.892178
2590,6850,0.892863
2600,6748,0.893538
2610,6811,0.894220
2620,6574,0.894877
2630,6571,0.895534
2640,6666,0.896201
2650,6416,0.896843
2660,6415,0.897485
2670,6404,0.898125
2680,6385,0.898764
2690,6231,0.899387
2700,6227,0.900010
2710,6290,0.900639
2720,6187,0.901258
2730,6186,0.901877
2740,6094,0.902486
2750,5957,0.903082
2760,6082,0.903690
2770,5899,0.904280
2780,5986,0.904879
2790,5793,0.905459
2800,5898,0.906049
2810,5717,0.906620
2820,5660,0.907187
2830,5630,0.907750
2840,5682,0.908318
2850,5637,0.908882
2860,5606,0.909443
2870,5434,0.909986
2880,5490,0.910535
2890,5331,0.911068
2900,5223,0.911591
2910,5305,0.912121
2920,5296,0.912651
2930,5091,0.913160
2940,5265,0.913687
2950,5224,0.914210
2960,5146,0.914724
2970,5087,0.915233
2980,4960,0.915729
2990,4994,0.916229
3000,4964,0.916725
3010,4997,0.917225
3020,4823,0.917708
3030,4925,0.918200
3040,4823,0.918683
3050,4760,0.919159
3060,4930,0.919652
3070,4639,0.920116
3080,4588,0.920575
3090,4600,0.921035
3100,4578,0.921493
3110,4632,0.921956
3120,4569,0.922413
3130,4378,0.922851
3140,4519,0.923303
3150,4385,0.923742
3160,4458,0.924188
3170,4297,0.924617
3180,4293,0.925047
3190,4253,0.925472
3200,4179,0.925890
3210,4214,0.926312
3220,4206,0.926732
3230,4200,0.927152
3240,4179,0.927570
3250,4158,0.927986
3260,4115,0.928398
3270,4111,0.928809
3280,3978,0.929207
3290,3900,0.929597
3300,3929,0.929990
3310,4073,0.930398
3320,3812,0.930779
3330,3892,0.931168
3340,3836,0.931552
3350,3760,0.931928
3360,3736,0.932302
3370,3692,0.932671
3380,3748,0.933046
3390,3803,0.933426
3400,3750,0.933801
3410,3698,0.934171
3420,3653,0.934537
3430,3678,0.934904
3440,3656,0.935270
3450,3454,0.935616
3460,3526,0.935968
3470,3431,0.936311
3480,3481,0.936660
3490,3488,0.937009
3500,3423,0.937351
3510,3455,0.937697
3520,3450,0.938042
3530,3383,0.938380
3540,3436,0.938724
3550,3394,0.939063
3560,3361,0.939399
3570,3288,0.939728
3580,3292,0.940058
3590,3189,0.940376
3600,3187,0.940695
3610,3183,0.941014
3620,3128,0.941326
3630,3146,0.941641
3640,3117,0.941953
3650,2958,0.942249
3660,3135,0.942562
3670,3000,0.942863
3680,3076,0.943170
3690,2996,0.943470
3700,3000,0.943770
3710,2951,0.944065
3720,2918,0.944357
3730,2985,0.944656
3740,3013,0.944957
3750,2935,0.945250
3760,2853,0.945536
3770,2846,0.945821
3780,2938,0.946114
3790,2965,0.946411
3800,2825,0.946694
3810,2770,0.946971
3820,2753,0.947246
3830,2812,0.947527
3840,2792,0.947806
3850,2744,0.948081
3860,2723,0.948353
3870,2749,0.948628
3880,2743,0.948903
3890,2677,0.949170
3900,2644,0.949435
3910,2701,0.949705
3920,2606,0.949966
3930,2691,0.950235
3940,2679,0.950503
3950,2630,0.950766
3960,2566,0.951023
3970,2630,0.951286
3980,2537,0.951539
3990,2525,0.951792
4000,2479,0.952040
4010,2469,0.952287
4020,2450,0.952532
4030,2474,0.952779
4040,2488,0.953028
4050,2458,0.953274
4060,2490,0.953523
4070,2516,0.953775
4080,2456,0.954021
4090,2421,0.954263
4100,2397,0.954502
4110,2348,0.954737
4120,2386,0.954976
4130,2342,0.955210
4140,2307,0.955441
4150,2314,0.955672
4160,2299,0.955902
4170,2311,0.956134
4180,2306,0.956364
4190,2293,0.956594
4200,2280,0.956822
4210,2308,0.957052
4220,2237,0.957276
4230,2290,0.957505
4240,2235,0.957729
4250,2245,0.957953
4260,2221,0.958176
4270,2130,0.958389
4280,2327,0.958621
4290,2204,0.958842
4300,2132,0.959055
4310,2230,0.959278
4320,2155,0.959494
4330,2211,0.959715
4340,2294,0.959944
4350,2230,0.960167
4360,2189,0.960386
4370,2112,0.960598
4380,2127,0.960810
4390,2144,0.961025
4400,2224,0.961247
4410,2075,0.961455
4420,2166,0.961671
4430,2120,0.961883
4440,2076,0.962091
4450,2111,0.962302
4460,2115,0.962514
4470,2160,0.962730
4480,2140,0.962944
4490,2102,0.963154
4500,2019,0.963356
4510,2027,0.963559
4520,2003,0.963759
4530,2050,0.963964
4540,1903,0.964155
4550,1967,0.964351
4560,1929,0.964544
4570,2046,0.964749
4580,1961,0.964945
4590,1950,0.965140
4600,1972,0.965337
4610,1943,0.965532
4620,1872,0.965719
4630,1929,0.965912
4640,1964,0.966108
4650,1931,0.966302
4660,1945,0.966496
4670,1820,0.966678
4680,1928,0.966871
4690,1836,0.967055
4700,1886,0.967243
4710,1878,0.967431
4720,1851,0.967616
4730,1833,0.967800
4740,1847,0.967984
4750,1851,0.968169
4760,1856,0.968355
4770,1795,0.968535
4780,1746,0.968709
4790,1814,0.968891
4800,1755,0.969066
4810,1800,0.969246
4820,1804,0.969427
4830,1738,0.969601
4840,1735,0.969774
4850,1714,0.969946
4860,1828,0.970128
4870,1774,0.970306
4880,1777,0.970484
4890,1692,0.970653
4900,1778,0.970831
4910,1741,0.971005
4920,1701,0.971175
4930,1701,0.971345
4940,1665,0.971512
4950,1699,0.971682
4960,1681,0.971850
4970,1696,0.972019
4980,1608,0.972180
4990,1660,0.972346
5000,1628,0.972509
5010,1599,0.972669
5020,1634,0.972833
5030,1685,0.973001
5040,1595,0.973161
5050,1551,0.973316
5060,1666,0.973482
5070,1641,0.973646
5080,1611,0.973808
5090,1534,0.973961
5100,1595,0.974121
5110,1568,0.974277
5120,1582,0.974436
5130,1574,0.974593
5140,1559,0.974749
5150,1542,0.974903
5160,1504,0.975054
5170,1485,0.975202
5180,1566,0.975359
5190,1566,0.975516
5200,1565,0.975672
5210,1553,0.975827
5220,1426,0.975970
5230,1493,0.976119
5240,1496,0.976269
5250,1464,0.976415
5260,1434,0.976559
5270,1459,0.976705
5280,1459,0.976851
5290,1436,0.976994
5300,1463,0.977141
5310,1479,0.977289
5320,1397,0.977428
5330,1415,0.977570
5340,1442,0.977714
5350,1386,0.977853
5360,1375,0.977990
5370,1406,0.978131
5380,1456,0.978277
5390,1381,0.978415
5400,1395,0.978554
5410,1344,0.978689
5420,1381,0.978827
5430,1414,0.978968
5440,1409,0.979109
5450,1433,0.979253
5460,1367,0.979389
5470,1352,0.979524
5480,1369,0.979661
5490,1359,0.979797
5500,1337,0.979931
5510,1369,0.980068
5520,1309,0.980199
5530,1283,0.980327
5540,1332,0.980461
5550,1288,0.980589
5560,1275,0.980717
5570,1279,0.980845
5580,1320,0.980977
5590,1202,0.981097
5600,1269,0.981224
5610,1274,0.981351
5620,1228,0.981474
5630,1223,0.981597
5640,1234,0.981720
5650,1238,0.981844
5660,1229,0.981967
5670,1272,0.982094
5680,1210,0.982215
5690,1264,0.982342
5700,1237,0.982465
5710,1186,0.982584
5720,1199,0.982704
5730,1170,0.982821
5740,1204,0.982941
5750,1199,0.983061
5760,1174,0.983179
5770,1111,0.983290
5780,1157,0.983405
5790,1151,0.983521
5800,1066,0.983627
5810,1192,0.983746
5820,1162,0.983863
5830,1143,0.983977
5840,1182,0.984095
5850,1080,0.984203
5860,1103,0.984314
5870,1025,0.984416
5880,1056,0.984522
5890,1069,0.984629
5900,1050,0.984734
5910,1109,0.984845
5920,1115,0.984956
5930,1065,0.985063
5940,1012,0.985164
5950,1032,0.985267
5960,1045,0.985372
5970,1043,0.985476
5980,979,0.985574
5990,1027,0.985677
6000,989,0.985776
6010,1049,0.985880
6020,980,0.985978
6030,1022,0.986081
6040,975,0.986178
6050,984,0.986277
6060,960,0.986373
6070,937,0.986466
6080,977,0.986564
6090,925,0.986657
6100,938,0.986750
6110,929,0.986843
6120,944,0.986938
6130,974,0.987035
6140,895,0.987125
6150,926,0.987217
6160,926,0.987310
6170,873,0.987397
6180,843,0.987482
6190,897,0.987571
6200,917,0.987663
6210,837,0.987747
6220,891,0.987836
6230,884,0.987924
6240,869,0.988011
6250,907,0.988102
6260,850,0.988187
6270,860,0.988273
6280,880,0.988361
6290,837,0.988445
6300,802,0.988525
6310,832,0.988608
6320,799,0.988688
6330,822,0.988770
6340,811,0.988851
6350,811,0.988933
6360,846,0.989017
6370,821,0.989099
6380,862,0.989186
6390,782,0.989264
6400,771,0.989341
6410,797,0.989421
6420,767,0.989497
6430,761,0.989573
6440,776,0.989651
6450,750,0.989726
6460,770,0.989803
6470,716,0.989875
6480,736,0.989948
6490,722,0.990021
6500,782,0.990099
6510,761,0.990175
6520,681,0.990243
6530,715,0.990315
6540,734,0.990388
6550,698,0.990458
6560,661,0.990524
6570,734,0.990597
6580,691,0.990666
6590,672,0.990734
6600,677,0.990801
6610,689,0.990870
6620,659,0.990936
6630,641,0.991000
6640,661,0.991066
6650,690,0.991135
6660,611,0.991197
6670,655,0.991262
6680,702,0.991332
6690,622,0.991395
6700,686,0.991463
6710,626,0.991526
6720,638,0.991590
6730,632,0.991653
6740,633,0.991716
6750,606,0.991777
6760,639,0.991841
6770,625,0.991903
6780,581,0.991961
6790,594,0.992021
6800,579,0.992079
6810,581,0.992137
6820,655,0.992202
6830,595,0.992262
6840,604,0.992322
6850,595,0.992382
6860,608,0.992442
6870,561,0.992499
6880,569,0.992555
6890,617,0.992617
6900,550,0.992672
6910,566,0.992729
6920,546,0.992783
6930,552,0.992839
6940,541,0.992893
6950,551,0.992948
6960,549,0.993003
6970,563,0.993059
6980,523,0.993111
6990,551,0.993167
7000,540,0.993221
7010,517,0.993272
7020,500,0.993322
7030,542,0.993376
7040,547,0.993431
7050,552,0.993486
7060,484,0.993535
7070,512,0.993586
7080,541,0.993640
7090,538,0.993694
7100,494,0.993743
7110,482,0.993792
7120,492,0.993841
7130,471,0.993888
7140,536,0.993942
7150,512,0.993993
7160,498,0.994043
7170,488,0.994091
7180,490,0.994140
7190,488,0.994189
7200,480,0.994237
7210,528,0.994290
7220,495,0.994340
7230,490,0.994389
7240,432,0.994432
7250,485,0.994480
7260,467,0.994527
7270,459,0.994573
7280,411,0.994614
7290,459,0.994660
7300,438,0.994704
7310,425,0.994746
7320,443,0.994791
7330,455,0.994836
7340,428,0.994879
7350,439,0.994923
7360,445,0.994967
7370,429,0.995010
7380,410,0.995051
7390,401,0.995091
7400,426,0.995134
7410,426,0.995177
7420,408,0.995217
7430,431,0.995260
7440,414,0.995302
7450,406,0.995342
7460,382,0.995381
7470,381,0.995419
7480,376,0.995456
7490,399,0.995496
7500,388,0.995535
7510,354,0.995571
7520,394,0.995610
7530,370,0.995647
7540,387,0.995686
7550,361,0.995722
7560,342,0.995756
7570,384,0.995794
7580,348,0.995829
7590,342,0.995863
7600,333,0.995897
7610,380,0.995935
7620,387,0.995973
7630,336,0.996007
7640,366,0.996044
7650,384,0.996082
7660,388,0.996121
7670,385,0.996159
7680,353,0.996195
7690,331,0.996228
7700,334,0.996261
7710,339,0.996295
7720,380,0.996333
7730,318,0.996365
7740,340,0.996399
7750,314,0.996430
7760,302,0.996461
7770,325,0.996493
7780,293,0.996522
7790,302,0.996553
7800,337,0.996586
7810,337,0.996620
7820,317,0.996652
7830,293,0.996681
7840,314,0.996712
7850,299,0.996742
7860,295,0.996772
7870,337,0.996806
7880,301,0.996836
7890,286,0.996864
7900,280,0.996892
7910,291,0.996921
7920,239,0.996945
7930,290,0.996974
7940,332,0.997007
7950,294,0.997037
7960,283,0.997065
7970,272,0.997092
7980,238,0.997116
7990,260,0.997142
8000,263,0.997168
8010,267,0.997195
8020,259,0.997221
8030,266,0.997248
8040,277,0.997275
8050,251,0.997301
8060,240,0.997325
8070,245,0.997349
8080,260,0.997375
8090,238,0.997399
8100,225,0.997421
8110,279,0.997449
8120,233,0.997473
8130,218,0.997494
8140,232,0.997518
8150,250,0.997543
8160,242,0.997567
8170,247,0.997591
8180,254,0.997617
8190,229,0.997640
8200,204,0.997660
8210,214,0.997682
8220,243,0.997706
8230,201,0.997726
8240,214,0.997747
8250,220,0.997769
8260,234,0.997793
8270,220,0.997815
8280,210,0.997836
8290,207,0.997857
8300,213,0.997878
8310,195,0.997897
8320,184,0.997916
8330,186,0.997934
8340,189,0.997953
8350,190,0.997972
8360,185,0.997991
8370,179,0.998009
8380,197,0.998028
8390,155,0.998044
8400,190,0.998063
8410,191,0.998082
8420,175,0.998100
8430,198,0.998119
8440,165,0.998136
8450,175,0.998153
8460,170,0.998170
8470,192,0.998190
8480,159,0.998205
8490,165,0.998222
8500,160,0.998238
8510,168,0.998255
8520,178,0.998273
8530,149,0.998287
8540,154,0.998303
8550,156,0.998318
8560,167,0.998335
8570,164,0.998352
8580,154,0.998367
8590,139,0.998381
8600,140,0.998395
8610,148,0.998410
8620,157,0.998425
8630,135,0.998439
8640,156,0.998455
8650,145,0.998469
8660,141,0.998483
8670,131,0.998496
8680,142,0.998510
8690,124,0.998523
8700,136,0.998536
8710,150,0.998551
8720,134,0.998565
8730,145,0.998579
8740,126,0.998592
8750,139,0.998606
8760,136,0.998619
8770,129,0.998632
8780,132,0.998646
8790,108,0.998656
8800,119,0.998668
8810,125,0.998681
8820,141,0.998695
8830,116,0.998706
8840,123,0.998719
8850,113,0.998730
8860,107,0.998741
8870,126,0.998753
8880,101,0.998764
8890,120,0.998775
8900,128,0.998788
8910,112,0.998800
8920,121,0.998812
8930,116,0.998823
8940,116,0.998835
8950,120,0.998847
8960,101,0.998857
8970,102,0.998867
8980,98,0.998877
8990,103,0.998887
9000,101,0.998897
9010,94,0.998907
9020,111,0.998918
9030,106,0.998928
9040,100,0.998938
9050,106,0.998949
9060,105,0.998960
9070,98,0.998969
9080,122,0.998982
9090,111,0.998993
9100,98,0.999002
9110,89,0.999011
9120,102,0.999022
9130,87,0.999030
9140,92,0.999039
9150,108,0.999050
9160,81,0.999058
9170,79,0.999066
9180,77,0.999074
9190,89,0.999083
9200,75,0.999090
9210,91,0.999099
9220,70,0.999106
9230,97,0.999116
9240,75,0.999124
9250,91,0.999133
9260,93,0.999142
9270,80,0.999150
9280,94,0.999160
9290,72,0.999167
9300,77,0.999174
9310,76,0.999182
9320,80,0.999190
9330,80,0.999198
9340,66,0.999205
9350,61,0.999211
9360,74,0.999218
9370,73,0.999225
9380,66,0.999232
9390,63,0.999238
9400,54,0.999244
9410,56,0.999249
9420,80,0.999257
9430,82,0.999265
9440,70,0.999273
9450,65,0.999279
9460,64,0.999285
9470,68,0.999292
9480,75,0.999300
9490,58,0.999306
9500,55,0.999311
9510,67,0.999318
9520,81,0.999326
9530,54,0.999331
9540,57,0.999337
9550,46,0.999342
9560,58,0.999347
9570,54,0.999353
9580,51,0.999358
9590,60,0.999364
9600,67,0.999371
9610,69,0.999377
9620,59,0.999383
9630,59,0.999389
9640,49,0.999394
9650,57,0.999400
9660,61,0.999406
9670,66,0.999413
9680,65,0.999419
9690,67,0.999426
9700,48,0.999431
9710,67,0.999437
9720,60,0.999443
9730,58,0.999449
9740,53,0.999454
9750,56,0.999460
9760,66,0.999467
9770,47,0.999471
9780,40,0.999475
9790,45,0.999480
9800,55,0.999485
9810,47,0.999490
9820,45,0.999494
9830,52,0.999500
9840,70,0.999507
9850,55,0.999512
9860,43,0.999516
9870,61,0.999523
9880,56,0.999528
9890,33,0.999532
9900,43,0.999536
9910,47,0.999541
9920,39,0.999544
9930,42,0.999549
9940,40,0.999553
9950,53,0.999558
9960,56,0.999564
9970,53,0.999569
9980,51,0.999574
9990,39,0.999578
10000,46,0.999582
10010,41,0.999587
10020,38,0.999590
10030,44,0.999595
10040,35,0.999598
10050,36,0.999602
10060,47,0.999606
10070,45,0.999611
10080,36,0.999615
10090,37,0.999618
10100,45,0.999623
10110,42,0.999627
10120,37,0.999631
10130,38,0.999635
10140,37,0.999638
10150,36,0.999642
10160,37,0.999646
10170,42,0.999650
10180,44,0.999654
10190,44,0.999659
10200,37,0.999662
10210,40,0.999666
10220,36,0.999670
10230,32,0.999673
10240,23,0.999675
10250,35,0.999679
10260,34,0.999682
10270,45,0.999687
10280,32,0.999690
10290,37,0.999694
10300,29,0.999697
10310,35,0.999700
10320,30,0.999703
10330,27,0.999706
10340,36,0.999709
10350,29,0.999712
10360,44,0.999717
10370,32,0.999720
10380,29,0.999723
10390,37,0.999726
10400,27,0.999729
10410,28,0.999732
10420,41,0.999736
10430,37,0.999740
10440,44,0.999744
10450,25,0.999747
10460,34,0.999750
10470,28,0.999753
10480,23,0.999755
10490,35,0.999759
10500,24,0.999761
10510,23,0.999763
10520,29,0.999766
10530,36,0.999770
10540,22,0.999772
10550,24,0.999774
10560,28,0.999777
10570,27,0.999780
10580,43,0.999784
10590,23,0.999787
10600,24,0.999789
10610,41,0.999793
10620,22,0.999795
10630,29,0.999798
10640,32,0.999801
10650,30,0.999804
10660,19,0.999806
10670,22,0.999808
10680,26,0.999811
10690,29,0.999814
10700,27,0.999817
10710,15,0.999818
10720,27,0.999821
10730,29,0.999824
10740,21,0.999826
10750,12,0.999827
10760,21,0.999829
10770,33,0.999832
10780,28,0.999835
10790,18,0.999837
10800,30,0.999840
10810,25,0.999843
10820,22,0.999845
10830,30,0.999848
10840,37,0.999851
10850,24,0.999854
10860,30,0.999857
10870,26,0.999859
10880,24,0.999862
10890,25,0.999864
10900,32,0.999868
10910,26,0.999870
10920,17,0.999872
10930,27,0.999875
10940,22,0.999877
10950,13,0.999878
10960,17,0.999880
10970,25,0.999882
10980,26,0.999885
10990,30,0.999888
11000,25,0.999890
11010,10,0.999891
11020,22,0.999894
11030,24,0.999896
11040,23,0.999898
11050,27,0.999901
11060,18,0.999903
11070,21,0.999905
11080,19,0.999907
11090,23,0.999909
11100,17,0.999911
11110,16,0.999912
11120,20,0.999914
11130,21,0.999916
11140,33,0.999920
11150,18,0.999922
11160,18,0.999923
11170,20,0.999925
11180,19,0.999927
11190,23,0.999930
11200,23,0.999932
11210,22,0.999934
11220,32,0.999937
11230,27,0.999940
11240,14,0.999941
11250,24,0.999944
11260,21,0.999946
11270,23,0.999948
11280,12,0.999949
11290,20,0.999951
11300,21,0.999954
11310,16,0.999955
11320,10,0.999956
11330,12,0.999957
11340,23,0.999960
11350,23,0.999962
11360,17,0.999964
11370,15,0.999965
11380,14,0.999967
11390,22,0.999969
11400,13,0.999970
11410,21,0.999972
11420,18,0.999974
11430,25,0.999976
11440,20,0.999978
11450,19,0.999980
11460,15,0.999982
11470,11,0.999983
11480,16,0.999985
11490,17,0.999986
11500,17,0.999988
11510,23,0.999990
11520,11,0.999991
11530,12,0.999992
11540,15,0.999994
11550,18,0.999996
11560,21,0.999998
11570,22,1.000000
11580,14,1.000002
11590,19,1.000003
11600,16,1.000005
11610,16,1.000007
11620,19,1.000008
11630,21,1.000011
11640,17,1.000012
11650,16,1.000014
11660,21,1.000016
11670,7,1.000017
11680,26,1.000019
11690,13,1.000021
11700,13,1.000022
11710,26,1.000025
11720,20,1.000026
11730,12,1.000028
11740,15,1.000029
11750,17,1.000031
11760,12,1.000032
11770,9,1.000033
11780,14,1.000034
11790,16,1.000036
11800,18,1.000038
11810,21,1.000040
11820,21,1.000042
11830,13,1.000043
11840,13,1.000045
11850,12,1.000046
11860,15,1.000047
11870,16,1.000049
11880,16,1.000051
11890,12,1.000052
11900,18,1.000054
11910,22,1.000056
11920,14,1.000057
11930,16,1.000059
11940,9,1.000060
11950,12,1.000061
11960,11,1.000062
11970,13,1.000063
11980,8,1.000064
11990,8,1.000065
12000,12,1.000066
12010,14,1.000067
12020,9,1.000068
12030,19,1.000070
12040,20,1.000072
12050,12,1.000073
12060,9,1.000074
12070,15,1.000076
12080,7,1.000077
12090,11,1.000078
12100,12,1.000079
12110,14,1.000080
12120,14,1.000082
12130,14,1.000083
12140,18,1.000085
12150,13,1.000086
12160,7,1.000087
12170,10,1.000088
12180,14,1.000089
12190,12,1.000090
12200,10,1.000091
12210,8,1.000092
12220,15,1.000094
12230,9,1.000095
12240,8,1.000095
12250,10,1.000096
12260,9,1.000097
12270,18,1.000099
12280,13,1.000100
12290,17,1.000102
12300,8,1.000103
12310,10,1.000104
12320,12,1.000105
12330,18,1.000107
12340,7,1.000108
12350,11,1.000109
12360,12,1.000110
12370,14,1.000111
12380,16,1.000113
12390,14,1.000114
12400,15,1.000116
12410,12,1.000117
12420,11,1.000118
12430,7,1.000119
12440,15,1.000120
12450,10,1.000121
12460,7,1.000122
12470,17,1.000124
12480,12,1.000125
12490,11,1.000126
12500,10,1.000127
12510,3,1.000127
12520,10,1.000128
12530,9,1.000129
12540,9,1.000130
12550,9,1.000131
12560,13,1.000132
12570,7,1.000133
12580,12,1.000134
12590,8,1.000135
12600,10,1.000136
12610,11,1.000137
12620,8,1.000138
12630,11,1.000139
12640,10,1.000140
12650,6,1.000141
12660,7,1.000141
12670,6,1.000142
12680,14,1.000143
12690,8,1.000144
12700,8,1.000145
12710,7,1.000146
12720,15,1.000147
12730,10,1.000148
12740,9,1.000149
12750,5,1.000149
12760,6,1.000150
12770,7,1.000151
12780,10,1.000152
12790,14,1.000153
12800,7,1.000154
12810,8,1.000155
12820,13,1.000156
12830,6,1.000157
12840,2,1.000157
12850,6,1.000157
12860,8,1.000158
12870,6,1.000159
12880,8,1.000160
12890,6,1.000160
12900,8,1.000161
12910,5,1.000162
12920,5,1.000162
12930,7,1.000163
12940,11,1.000164
12950,5,1.000164
12960,8,1.000165
12970,10,1.000166
12980,6,1.000167
12990,2,1.000167
13000,6,1.000167
13010,7,1.000168
13020,6,1.000169
13030,6,1.000169
13040,15,1.000171
13050,3,1.000171
13060,8,1.000172
13070,7,1.000173
13080,9,1.000174
13090,11,1.000175
13100,2,1.000175
13110,7,1.000176
13120,9,1.000177
13130,4,1.000177
13140,8,1.000178
13150,5,1.000178
13160,8,1.000179
13170,6,1.000180
13180,8,1.000180
13190,9,1.000181
13200,6,1.000182
13210,4,1.000182
13220,6,1.000183
13230,6,1.000184
13240,7,1.000184
13250,7,1.000185
13260,5,1.000185
13270,4,1.000186
13280,3,1.000186
13290,8,1.000187
13300,1,1.000187
13310,6,1.000188
13320,2,1.000188
13330,7,1.000189
13340,3,1.000189
13350,9,1.000190
13360,1,1.000190
13370,7,1.000190
13380,8,1.000191
13390,7,1.000192
13400,3,1.000192
13410,5,1.000193
13420,11,1.000194
13430,6,1.000195
13440,9,1.000196
13450,4,1.000196
13460,7,1.000197
13470,4,1.000197
13480,5,1.000197
13490,4,1.000198
13500,6,1.000198
13510,2,1.000199
13520,7,1.000199
13530,3,1.000200
13540,2,1.000200
13550,4,1.000200
13560,4,1.000201
13570,7,1.000201
13580,2,1.000202
13590,5,1.000202
13600,3,1.000202
13610,6,1.000203
13620,3,1.000203
13630,7,1.000204
13640,2,1.000204
13650,3,1.000204
13660,4,1.000205
13670,2,1.000205
13680,4,1.000205
13690,3,1.000206
13700,3,1.000206
13710,5,1.000207
13720,6,1.000207
13730,3,1.000207
13740,2,1.000208
13750,1,1.000208
13760,2,1.000208
13770,4,1.000208
13780,5,1.000209
13790,5,1.000209
13800,4,1.000210
13810,4,1.000210
13820,4,1.000211
13830,4,1.000211
13840,4,1.000211
13850,2,1.000212
13860,7,1.000212
13870,1,1.000212
13880,1,1.000212
13890,4,1.000213
13900,7,1.000214
13910,2,1.000214
13920,2,1.000214
13930,4,1.000214
13940,1,1.000214
13950,1,1.000215
13960,2,1.000215
13970,3,1.000215
13980,3,1.000215
13990,1,1.000215
14010,4,1.000216
14020,3,1.000216
14030,4,1.000217
14040,5,1.000217
14050,5,1.000218
14060,3,1.000218
14070,4,1.000218
14080,2,1.000219
14090,4,1.000219
14100,2,1.000219
14110,3,1.000219
14120,2,1.000220
14130,3,1.000220
14140,4,1.000220
14150,5,1.000221
14160,2,1.000221
14170,1,1.000221
14180,1,1.000221
14190,4,1.000222
14210,1,1.000222
14220,2,1.000222
14230,2,1.000222
14250,2,1.000222
14270,2,1.000222
14280,3,1.000223
14290,2,1.000223
14300,3,1.000223
14310,3,1.000224
14320,1,1.000224
14330,2,1.000224
14340,3,1.000224
14350,1,1.000224
14360,3,1.000225
14370,2,1.000225
14380,1,1.000225
14390,2,1.000225
14400,2,1.000225
14410,2,1.000225
14420,2,1.000226
14430,2,1.000226
14440,1,1.000226
14450,2,1.000226
14480,2,1.000226
14490,1,1.000226
14500,3,1.000227
14510,2,1.000227
14540,1,1.000227
14550,2,1.000227
14580,1,1.000227
14590,1,1.000227
14600,1,1.000228
14610,1,1.000228
14620,1,1.000228
14640,2,1.000228
14650,3,1.000228
14660,2,1.000228
14680,2,1.000229
14690,3,1.000229
14710,4,1.000229
14720,2,1.000230
14730,1,1.000230
14750,2,1.000230
14760,1,1.000230
14770,2,1.000230
14780,2,1.000230
14800,2,1.000231
14810,3,1.000231
14820,1,1.000231
14840,5,1.000232
14850,1,1.000232
14860,1,1.000232
14870,1,1.000232
14880,1,1.000232
14890,1,1.000232
14900,1,1.000232
14910,3,1.000232
14920,1,1.000232
14930,2,1.000233
14940,1,1.000233
14950,1,1.000233
14960,1,1.000233
14980,1,1.000233
14990,2,1.000233
15000,1,1.000233
15010,2,1.000234
15020,1,1.000234
15030,2,1.000234
15040,3,1.000234
15050,2,1.000234
15060,2,1.000235
15070,1,1.000235
15080,3,1.000235
15090,1,1.000235
15100,1,1.000235
15120,1,1.000235
15160,1,1.000235
15170,1,1.000235
15190,1,1.000236
15210,1,1.000236
15240,1,1.000236
15250,1,1.000236
15260,1,1.000236
15270,1,1.000236
15290,1,1.000236
15330,3,1.000237
15340,1,1.000237
15370,1,1.000237
15380,2,1.000237
15390,1,1.000237
15430,1,1.000237
15440,2,1.000237
15450,2,1.000237
15470,2,1.000238
15490,2,1.000238
15510,1,1.000238
15520,1,1.000238
15530,1,1.000238
15560,2,1.000238
15580,2,1.000239
15590,2,1.000239
15600,1,1.000239
15640,1,1.000239
15680,1,1.000239
15690,3,1.000239
15740,1,1.000239
15750,2,1.000240
15790,1,1.000240
15840,1,1.000240
15880,1,1.000240
15890,1,1.000240
15910,1,1.000240
15920,1,1.000240
15940,1,1.000240
15950,1,1.000240
16000,1,1.000241
16030,1,1.000241
16080,1,1.000241
16120,2,1.000241
16200,1,1.000241
16250,1,1.000241
16260,1,1.000241
16270,1,1.000241
16290,1,1.000242
16300,2,1.000242
16320,1,1.000242
16460,1,1.000242
16560,1,1.000242
16620,1,1.000242
16730,2,1.000242
16800,1,1.000242
16810,1,1.000242
16870,1,1.000243
17160,1,1.000243
17170,1,1.000243
17380,1,1.000243
17490,1,1.000243
17990,1,1.000243
19090,1,1.000243
19240,1,1.000243
19880,1,1.000243
20170,1,1.000243
20190,1,1.000244
