#latency,cnt,cdf
0,21,0.000002
20,1402,0.000142
30,166614,0.016804
40,1274,0.016931
50,14590,0.018390
60,1697933,0.188183
70,45467,0.192730
80,1522173,0.344947
90,14844,0.346432
100,309407,0.377373
110,825338,0.459906
120,740252,0.533931
130,416228,0.575554
140,26915,0.578246
150,605066,0.638752
160,16161,0.640369
170,883318,0.728700
180,378558,0.766556
190,1087030,0.875259
200,521106,0.927370
210,84957,0.935865
220,54042,0.941270
230,16534,0.942923
240,294137,0.972337
250,12371,0.973574
260,62579,0.979832
270,20273,0.981859
280,31610,0.985020
290,10251,0.986045
300,38264,0.989872
310,29367,0.992808
320,5295,0.993338
330,36968,0.997034
340,790,0.997114
350,1404,0.997254
360,2883,0.997542
370,485,0.997591
380,15092,0.999100
390,2866,0.999386
400,64,0.999393
410,45,0.999397
420,60,0.999403
430,235,0.999427
440,37,0.999431
450,37,0.999434
460,27,0.999437
470,24,0.999439
480,37,0.999443
490,23,0.999445
500,28,0.999448
510,35,0.999452
520,30,0.999455
530,21,0.999457
540,34,0.999460
550,32,0.999463
560,31,0.999466
570,32,0.999470
580,33,0.999473
590,51,0.999478
600,32,0.999481
610,28,0.999484
620,32,0.999487
630,20,0.999489
640,30,0.999492
650,25,0.999495
660,22,0.999497
670,27,0.999500
680,23,0.999502
690,24,0.999504
700,27,0.999507
710,35,0.999511
720,21,0.999513
730,28,0.999515
740,19,0.999517
750,21,0.999520
760,13,0.999521
770,12,0.999522
780,20,0.999524
790,21,0.999526
800,20,0.999528
810,25,0.999531
820,30,0.999534
830,30,0.999537
840,20,0.999539
850,18,0.999540
860,19,0.999542
870,19,0.999544
880,17,0.999546
890,21,0.999548
900,25,0.999551
910,50,0.999556
920,38,0.999559
930,26,0.999562
940,26,0.999565
950,26,0.999567
960,25,0.999570
970,26,0.999572
980,14,0.999574
990,18,0.999575
1000,24,0.999578
1010,24,0.999580
1020,23,0.999583
1030,20,0.999584
1040,14,0.999586
1050,26,0.999588
1060,24,0.999591
1070,19,0.999593
1080,22,0.999595
1090,19,0.999597
1100,12,0.999598
1110,24,0.999601
1120,18,0.999602
1130,18,0.999604
1140,20,0.999606
1150,15,0.999608
1160,16,0.999609
1170,15,0.999611
1180,14,0.999612
1190,12,0.999613
1200,6,0.999614
1210,10,0.999615
1220,16,0.999617
1230,6,0.999617
1240,13,0.999618
1250,17,0.999620
1260,9,0.999621
1270,8,0.999622
1280,11,0.999623
1290,14,0.999624
1300,8,0.999625
1310,7,0.999626
1320,9,0.999627
1330,2,0.999627
1340,16,0.999628
1350,8,0.999629
1360,5,0.999630
1370,13,0.999631
1380,8,0.999632
1390,5,0.999632
1400,8,0.999633
1410,4,0.999634
1420,7,0.999634
1430,4,0.999635
1440,5,0.999635
1450,4,0.999636
1460,8,0.999636
1470,6,0.999637
1480,1,0.999637
1490,5,0.999638
1500,4,0.999638
1510,7,0.999639
1520,4,0.999639
1530,5,0.999640
1540,7,0.999640
1550,10,0.999641
1560,5,0.999642
1570,5,0.999642
1580,9,0.999643
1590,5,0.999644
1600,4,0.999644
1610,4,0.999645
1620,7,0.999645
1630,2,0.999645
1640,5,0.999646
1650,5,0.999646
1660,13,0.999648
1670,2,0.999648
1680,8,0.999649
1690,8,0.999650
1700,11,0.999651
1710,9,0.999651
1720,8,0.999652
1730,6,0.999653
1740,7,0.999654
1750,21,0.999656
1760,18,0.999658
1770,6,0.999658
1780,9,0.999659
1790,18,0.999661
1800,11,0.999662
1810,25,0.999664
1820,23,0.999667
1830,37,0.999670
1840,66,0.999677
1850,37,0.999681
1860,45,0.999685
1870,70,0.999692
1880,45,0.999697
1890,130,0.999710
1900,64,0.999716
1910,25,0.999719
1920,61,0.999725
1930,24,0.999727
1940,19,0.999729
1950,13,0.999730
1960,13,0.999732
1970,21,0.999734
1980,36,0.999737
1990,13,0.999739
2000,24,0.999741
2010,28,0.999744
2020,9,0.999745
2030,53,0.999750
2040,20,0.999752
2050,12,0.999753
2060,11,0.999754
2070,4,0.999755
2080,5,0.999755
2090,9,0.999756
2100,4,0.999757
2110,4,0.999757
2120,9,0.999758
2130,10,0.999759
2140,6,0.999759
2150,16,0.999761
2160,12,0.999762
2170,21,0.999764
2180,29,0.999767
2190,3,0.999767
2200,10,0.999768
2210,8,0.999769
2220,5,0.999770
2230,11,0.999771
2240,7,0.999772
2250,12,0.999773
2260,11,0.999774
2270,12,0.999775
2280,24,0.999777
2290,32,0.999781
2300,19,0.999783
2310,15,0.999784
2320,11,0.999785
2330,9,0.999786
2340,10,0.999787
2350,10,0.999788
2360,14,0.999789
2370,9,0.999790
2380,16,0.999792
2390,19,0.999794
2400,24,0.999796
2410,14,0.999798
2420,21,0.999800
2430,20,0.999802
2440,9,0.999803
2450,15,0.999804
2460,6,0.999805
2470,4,0.999805
2480,5,0.999806
2490,12,0.999807
2500,5,0.999807
2510,11,0.999808
2520,10,0.999810
2530,6,0.999810
2540,4,0.999811
2550,7,0.999811
2560,15,0.999813
2570,8,0.999813
2580,6,0.999814
2590,9,0.999815
2600,10,0.999816
2610,2,0.999816
2620,5,0.999817
2630,6,0.999817
2640,7,0.999818
2650,9,0.999819
2660,5,0.999819
2670,5,0.999820
2680,7,0.999821
2690,5,0.999821
2700,4,0.999821
2710,8,0.999822
2720,4,0.999823
2730,8,0.999824
2740,3,0.999824
2750,6,0.999824
2760,4,0.999825
2770,6,0.999825
2780,10,0.999826
2790,6,0.999827
2800,12,0.999828
2810,10,0.999829
2820,6,0.999830
2830,3,0.999830
2840,4,0.999830
2850,4,0.999831
2860,5,0.999831
2870,5,0.999832
2880,4,0.999832
2890,10,0.999833
2900,8,0.999834
2910,6,0.999835
2920,9,0.999836
2930,5,0.999836
2940,5,0.999837
2950,4,0.999837
2960,9,0.999838
2970,6,0.999838
2980,5,0.999839
2990,5,0.999839
3000,4,0.999840
3010,7,0.999841
3020,3,0.999841
3030,10,0.999842
3040,10,0.999843
3050,8,0.999844
3060,3,0.999844
3070,7,0.999845
3080,6,0.999845
3090,5,0.999846
3100,6,0.999846
3110,4,0.999847
3120,4,0.999847
3130,6,0.999848
3140,3,0.999848
3150,5,0.999849
3160,4,0.999849
3170,6,0.999850
3180,4,0.999850
3190,5,0.999851
3200,9,0.999851
3210,7,0.999852
3220,13,0.999853
3230,12,0.999855
3240,4,0.999855
3250,3,0.999855
3260,6,0.999856
3270,8,0.999857
3280,10,0.999858
3290,6,0.999858
3300,10,0.999859
3310,4,0.999860
3320,10,0.999861
3330,6,0.999861
3340,4,0.999862
3350,8,0.999862
3360,7,0.999863
3370,5,0.999864
3380,4,0.999864
3390,5,0.999865
3400,7,0.999865
3410,5,0.999866
3420,8,0.999867
3430,3,0.999867
3440,5,0.999867
3450,5,0.999868
3460,3,0.999868
3470,4,0.999869
3480,7,0.999869
3490,5,0.999870
3500,4,0.999870
3510,2,0.999870
3520,3,0.999871
3530,3,0.999871
3540,4,0.999871
3550,2,0.999872
3560,2,0.999872
3570,3,0.999872
3580,7,0.999873
3590,2,0.999873
3600,7,0.999874
3610,6,0.999874
3620,7,0.999875
3630,6,0.999876
3640,5,0.999876
3650,4,0.999876
3660,5,0.999877
3670,2,0.999877
3680,3,0.999878
3690,4,0.999878
3700,3,0.999878
3710,2,0.999878
3720,2,0.999879
3730,3,0.999879
3740,6,0.999879
3770,1,0.999880
3780,2,0.999880
3790,2,0.999880
3800,2,0.999880
3820,2,0.999880
3830,1,0.999880
3840,1,0.999881
3850,2,0.999881
3860,3,0.999881
3870,3,0.999881
3880,1,0.999882
3900,2,0.999882
3910,1,0.999882
3930,1,0.999882
3940,1,0.999882
3950,1,0.999882
3960,1,0.999882
3970,1,0.999882
3980,1,0.999882
3990,2,0.999883
4000,1,0.999883
4010,1,0.999883
4030,2,0.999883
4040,2,0.999883
4050,3,0.999883
4060,2,0.999884
4080,2,0.999884
4090,1,0.999884
4110,2,0.999884
4160,1,0.999884
4170,1,0.999884
4200,1,0.999884
4240,1,0.999885
4260,1,0.999885
4280,1,0.999885
4300,2,0.999885
4330,1,0.999885
4370,1,0.999885
4400,1,0.999885
4410,2,0.999885
4420,5,0.999886
4430,8,0.999887
4440,4,0.999887
4450,5,0.999888
4460,4,0.999888
4470,5,0.999889
4480,10,0.999890
4490,6,0.999890
4500,12,0.999891
4510,9,0.999892
4520,4,0.999893
4530,2,0.999893
4540,4,0.999893
4550,4,0.999894
4560,7,0.999894
4570,6,0.999895
4580,4,0.999895
4590,30,0.999898
4600,14,0.999900
4610,5,0.999900
4620,22,0.999902
4630,8,0.999903
4640,14,0.999905
4650,19,0.999907
4660,16,0.999908
4670,27,0.999911
4680,18,0.999913
4690,29,0.999916
4700,25,0.999918
4710,9,0.999919
4720,23,0.999921
4730,12,0.999923
4740,9,0.999923
4750,21,0.999925
4760,31,0.999929
4770,4,0.999929
4780,12,0.999930
4790,16,0.999932
4800,7,0.999933
4810,18,0.999934
4820,16,0.999936
4830,15,0.999937
4840,20,0.999939
4850,22,0.999942
4860,29,0.999945
4870,50,0.999950
4880,24,0.999952
4890,44,0.999956
4900,73,0.999964
4910,17,0.999965
4920,43,0.999970
4930,27,0.999972
4940,14,0.999974
4950,35,0.999977
4960,34,0.999981
4970,7,0.999981
4980,42,0.999986
4990,30,0.999988
5000,4,0.999989
5010,16,0.999991
5020,14,0.999992
5030,6,0.999992
5040,10,0.999994
5050,4,0.999994
5060,1,0.999994
5070,1,0.999994
5080,5,0.999995
5090,9,0.999996
5100,5,0.999996
5110,9,0.999997
5120,2,0.999997
5140,8,0.999998
5150,2,0.999998
5170,4,0.999999
5180,5,0.999999
5190,1,0.999999
5210,6,1.000000
5230,1,1.000000
5290,1,1.000000
5320,1,1.000000
