#latency,cnt,cdf
0,3229836,0.340182
10,288661,0.370585
20,44093,0.375229
30,15644,0.376877
40,8862,0.377810
50,31367,0.381114
60,48404,0.386212
70,54125,0.391913
80,48342,0.397004
90,48017,0.402062
100,53243,0.407670
110,72020,0.415255
120,59899,0.421564
130,62444,0.428141
140,43339,0.432705
150,38169,0.436726
160,68859,0.443978
170,73769,0.451748
180,113531,0.463706
190,72269,0.471317
200,55813,0.477196
210,53239,0.482803
220,80776,0.491311
230,82280,0.499977
240,62171,0.506525
250,58216,0.512657
260,58213,0.518788
270,57241,0.524817
280,56241,0.530740
290,55636,0.536600
300,54913,0.542384
310,54433,0.548117
320,53542,0.553756
330,52525,0.559289
340,51892,0.564754
350,50637,0.570087
360,49924,0.575346
370,49474,0.580557
380,48766,0.585693
390,47743,0.590721
400,46546,0.595624
410,45457,0.600411
420,44577,0.605107
430,44216,0.609764
440,43692,0.614365
450,42829,0.618876
460,42019,0.623302
470,41195,0.627641
480,40639,0.631921
490,40102,0.636145
500,39249,0.640279
510,39021,0.644389
520,38211,0.648413
530,37575,0.652371
540,36871,0.656254
550,36290,0.660077
560,35727,0.663839
570,35350,0.667563
580,35155,0.671265
590,34474,0.674896
600,33578,0.678433
610,33234,0.681933
620,32485,0.685355
630,32127,0.688739
640,31884,0.692097
650,31361,0.695400
660,30820,0.698646
670,30308,0.701838
680,30124,0.705011
690,29528,0.708121
700,28665,0.711140
710,28790,0.714172
720,28278,0.717151
730,27817,0.720081
740,27680,0.722996
750,27296,0.725871
760,27073,0.728722
770,26545,0.731518
780,26050,0.734262
790,25750,0.736974
800,25306,0.739639
810,25365,0.742311
820,24770,0.744920
830,24627,0.747514
840,23953,0.750037
850,23759,0.752539
860,23412,0.755005
870,23119,0.757440
880,22710,0.759832
890,22490,0.762201
900,22364,0.764556
910,22059,0.766879
920,21821,0.769178
930,21259,0.771417
940,21135,0.773643
950,20749,0.775828
960,20611,0.777999
970,20167,0.780123
980,19954,0.782225
990,19602,0.784289
1000,19380,0.786331
1010,19051,0.788337
1020,18869,0.790324
1030,18532,0.792276
1040,18159,0.794189
1050,18354,0.796122
1060,17884,0.798006
1070,17754,0.799876
1080,17538,0.801723
1090,17567,0.803573
1100,17181,0.805383
1110,17099,0.807184
1120,16668,0.808939
1130,16328,0.810659
1140,16185,0.812364
1150,15986,0.814047
1160,15934,0.815726
1170,15655,0.817374
1180,15416,0.818998
1190,15118,0.820590
1200,15173,0.822188
1210,14996,0.823768
1220,14877,0.825335
1230,14562,0.826869
1240,14566,0.828403
1250,14273,0.829906
1260,14137,0.831395
1270,14135,0.832884
1280,13812,0.834339
1290,13439,0.835754
1300,13480,0.837174
1310,13420,0.838587
1320,13348,0.839993
1330,13114,0.841374
1340,12818,0.842724
1350,12742,0.844066
1360,12480,0.845381
1370,12225,0.846668
1380,12244,0.847958
1390,12279,0.849251
1400,11976,0.850513
1410,11685,0.851743
1420,11726,0.852978
1430,11737,0.854215
1440,11382,0.855413
1450,11447,0.856619
1460,11154,0.857794
1470,11023,0.858955
1480,10832,0.860096
1490,10909,0.861245
1500,10723,0.862374
1510,10496,0.863480
1520,10686,0.864605
1530,10143,0.865673
1540,10271,0.866755
1550,10326,0.867843
1560,10014,0.868898
1570,9933,0.869944
1580,9684,0.870964
1590,9703,0.871986
1600,9529,0.872989
1610,9664,0.874007
1620,9423,0.875000
1630,9402,0.875990
1640,9155,0.876954
1650,9274,0.877931
1660,8984,0.878877
1670,8840,0.879808
1680,9130,0.880770
1690,8664,0.881682
1700,8653,0.882594
1710,8396,0.883478
1720,8230,0.884345
1730,8369,0.885226
1740,8277,0.886098
1750,8125,0.886954
1760,8263,0.887824
1770,8067,0.888674
1780,7747,0.889490
1790,7819,0.890313
1800,7710,0.891125
1810,7740,0.891941
1820,7453,0.892726
1830,7430,0.893508
1840,7403,0.894288
1850,7412,0.895069
1860,7308,0.895838
1870,7183,0.896595
1880,7207,0.897354
1890,7136,0.898106
1900,7067,0.898850
1910,7017,0.899589
1920,6704,0.900295
1930,6890,0.901021
1940,6765,0.901733
1950,6518,0.902420
1960,6554,0.903110
1970,6502,0.903795
1980,6333,0.904462
1990,6357,0.905131
2000,6339,0.905799
2010,6352,0.906468
2020,6222,0.907123
2030,6159,0.907772
2040,6033,0.908408
2050,5991,0.909039
2060,6041,0.909675
2070,5906,0.910297
2080,5921,0.910921
2090,5813,0.911533
2100,5831,0.912147
2110,5697,0.912747
2120,5559,0.913332
2130,5740,0.913937
2140,5580,0.914525
2150,5543,0.915109
2160,5578,0.915696
2170,5401,0.916265
2180,5308,0.916824
2190,5238,0.917376
2200,5281,0.917932
2210,5310,0.918491
2220,5188,0.919038
2230,5097,0.919574
2240,5161,0.920118
2250,5067,0.920652
2260,5115,0.921190
2270,4985,0.921715
2280,4929,0.922235
2290,4980,0.922759
2300,4886,0.923274
2310,4875,0.923787
2320,4888,0.924302
2330,4800,0.924808
2340,4747,0.925308
2350,4566,0.925788
2360,4561,0.926269
2370,4598,0.926753
2380,4573,0.927235
2390,4414,0.927700
2400,4440,0.928167
2410,4408,0.928632
2420,4316,0.929086
2430,4416,0.929551
2440,4348,0.930009
2450,4237,0.930456
2460,4207,0.930899
2470,4132,0.931334
2480,4154,0.931771
2490,4030,0.932196
2500,4173,0.932635
2510,3966,0.933053
2520,3984,0.933473
2530,3964,0.933890
2540,3973,0.934309
2550,3951,0.934725
2560,4028,0.935149
2570,3803,0.935550
2580,3838,0.935954
2590,3787,0.936353
2600,3763,0.936749
2610,3605,0.937129
2620,3711,0.937520
2630,3634,0.937902
2640,3735,0.938296
2650,3604,0.938675
2660,3429,0.939036
2670,3556,0.939411
2680,3564,0.939786
2690,3529,0.940158
2700,3538,0.940531
2710,3454,0.940894
2720,3333,0.941245
2730,3377,0.941601
2740,3403,0.941960
2750,3282,0.942305
2760,3351,0.942658
2770,3263,0.943002
2780,3286,0.943348
2790,3223,0.943687
2800,3213,0.944026
2810,3149,0.944358
2820,3170,0.944691
2830,3111,0.945019
2840,3187,0.945355
2850,3115,0.945683
2860,3149,0.946015
2870,3064,0.946337
2880,3047,0.946658
2890,3017,0.946976
2900,3045,0.947297
2910,2969,0.947609
2920,3009,0.947926
2930,2902,0.948232
2940,2955,0.948543
2950,2914,0.948850
2960,2873,0.949153
2970,2808,0.949448
2980,2804,0.949744
2990,2756,0.950034
3000,2779,0.950327
3010,2842,0.950626
3020,2706,0.950911
3030,2674,0.951193
3040,2672,0.951474
3050,2649,0.951753
3060,2645,0.952032
3070,2608,0.952306
3080,2611,0.952581
3090,2632,0.952859
3100,2547,0.953127
3110,2628,0.953404
3120,2563,0.953674
3130,2600,0.953947
3140,2506,0.954211
3150,2504,0.954475
3160,2441,0.954732
3170,2428,0.954988
3180,2465,0.955248
3190,2400,0.955500
3200,2417,0.955755
3210,2391,0.956007
3220,2420,0.956262
3230,2443,0.956519
3240,2313,0.956763
3250,2363,0.957011
3260,2291,0.957253
3270,2297,0.957495
3280,2370,0.957744
3290,2264,0.957983
3300,2250,0.958220
3310,2148,0.958446
3320,2258,0.958684
3330,2215,0.958917
3340,2215,0.959150
3350,2233,0.959386
3360,2129,0.959610
3370,2174,0.959839
3380,2163,0.960067
3390,2077,0.960285
3400,2167,0.960514
3410,2157,0.960741
3420,2021,0.960954
3430,2006,0.961165
3440,2053,0.961381
3450,2016,0.961594
3460,2050,0.961809
3470,2048,0.962025
3480,2007,0.962237
3490,1993,0.962446
3500,1928,0.962650
3510,1999,0.962860
3520,1848,0.963055
3530,1901,0.963255
3540,2029,0.963469
3550,1905,0.963669
3560,1843,0.963863
3570,1847,0.964058
3580,1847,0.964252
3590,1826,0.964445
3600,1756,0.964630
3610,1816,0.964821
3620,1841,0.965015
3630,1823,0.965207
3640,1872,0.965404
3650,1753,0.965589
3660,1679,0.965766
3670,1730,0.965948
3680,1801,0.966137
3690,1756,0.966322
3700,1783,0.966510
3710,1723,0.966692
3720,1754,0.966876
3730,1700,0.967055
3740,1669,0.967231
3750,1670,0.967407
3760,1676,0.967584
3770,1765,0.967770
3780,1665,0.967945
3790,1746,0.968129
3800,1608,0.968298
3810,1576,0.968464
3820,1618,0.968635
3830,1610,0.968804
3840,1678,0.968981
3850,1602,0.969150
3860,1579,0.969316
3870,1535,0.969478
3880,1609,0.969647
3890,1538,0.969809
3900,1554,0.969973
3910,1541,0.970135
3920,1496,0.970293
3930,1465,0.970447
3940,1493,0.970604
3950,1524,0.970765
3960,1466,0.970919
3970,1523,0.971079
3980,1541,0.971242
3990,1493,0.971399
4000,1481,0.971555
4010,1411,0.971704
4020,1430,0.971854
4030,1389,0.972001
4040,1420,0.972150
4050,1492,0.972307
4060,1405,0.972455
4070,1434,0.972606
4080,1379,0.972751
4090,1400,0.972899
4100,1441,0.973051
4110,1415,0.973200
4120,1406,0.973348
4130,1334,0.973488
4140,1358,0.973631
4150,1346,0.973773
4160,1381,0.973919
4170,1287,0.974054
4180,1317,0.974193
4190,1364,0.974337
4200,1312,0.974475
4210,1301,0.974612
4220,1332,0.974752
4230,1311,0.974890
4240,1268,0.975024
4250,1269,0.975157
4260,1283,0.975293
4270,1242,0.975423
4280,1290,0.975559
4290,1288,0.975695
4300,1261,0.975828
4310,1316,0.975966
4320,1284,0.976101
4330,1269,0.976235
4340,1199,0.976361
4350,1225,0.976490
4360,1193,0.976616
4370,1235,0.976746
4380,1190,0.976871
4390,1182,0.976996
4400,1237,0.977126
4410,1212,0.977254
4420,1190,0.977379
4430,1171,0.977503
4440,1138,0.977623
4450,1171,0.977746
4460,1199,0.977872
4470,1181,0.977996
4480,1181,0.978121
4490,1141,0.978241
4500,1154,0.978363
4510,1113,0.978480
4520,1204,0.978607
4530,1106,0.978723
4540,1119,0.978841
4550,1185,0.978966
4560,1159,0.979088
4570,1053,0.979199
4580,1193,0.979324
4590,1062,0.979436
4600,1128,0.979555
4610,1062,0.979667
4620,1147,0.979788
4630,1120,0.979906
4640,1088,0.980020
4650,1088,0.980135
4660,1034,0.980244
4670,1083,0.980358
4680,1045,0.980468
4690,1085,0.980582
4700,1040,0.980692
4710,1085,0.980806
4720,1068,0.980919
4730,1023,0.981026
4740,1065,0.981138
4750,1051,0.981249
4760,1021,0.981357
4770,957,0.981457
4780,974,0.981560
4790,1057,0.981671
4800,988,0.981775
4810,1034,0.981884
4820,1007,0.981990
4830,956,0.982091
4840,1004,0.982197
4850,1016,0.982304
4860,926,0.982401
4870,943,0.982501
4880,947,0.982600
4890,962,0.982702
4900,925,0.982799
4910,936,0.982898
4920,945,0.982997
4930,914,0.983094
4940,916,0.983190
4950,971,0.983292
4960,1010,0.983399
4970,889,0.983492
4980,949,0.983592
4990,936,0.983691
5000,933,0.983789
5010,890,0.983883
5020,906,0.983978
5030,891,0.984072
5040,921,0.984169
5050,957,0.984270
5060,870,0.984362
5070,869,0.984453
5080,819,0.984539
5090,898,0.984634
5100,884,0.984727
5110,884,0.984820
5120,847,0.984909
5130,903,0.985004
5140,852,0.985094
5150,844,0.985183
5160,779,0.985265
5170,880,0.985358
5180,804,0.985443
5190,833,0.985530
5200,807,0.985615
5210,825,0.985702
5220,778,0.985784
5230,832,0.985872
5240,828,0.985959
5250,767,0.986040
5260,798,0.986124
5270,841,0.986212
5280,829,0.986300
5290,817,0.986386
5300,799,0.986470
5310,844,0.986559
5320,767,0.986640
5330,773,0.986721
5340,745,0.986799
5350,824,0.986886
5360,769,0.986967
5370,769,0.987048
5380,790,0.987131
5390,781,0.987214
5400,778,0.987296
5410,791,0.987379
5420,808,0.987464
5430,776,0.987546
5440,739,0.987624
5450,774,0.987705
5460,738,0.987783
5470,736,0.987860
5480,755,0.987940
5490,707,0.988014
5500,722,0.988090
5510,745,0.988169
5520,703,0.988243
5530,729,0.988320
5540,735,0.988397
5550,729,0.988474
5560,699,0.988548
5570,708,0.988622
5580,666,0.988692
5590,657,0.988761
5600,716,0.988837
5610,676,0.988908
5620,667,0.988978
5630,665,0.989048
5640,638,0.989116
5650,699,0.989189
5660,695,0.989262
5670,647,0.989330
5680,683,0.989402
5690,711,0.989477
5700,648,0.989546
5710,678,0.989617
5720,607,0.989681
5730,665,0.989751
5740,644,0.989819
5750,616,0.989884
5760,608,0.989948
5770,599,0.990011
5780,621,0.990076
5790,602,0.990140
5800,574,0.990200
5810,612,0.990265
5820,619,0.990330
5830,633,0.990396
5840,634,0.990463
5850,608,0.990527
5860,586,0.990589
5870,604,0.990653
5880,606,0.990716
5890,599,0.990779
5900,591,0.990842
5910,578,0.990903
5920,594,0.990965
5930,583,0.991027
5940,544,0.991084
5950,525,0.991139
5960,566,0.991199
5970,572,0.991259
5980,568,0.991319
5990,569,0.991379
6000,535,0.991435
6010,503,0.991488
6020,579,0.991549
6030,538,0.991606
6040,524,0.991661
6050,571,0.991721
6060,545,0.991778
6070,564,0.991838
6080,524,0.991893
6090,517,0.991947
6100,525,0.992003
6110,511,0.992057
6120,486,0.992108
6130,548,0.992166
6140,490,0.992217
6150,490,0.992269
6160,520,0.992324
6170,495,0.992376
6180,496,0.992428
6190,511,0.992482
6200,486,0.992533
6210,475,0.992583
6220,491,0.992635
6230,486,0.992686
6240,485,0.992737
6250,472,0.992787
6260,496,0.992839
6270,469,0.992888
6280,479,0.992939
6290,476,0.992989
6300,455,0.993037
6310,464,0.993086
6320,448,0.993133
6330,476,0.993183
6340,473,0.993233
6350,478,0.993283
6360,490,0.993335
6370,427,0.993380
6380,460,0.993428
6390,491,0.993480
6400,451,0.993527
6410,462,0.993576
6420,471,0.993626
6430,431,0.993671
6440,387,0.993712
6450,419,0.993756
6460,449,0.993803
6470,427,0.993848
6480,412,0.993892
6490,389,0.993933
6500,377,0.993972
6510,427,0.994017
6520,416,0.994061
6530,405,0.994104
6540,427,0.994149
6550,418,0.994193
6560,409,0.994236
6570,420,0.994280
6580,401,0.994322
6590,396,0.994364
6600,421,0.994408
6610,377,0.994448
6620,400,0.994490
6630,383,0.994530
6640,446,0.994577
6650,376,0.994617
6660,399,0.994659
6670,371,0.994698
6680,406,0.994741
6690,372,0.994780
6700,408,0.994823
6710,339,0.994859
6720,360,0.994897
6730,339,0.994932
6740,391,0.994974
6750,352,0.995011
6760,339,0.995046
6770,346,0.995083
6780,340,0.995119
6790,380,0.995159
6800,346,0.995195
6810,336,0.995230
6820,330,0.995265
6830,328,0.995300
6840,370,0.995339
6850,371,0.995378
6860,329,0.995412
6870,326,0.995447
6880,321,0.995481
6890,353,0.995518
6900,326,0.995552
6910,367,0.995591
6920,374,0.995630
6930,306,0.995662
6940,371,0.995701
6950,330,0.995736
6960,327,0.995771
6970,326,0.995805
6980,309,0.995838
6990,341,0.995873
7000,332,0.995908
7010,301,0.995940
7020,307,0.995973
7030,307,0.996005
7040,321,0.996039
7050,281,0.996068
7060,311,0.996101
7070,291,0.996132
7080,268,0.996160
7090,342,0.996196
7100,309,0.996228
7110,287,0.996259
7120,294,0.996290
7130,302,0.996321
7140,284,0.996351
7150,287,0.996382
7160,295,0.996413
7170,281,0.996442
7180,313,0.996475
7190,293,0.996506
7200,270,0.996535
7210,320,0.996568
7220,329,0.996603
7230,291,0.996634
7240,291,0.996664
7250,259,0.996691
7260,311,0.996724
7270,276,0.996753
7280,297,0.996785
7290,262,0.996812
7300,263,0.996840
7310,306,0.996872
7320,267,0.996900
7330,292,0.996931
7340,259,0.996958
7350,285,0.996988
7360,268,0.997016
7370,269,0.997045
7380,242,0.997070
7390,266,0.997098
7400,253,0.997125
7410,261,0.997152
7420,270,0.997181
7430,252,0.997207
7440,258,0.997235
7450,282,0.997264
7460,241,0.997290
7470,263,0.997317
7480,262,0.997345
7490,241,0.997370
7500,267,0.997398
7510,222,0.997422
7520,254,0.997449
7530,271,0.997477
7540,231,0.997501
7550,264,0.997529
7560,259,0.997557
7570,244,0.997582
7580,249,0.997608
7590,230,0.997633
7600,254,0.997659
7610,224,0.997683
7620,243,0.997709
7630,228,0.997733
7640,199,0.997754
7650,256,0.997781
7660,218,0.997804
7670,260,0.997831
7680,216,0.997854
7690,227,0.997878
7700,205,0.997899
7710,213,0.997922
7720,228,0.997946
7730,203,0.997967
7740,210,0.997989
7750,231,0.998013
7760,204,0.998035
7770,190,0.998055
7780,221,0.998078
7790,189,0.998098
7800,182,0.998117
7810,186,0.998137
7820,185,0.998156
7830,202,0.998178
7840,214,0.998200
7850,199,0.998221
7860,186,0.998241
7870,184,0.998260
7880,180,0.998279
7890,194,0.998300
7900,174,0.998318
7910,179,0.998337
7920,180,0.998356
7930,182,0.998375
7940,176,0.998393
7950,176,0.998412
7960,192,0.998432
7970,167,0.998450
7980,173,0.998468
7990,173,0.998486
8000,188,0.998506
8010,165,0.998523
8020,186,0.998543
8030,171,0.998561
8040,172,0.998579
8050,161,0.998596
8060,189,0.998616
8070,178,0.998635
8080,156,0.998651
8090,158,0.998668
8100,150,0.998684
8110,174,0.998702
8120,147,0.998717
8130,145,0.998733
8140,159,0.998749
8150,161,0.998766
8160,140,0.998781
8170,165,0.998798
8180,139,0.998813
8190,164,0.998830
8200,192,0.998851
8210,152,0.998867
8220,175,0.998885
8230,161,0.998902
8240,142,0.998917
8250,162,0.998934
8260,128,0.998948
8270,161,0.998964
8280,137,0.998979
8290,146,0.998994
8300,141,0.999009
8310,124,0.999022
8320,119,0.999035
8330,143,0.999050
8340,157,0.999066
8350,138,0.999081
8360,136,0.999095
8370,154,0.999111
8380,151,0.999127
8390,151,0.999143
8400,143,0.999158
8410,143,0.999173
8420,133,0.999187
8430,130,0.999201
8440,119,0.999214
8450,128,0.999227
8460,136,0.999241
8470,136,0.999256
8480,132,0.999270
8490,124,0.999283
8500,125,0.999296
8510,140,0.999311
8520,131,0.999324
8530,111,0.999336
8540,113,0.999348
8550,131,0.999362
8560,117,0.999374
8570,119,0.999387
8580,131,0.999400
8590,103,0.999411
8600,121,0.999424
8610,123,0.999437
8620,113,0.999449
8630,116,0.999461
8640,108,0.999472
8650,120,0.999485
8660,122,0.999498
8670,97,0.999508
8680,104,0.999519
8690,82,0.999528
8700,110,0.999539
8710,103,0.999550
8720,117,0.999563
8730,95,0.999573
8740,107,0.999584
8750,94,0.999594
8760,100,0.999604
8770,114,0.999616
8780,101,0.999627
8790,86,0.999636
8800,105,0.999647
8810,96,0.999657
8820,93,0.999667
8830,105,0.999678
8840,92,0.999688
8850,101,0.999698
8860,100,0.999709
8870,85,0.999718
8880,88,0.999727
8890,90,0.999736
8900,85,0.999745
8910,96,0.999756
8920,75,0.999763
8930,94,0.999773
8940,80,0.999782
8950,94,0.999792
8960,94,0.999802
8970,83,0.999810
8980,102,0.999821
8990,77,0.999829
9000,82,0.999838
9010,66,0.999845
9020,87,0.999854
9030,96,0.999864
9040,75,0.999872
9050,69,0.999879
9060,65,0.999886
9070,74,0.999894
9080,79,0.999902
9090,54,0.999908
9100,64,0.999915
9110,66,0.999922
9120,76,0.999930
9130,71,0.999937
9140,69,0.999944
9150,58,0.999950
9160,62,0.999957
9170,77,0.999965
9180,70,0.999972
9190,78,0.999981
9200,69,0.999988
9210,59,0.999994
9220,71,1.000002
9230,59,1.000008
9240,57,1.000014
9250,86,1.000023
9260,72,1.000030
9270,52,1.000036
9280,60,1.000042
9290,67,1.000049
9300,54,1.000055
9310,47,1.000060
9320,56,1.000066
9330,50,1.000071
9340,38,1.000075
9350,55,1.000081
9360,49,1.000086
9370,37,1.000090
9380,56,1.000096
9390,42,1.000100
9400,47,1.000105
9410,37,1.000109
9420,51,1.000114
9430,46,1.000119
9440,49,1.000124
9450,49,1.000130
9460,47,1.000135
9470,41,1.000139
9480,36,1.000143
9490,34,1.000146
9500,39,1.000150
9510,40,1.000155
9520,43,1.000159
9530,43,1.000164
9540,37,1.000168
9550,38,1.000172
9560,36,1.000175
9570,35,1.000179
9580,51,1.000184
9590,34,1.000188
9600,37,1.000192
9610,33,1.000195
9620,36,1.000199
9630,20,1.000201
9640,43,1.000206
9650,28,1.000209
9660,42,1.000213
9670,31,1.000216
9680,31,1.000220
9690,38,1.000224
9700,39,1.000228
9710,37,1.000232
9720,32,1.000235
9730,30,1.000238
9740,27,1.000241
9750,35,1.000245
9760,28,1.000248
9770,29,1.000251
9780,33,1.000254
9790,25,1.000257
9800,24,1.000259
9810,38,1.000263
9820,39,1.000268
9830,25,1.000270
9840,21,1.000272
9850,42,1.000277
9860,24,1.000279
9870,18,1.000281
9880,31,1.000284
9890,17,1.000286
9900,23,1.000289
9910,20,1.000291
9920,24,1.000293
9930,28,1.000296
9940,18,1.000298
9950,24,1.000301
9960,20,1.000303
9970,13,1.000304
9980,20,1.000306
9990,26,1.000309
10000,20,1.000311
10010,16,1.000313
10020,21,1.000315
10030,26,1.000318
10040,16,1.000319
10050,27,1.000322
10060,26,1.000325
10070,26,1.000328
10080,20,1.000330
10090,24,1.000332
10100,20,1.000335
10110,21,1.000337
10120,29,1.000340
10130,16,1.000341
10140,18,1.000343
10150,21,1.000346
10160,19,1.000348
10170,32,1.000351
10180,20,1.000353
10190,12,1.000354
10200,27,1.000357
10210,30,1.000360
10220,21,1.000363
10230,18,1.000364
10240,18,1.000366
10250,17,1.000368
10260,24,1.000371
10270,15,1.000372
10280,17,1.000374
10290,15,1.000376
10300,17,1.000377
10310,20,1.000379
10320,27,1.000382
10330,21,1.000385
10340,22,1.000387
10350,18,1.000389
10360,23,1.000391
10370,23,1.000394
10380,17,1.000395
10390,17,1.000397
10400,20,1.000399
10410,16,1.000401
10420,23,1.000403
10430,24,1.000406
10440,22,1.000408
10450,17,1.000410
10460,23,1.000412
10470,19,1.000414
10480,23,1.000417
10490,13,1.000418
10500,22,1.000421
10510,19,1.000423
10520,17,1.000424
10530,18,1.000426
10540,17,1.000428
10550,18,1.000430
10560,16,1.000432
10570,14,1.000433
10580,19,1.000435
10590,16,1.000437
10600,19,1.000439
10610,13,1.000440
10620,15,1.000442
10630,19,1.000444
10640,13,1.000445
10650,16,1.000447
10660,14,1.000448
10670,5,1.000449
10680,15,1.000450
10690,15,1.000452
10700,17,1.000454
10710,15,1.000455
10720,14,1.000457
10730,16,1.000458
10740,12,1.000460
10750,20,1.000462
10760,19,1.000464
10770,20,1.000466
10780,11,1.000467
10790,20,1.000469
10800,19,1.000471
10810,12,1.000473
10820,16,1.000474
10830,9,1.000475
10840,15,1.000477
10850,12,1.000478
10860,10,1.000479
10870,15,1.000481
10880,13,1.000482
10890,11,1.000483
10900,6,1.000484
10910,2,1.000484
10920,12,1.000485
10930,7,1.000486
10940,9,1.000487
10950,10,1.000488
10960,8,1.000489
10970,8,1.000490
10980,9,1.000491
10990,13,1.000492
11000,11,1.000493
11010,3,1.000493
11020,6,1.000494
11030,7,1.000495
11040,5,1.000495
11050,8,1.000496
11060,5,1.000497
11070,13,1.000498
11080,5,1.000499
11090,5,1.000499
11100,14,1.000501
11110,9,1.000502
11120,12,1.000503
11130,10,1.000504
11140,8,1.000505
11150,6,1.000505
11160,6,1.000506
11170,11,1.000507
11180,17,1.000509
11190,3,1.000509
11200,8,1.000510
11210,5,1.000511
11220,7,1.000511
11230,5,1.000512
11240,5,1.000512
11250,5,1.000513
11260,7,1.000514
11270,9,1.000515
11280,8,1.000515
11290,12,1.000517
11300,9,1.000518
11310,10,1.000519
11320,5,1.000519
11330,8,1.000520
11340,10,1.000521
11350,7,1.000522
11360,2,1.000522
11370,6,1.000523
11380,7,1.000523
11390,17,1.000525
11400,8,1.000526
11410,11,1.000527
11420,7,1.000528
11430,11,1.000529
11440,8,1.000530
11450,6,1.000531
11460,2,1.000531
11470,8,1.000532
11480,7,1.000532
11490,4,1.000533
11500,9,1.000534
11510,10,1.000535
11520,5,1.000535
11530,5,1.000536
11540,9,1.000537
11550,9,1.000538
11560,9,1.000539
11570,4,1.000539
11580,8,1.000540
11590,7,1.000541
11600,5,1.000541
11610,10,1.000542
11620,5,1.000543
11630,9,1.000544
11640,7,1.000545
11650,7,1.000545
11660,8,1.000546
11670,12,1.000547
11680,6,1.000548
11690,1,1.000548
11700,5,1.000549
11710,9,1.000550
11720,14,1.000551
11730,6,1.000552
11740,6,1.000552
11750,11,1.000553
11760,9,1.000554
11770,8,1.000555
11780,12,1.000557
11790,6,1.000557
11800,9,1.000558
11810,5,1.000559
11820,11,1.000560
11830,8,1.000561
11840,10,1.000562
11850,11,1.000563
11860,3,1.000563
11870,7,1.000564
11880,6,1.000565
11890,7,1.000565
11900,6,1.000566
11910,10,1.000567
11920,8,1.000568
11930,9,1.000569
11940,10,1.000570
11950,4,1.000570
11960,9,1.000571
11970,4,1.000572
11980,7,1.000572
11990,2,1.000573
12000,9,1.000574
12010,7,1.000574
12020,5,1.000575
12030,8,1.000576
12040,5,1.000576
12050,2,1.000576
12060,8,1.000577
12070,6,1.000578
12080,6,1.000578
12090,3,1.000579
12100,7,1.000579
12110,6,1.000580
12120,5,1.000581
12130,5,1.000581
12140,5,1.000582
12150,4,1.000582
12160,3,1.000582
12170,5,1.000583
12180,6,1.000584
12190,7,1.000584
12200,5,1.000585
12210,12,1.000586
12220,4,1.000587
12230,2,1.000587
12240,4,1.000587
12250,5,1.000588
12260,5,1.000588
12270,3,1.000589
12280,6,1.000589
12290,8,1.000590
12300,4,1.000590
12310,6,1.000591
12320,2,1.000591
12330,4,1.000592
12340,2,1.000592
12350,3,1.000592
12360,3,1.000593
12370,6,1.000593
12380,1,1.000593
12390,7,1.000594
12400,3,1.000594
12410,7,1.000595
12420,4,1.000595
12430,2,1.000596
12440,5,1.000596
12450,5,1.000597
12460,3,1.000597
12470,5,1.000598
12480,5,1.000598
12490,2,1.000598
12500,7,1.000599
12510,3,1.000599
12520,3,1.000600
12530,2,1.000600
12540,3,1.000600
12550,4,1.000601
12560,8,1.000602
12580,1,1.000602
12590,4,1.000602
12600,3,1.000602
12610,2,1.000603
12620,6,1.000603
12640,5,1.000604
12650,4,1.000604
12660,3,1.000605
12670,2,1.000605
12680,1,1.000605
12690,2,1.000605
12700,1,1.000605
12710,3,1.000605
12720,1,1.000605
12740,1,1.000606
12750,3,1.000606
12760,3,1.000606
12770,1,1.000606
12780,2,1.000607
12790,2,1.000607
12800,2,1.000607
12810,2,1.000607
12820,4,1.000608
12830,6,1.000608
12840,5,1.000609
12850,2,1.000609
12860,1,1.000609
12870,4,1.000610
12880,4,1.000610
12890,3,1.000610
12900,3,1.000611
12920,1,1.000611
12930,2,1.000611
12950,5,1.000611
12960,3,1.000612
12970,3,1.000612
12980,3,1.000612
12990,3,1.000613
13000,2,1.000613
13010,2,1.000613
13030,3,1.000613
13040,3,1.000614
13050,2,1.000614
13060,1,1.000614
13070,1,1.000614
13080,2,1.000614
13090,2,1.000615
13100,2,1.000615
13110,1,1.000615
13120,2,1.000615
13130,6,1.000616
13140,4,1.000616
13150,2,1.000616
13160,4,1.000617
13170,2,1.000617
13180,2,1.000617
13190,4,1.000618
13200,1,1.000618
13210,5,1.000618
13220,1,1.000618
13230,1,1.000618
13250,3,1.000619
13260,2,1.000619
13270,1,1.000619
13280,3,1.000619
13290,1,1.000620
13300,1,1.000620
13310,4,1.000620
13320,1,1.000620
13330,2,1.000620
13340,1,1.000620
13350,3,1.000621
13360,2,1.000621
13370,1,1.000621
13380,3,1.000621
13390,3,1.000622
13400,3,1.000622
13410,1,1.000622
13420,2,1.000622
13430,2,1.000623
13450,2,1.000623
13460,6,1.000623
13470,3,1.000624
13480,4,1.000624
13490,4,1.000625
13500,6,1.000625
13510,4,1.000626
13520,7,1.000626
13530,2,1.000627
13540,2,1.000627
13550,3,1.000627
13560,1,1.000627
13570,4,1.000628
13590,4,1.000628
13600,3,1.000628
13610,3,1.000629
13630,3,1.000629
13640,1,1.000629
13660,2,1.000629
13670,1,1.000629
13680,1,1.000630
13690,2,1.000630
13700,1,1.000630
13730,1,1.000630
13740,1,1.000630
13750,1,1.000630
13770,2,1.000630
13780,3,1.000631
13790,3,1.000631
13810,1,1.000631
13830,4,1.000632
13840,1,1.000632
13850,3,1.000632
13860,1,1.000632
13870,3,1.000632
13880,2,1.000633
13890,1,1.000633
13900,1,1.000633
13910,1,1.000633
13940,3,1.000633
13950,1,1.000633
13960,2,1.000633
13970,5,1.000634
13980,2,1.000634
13990,4,1.000635
14000,1,1.000635
14010,1,1.000635
14020,1,1.000635
14030,3,1.000635
14050,1,1.000635
14060,2,1.000636
14070,4,1.000636
14080,1,1.000636
14090,1,1.000636
14110,1,1.000636
14120,1,1.000636
14130,1,1.000637
14140,1,1.000637
14150,1,1.000637
14160,4,1.000637
14180,1,1.000637
14200,2,1.000638
14210,1,1.000638
14220,4,1.000638
14230,1,1.000638
14250,2,1.000638
14260,2,1.000639
14270,3,1.000639
14280,3,1.000639
14290,1,1.000639
14330,2,1.000640
14350,1,1.000640
14360,4,1.000640
14370,1,1.000640
14380,2,1.000640
14420,1,1.000641
14430,2,1.000641
14440,1,1.000641
14450,1,1.000641
14470,1,1.000641
14480,3,1.000641
14490,2,1.000642
14500,2,1.000642
14510,1,1.000642
14520,2,1.000642
14540,1,1.000642
14560,2,1.000642
14580,1,1.000643
14600,2,1.000643
14620,1,1.000643
14630,1,1.000643
14640,2,1.000643
14650,2,1.000643
14660,1,1.000643
14670,1,1.000643
14700,1,1.000644
14720,1,1.000644
14730,1,1.000644
14760,2,1.000644
14780,1,1.000644
14790,1,1.000644
14820,4,1.000645
14830,1,1.000645
14840,2,1.000645
14860,1,1.000645
14880,1,1.000645
14890,1,1.000645
14900,1,1.000645
14920,1,1.000646
14950,1,1.000646
14960,3,1.000646
14970,2,1.000646
14990,1,1.000646
15000,1,1.000646
15030,2,1.000647
15040,4,1.000647
15070,1,1.000647
15090,1,1.000647
15110,1,1.000647
15130,1,1.000647
15170,3,1.000648
15180,1,1.000648
15200,2,1.000648
15210,1,1.000648
15220,3,1.000648
15230,2,1.000649
15260,1,1.000649
15290,1,1.000649
15300,1,1.000649
15330,3,1.000649
15340,1,1.000649
15350,1,1.000650
15380,1,1.000650
15410,2,1.000650
15420,2,1.000650
15430,1,1.000650
15460,1,1.000650
15480,1,1.000650
15510,1,1.000651
15530,1,1.000651
15540,2,1.000651
15550,1,1.000651
15590,1,1.000651
15610,1,1.000651
15620,2,1.000651
15640,1,1.000651
15680,1,1.000652
15700,1,1.000652
15710,3,1.000652
15720,1,1.000652
15730,1,1.000652
15740,1,1.000652
15760,1,1.000652
15780,1,1.000652
15790,1,1.000653
15800,1,1.000653
15810,1,1.000653
15830,1,1.000653
15850,1,1.000653
15890,1,1.000653
15900,1,1.000653
15910,1,1.000653
15920,1,1.000653
15930,1,1.000654
16000,1,1.000654
16070,2,1.000654
16080,1,1.000654
16090,1,1.000654
16120,1,1.000654
16140,2,1.000654
16200,1,1.000654
16240,1,1.000655
16260,2,1.000655
16280,1,1.000655
16290,1,1.000655
16300,1,1.000655
16360,1,1.000655
16380,2,1.000655
16410,2,1.000656
16420,1,1.000656
16430,1,1.000656
16450,1,1.000656
16460,1,1.000656
16500,1,1.000656
16530,1,1.000656
16540,1,1.000656
16560,2,1.000657
16660,1,1.000657
16690,1,1.000657
16720,1,1.000657
16730,2,1.000657
16740,2,1.000657
16750,1,1.000657
16790,1,1.000658
16810,1,1.000658
16870,1,1.000658
16910,1,1.000658
16960,1,1.000658
16970,1,1.000658
16990,1,1.000658
17100,1,1.000658
17110,2,1.000659
17120,1,1.000659
17140,2,1.000659
17150,1,1.000659
17210,2,1.000659
17230,1,1.000659
17280,1,1.000659
17290,1,1.000659
17440,1,1.000660
17480,1,1.000660
17500,1,1.000660
17620,1,1.000660
17710,1,1.000660
17810,1,1.000660
17880,1,1.000660
17890,1,1.000660
17910,1,1.000660
17940,1,1.000661
18090,1,1.000661
18230,1,1.000661
18270,1,1.000661
18390,1,1.000661
18410,1,1.000661
18430,1,1.000661
18450,1,1.000661
18460,1,1.000661
18520,1,1.000661
18650,1,1.000661
19010,1,1.000662
19130,1,1.000662
19320,1,1.000662
19370,2,1.000662
19580,1,1.000662
19680,1,1.000662
19990,1,1.000662
20090,1,1.000662
20210,1,1.000663
20280,1,1.000663
20540,1,1.000663
20800,1,1.000663
21080,1,1.000663
