#latency,cnt,cdf
0,1537,0.000162
10,9,0.000163
20,1,0.000163
30,26,0.000166
50,14116,0.001651
60,1137346,0.121370
70,97048,0.131586
80,1113506,0.248795
90,26226,0.251556
100,117604,0.263935
110,367619,0.302631
120,725527,0.379001
130,395323,0.420614
140,83729,0.429427
150,562423,0.488629
160,131917,0.502515
170,405326,0.545180
180,598027,0.608129
190,399737,0.650206
200,745687,0.728699
210,119434,0.741270
220,378498,0.781112
230,199647,0.802127
240,295350,0.833216
250,291011,0.863848
260,169834,0.881725
270,270629,0.910212
280,90214,0.919708
290,107269,0.931000
300,90330,0.940508
310,192553,0.960776
320,87184,0.969953
330,59295,0.976195
340,38772,0.980276
350,38179,0.984295
360,22511,0.986664
370,18189,0.988579
380,30611,0.991801
390,13612,0.993234
400,8791,0.994159
410,8649,0.995070
420,11337,0.996263
430,5891,0.996883
440,3941,0.997298
450,2858,0.997599
460,2668,0.997880
470,3389,0.998236
480,2200,0.998468
490,1543,0.998630
500,1200,0.998757
510,1013,0.998863
520,817,0.998949
530,912,0.999045
540,468,0.999095
550,314,0.999128
560,227,0.999152
570,251,0.999178
580,293,0.999209
590,191,0.999229
600,219,0.999252
610,133,0.999266
620,131,0.999280
630,114,0.999292
640,119,0.999304
650,114,0.999316
660,76,0.999324
670,80,0.999333
680,79,0.999341
690,107,0.999352
700,77,0.999360
710,78,0.999369
720,91,0.999378
730,69,0.999385
740,64,0.999392
750,55,0.999398
760,76,0.999406
770,72,0.999414
780,82,0.999422
790,66,0.999429
800,53,0.999435
810,74,0.999443
820,56,0.999448
830,55,0.999454
840,54,0.999460
850,49,0.999465
860,52,0.999471
870,39,0.999475
880,56,0.999481
890,37,0.999484
900,45,0.999489
910,37,0.999493
920,31,0.999496
930,46,0.999501
940,37,0.999505
950,34,0.999509
960,22,0.999511
970,37,0.999515
980,26,0.999518
990,25,0.999520
1000,31,0.999523
1010,31,0.999527
1020,30,0.999530
1030,34,0.999533
1040,28,0.999536
1050,28,0.999539
1060,38,0.999543
1070,35,0.999547
1080,28,0.999550
1090,26,0.999553
1100,30,0.999556
1110,30,0.999559
1120,28,0.999562
1130,40,0.999566
1140,24,0.999569
1150,32,0.999572
1160,24,0.999575
1170,29,0.999578
1180,29,0.999581
1190,22,0.999583
1200,22,0.999585
1210,32,0.999589
1220,21,0.999591
1230,24,0.999593
1240,20,0.999596
1250,34,0.999599
1260,18,0.999601
1270,26,0.999604
1280,15,0.999605
1290,23,0.999608
1300,24,0.999610
1310,22,0.999613
1320,22,0.999615
1330,25,0.999618
1340,24,0.999620
1350,29,0.999623
1360,28,0.999626
1370,20,0.999628
1380,22,0.999631
1390,18,0.999632
1400,13,0.999634
1410,17,0.999636
1420,22,0.999638
1430,17,0.999640
1440,14,0.999641
1450,21,0.999643
1460,14,0.999645
1470,17,0.999647
1480,17,0.999648
1490,20,0.999651
1500,13,0.999652
1510,11,0.999653
1520,19,0.999655
1530,21,0.999657
1540,18,0.999659
1550,13,0.999661
1560,18,0.999662
1570,13,0.999664
1580,22,0.999666
1590,18,0.999668
1600,13,0.999669
1610,11,0.999671
1620,16,0.999672
1630,18,0.999674
1640,13,0.999675
1650,15,0.999677
1660,15,0.999679
1670,11,0.999680
1680,12,0.999681
1690,11,0.999682
1700,16,0.999684
1710,15,0.999685
1720,21,0.999688
1730,17,0.999689
1740,22,0.999692
1750,10,0.999693
1760,23,0.999695
1770,12,0.999697
1780,25,0.999699
1790,18,0.999701
1800,22,0.999703
1810,20,0.999705
1820,15,0.999707
1830,16,0.999709
1840,18,0.999711
1850,19,0.999713
1860,29,0.999716
1870,26,0.999718
1880,25,0.999721
1890,30,0.999724
1900,38,0.999728
1910,37,0.999732
1920,31,0.999735
1930,27,0.999738
1940,28,0.999741
1950,21,0.999743
1960,33,0.999747
1970,27,0.999750
1980,13,0.999751
1990,24,0.999754
2000,22,0.999756
2010,24,0.999758
2020,26,0.999761
2030,25,0.999764
2040,18,0.999766
2050,11,0.999767
2060,16,0.999769
2070,13,0.999770
2080,17,0.999772
2090,25,0.999774
2100,17,0.999776
2110,16,0.999778
2120,14,0.999779
2130,17,0.999781
2140,19,0.999783
2150,18,0.999785
2160,11,0.999786
2170,15,0.999788
2180,19,0.999790
2190,10,0.999791
2200,19,0.999793
2210,19,0.999795
2220,12,0.999796
2230,10,0.999797
2240,17,0.999799
2250,15,0.999800
2260,14,0.999802
2270,20,0.999804
2280,18,0.999806
2290,21,0.999808
2300,18,0.999810
2310,15,0.999812
2320,20,0.999814
2330,13,0.999815
2340,12,0.999816
2350,18,0.999818
2360,9,0.999819
2370,19,0.999821
2380,18,0.999823
2390,16,0.999825
2400,9,0.999826
2410,13,0.999827
2420,10,0.999828
2430,15,0.999830
2440,19,0.999832
2450,17,0.999833
2460,13,0.999835
2470,11,0.999836
2480,13,0.999837
2490,14,0.999839
2500,13,0.999840
2510,14,0.999842
2520,10,0.999843
2530,13,0.999844
2540,12,0.999845
2550,20,0.999847
2560,17,0.999849
2570,13,0.999851
2580,14,0.999852
2590,14,0.999854
2600,18,0.999855
2610,12,0.999857
2620,15,0.999858
2630,7,0.999859
2640,12,0.999860
2650,11,0.999861
2660,15,0.999863
2670,17,0.999865
2680,17,0.999867
2690,9,0.999868
2700,11,0.999869
2710,12,0.999870
2720,16,0.999872
2730,9,0.999873
2740,13,0.999874
2750,11,0.999875
2760,12,0.999876
2770,8,0.999877
2780,13,0.999879
2790,15,0.999880
2800,14,0.999882
2810,17,0.999883
2820,10,0.999885
2830,14,0.999886
2840,9,0.999887
2850,13,0.999888
2860,16,0.999890
2870,11,0.999891
2880,13,0.999893
2890,19,0.999894
2900,10,0.999896
2910,15,0.999897
2920,11,0.999898
2930,10,0.999899
2940,10,0.999900
2950,9,0.999901
2960,13,0.999903
2970,14,0.999904
2980,8,0.999905
2990,8,0.999906
3000,7,0.999907
3010,14,0.999908
3020,15,0.999910
3030,10,0.999911
3040,18,0.999913
3050,10,0.999914
3060,12,0.999915
3070,15,0.999917
3080,10,0.999918
3090,10,0.999919
3100,12,0.999920
3110,15,0.999922
3120,11,0.999923
3130,11,0.999924
3140,14,0.999925
3150,13,0.999927
3160,9,0.999928
3170,15,0.999929
3180,7,0.999930
3190,16,0.999932
3200,8,0.999932
3210,11,0.999934
3220,12,0.999935
3230,14,0.999936
3240,8,0.999937
3250,9,0.999938
3260,12,0.999939
3270,11,0.999941
3280,7,0.999941
3290,8,0.999942
3300,7,0.999943
3310,8,0.999944
3320,17,0.999945
3330,10,0.999947
3340,12,0.999948
3350,14,0.999949
3360,6,0.999950
3370,14,0.999951
3380,17,0.999953
3390,7,0.999954
3400,10,0.999955
3410,8,0.999956
3420,15,0.999957
3430,11,0.999959
3440,9,0.999959
3450,13,0.999961
3460,13,0.999962
3470,4,0.999963
3480,6,0.999963
3490,12,0.999965
3500,6,0.999965
3510,10,0.999966
3520,9,0.999967
3530,11,0.999968
3540,7,0.999969
3550,15,0.999971
3560,11,0.999972
3570,3,0.999972
3580,14,0.999974
3590,15,0.999975
3600,7,0.999976
3610,5,0.999976
3620,8,0.999977
3630,8,0.999978
3640,5,0.999979
3650,8,0.999979
3660,5,0.999980
3670,6,0.999981
3680,7,0.999981
3690,6,0.999982
3700,6,0.999983
3710,8,0.999983
3720,3,0.999984
3730,5,0.999984
3740,4,0.999985
3750,5,0.999985
3760,8,0.999986
3770,5,0.999987
3780,3,0.999987
3790,1,0.999987
3800,7,0.999988
3810,4,0.999988
3820,3,0.999989
3830,3,0.999989
3840,2,0.999989
3850,1,0.999989
3860,1,0.999989
3870,2,0.999989
3890,1,0.999990
3910,1,0.999990
3940,1,0.999990
3950,1,0.999990
3960,2,0.999990
3970,1,0.999990
3990,2,0.999990
4000,1,0.999991
4010,1,0.999991
4020,1,0.999991
4050,1,0.999991
4070,2,0.999991
4130,1,0.999991
4150,1,0.999991
4160,2,0.999991
4200,2,0.999992
4210,1,0.999992
4240,1,0.999992
4280,1,0.999992
4380,1,0.999992
4430,2,0.999992
4490,1,0.999992
4500,2,0.999993
4530,1,0.999993
4540,1,0.999993
4640,1,0.999993
4660,1,0.999993
4690,3,0.999993
4710,1,0.999994
4720,2,0.999994
4730,2,0.999994
4740,5,0.999994
4750,2,0.999995
4780,4,0.999995
4790,1,0.999995
4800,2,0.999995
4810,2,0.999996
4830,1,0.999996
4840,2,0.999996
4850,1,0.999996
4860,1,0.999996
4870,1,0.999996
4880,1,0.999996
4890,1,0.999996
4900,2,0.999997
4910,2,0.999997
4920,1,0.999997
4930,3,0.999997
4940,1,0.999997
4950,1,0.999997
4960,2,0.999998
4970,2,0.999998
4980,4,0.999998
4990,1,0.999998
5020,1,0.999999
5030,2,0.999999
5040,2,0.999999
5070,1,0.999999
5080,1,0.999999
5090,1,0.999999
5110,1,0.999999
5120,1,0.999999
5140,1,1.000000
5200,1,1.000000
5220,1,1.000000
5270,1,1.000000
5910,1,1.000000
