#latency,cnt,cdf
20,1,0.000000
30,13,0.000001
50,24202,0.002549
60,1185517,0.127346
70,95855,0.137437
80,1150734,0.258573
90,22779,0.260971
100,86788,0.270107
110,366556,0.308693
120,771687,0.389927
130,381770,0.430116
140,83450,0.438900
150,588150,0.500814
160,139768,0.515527
170,403694,0.558023
180,620851,0.623379
190,359666,0.661240
200,764623,0.741731
210,116078,0.753950
220,370909,0.792995
230,192148,0.813222
240,293211,0.844088
250,284039,0.873988
260,168142,0.891688
270,263537,0.919430
280,87564,0.928648
290,95215,0.938671
300,87191,0.947849
310,184500,0.967271
320,81247,0.975824
330,50208,0.981109
340,32919,0.984575
350,35941,0.988358
360,17590,0.990210
370,13632,0.991645
380,19378,0.993685
390,10826,0.994824
400,6872,0.995548
410,5409,0.996117
420,6627,0.996815
430,3916,0.997227
440,2550,0.997495
450,2168,0.997724
460,1983,0.997932
470,1944,0.998137
480,1737,0.998320
490,1256,0.998452
500,961,0.998553
510,763,0.998634
520,721,0.998709
530,923,0.998807
540,410,0.998850
550,289,0.998880
560,194,0.998901
570,243,0.998926
580,227,0.998950
590,176,0.998969
600,175,0.998987
610,102,0.998998
620,118,0.999010
630,122,0.999023
640,117,0.999035
650,105,0.999047
660,102,0.999057
670,105,0.999068
680,94,0.999078
690,110,0.999090
700,112,0.999102
710,125,0.999115
720,100,0.999125
730,92,0.999135
740,87,0.999144
750,108,0.999155
760,86,0.999164
770,83,0.999173
780,114,0.999185
790,123,0.999198
800,100,0.999209
810,114,0.999221
820,78,0.999229
830,107,0.999240
840,75,0.999248
850,70,0.999255
860,78,0.999264
870,75,0.999272
880,77,0.999280
890,69,0.999287
900,62,0.999293
910,56,0.999299
920,53,0.999305
930,54,0.999311
940,48,0.999316
950,50,0.999321
960,58,0.999327
970,39,0.999331
980,43,0.999336
990,37,0.999340
1000,40,0.999344
1010,34,0.999347
1020,41,0.999352
1030,39,0.999356
1040,44,0.999360
1050,37,0.999364
1060,46,0.999369
1070,44,0.999374
1080,40,0.999378
1090,35,0.999382
1100,35,0.999385
1110,41,0.999390
1120,39,0.999394
1130,57,0.999400
1140,40,0.999404
1150,31,0.999407
1160,44,0.999412
1170,36,0.999416
1180,42,0.999420
1190,36,0.999424
1200,31,0.999427
1210,24,0.999430
1220,34,0.999433
1230,33,0.999437
1240,35,0.999440
1250,28,0.999443
1260,32,0.999447
1270,34,0.999450
1280,33,0.999454
1290,33,0.999457
1300,30,0.999460
1310,26,0.999463
1320,38,0.999467
1330,28,0.999470
1340,33,0.999474
1350,26,0.999476
1360,33,0.999480
1370,28,0.999483
1380,26,0.999485
1390,35,0.999489
1400,27,0.999492
1410,27,0.999495
1420,23,0.999497
1430,42,0.999502
1440,30,0.999505
1450,25,0.999507
1460,24,0.999510
1470,25,0.999513
1480,18,0.999515
1490,21,0.999517
1500,27,0.999520
1510,30,0.999523
1520,19,0.999525
1530,25,0.999527
1540,28,0.999530
1550,23,0.999533
1560,24,0.999535
1570,26,0.999538
1580,22,0.999540
1590,32,0.999544
1600,31,0.999547
1610,26,0.999550
1620,31,0.999553
1630,23,0.999555
1640,25,0.999558
1650,27,0.999561
1660,27,0.999564
1670,21,0.999566
1680,27,0.999569
1690,27,0.999572
1700,18,0.999573
1710,17,0.999575
1720,20,0.999577
1730,22,0.999580
1740,30,0.999583
1750,20,0.999585
1760,20,0.999587
1770,13,0.999588
1780,22,0.999591
1790,20,0.999593
1800,32,0.999596
1810,27,0.999599
1820,27,0.999602
1830,13,0.999603
1840,26,0.999606
1850,33,0.999609
1860,28,0.999612
1870,31,0.999616
1880,35,0.999619
1890,47,0.999624
1900,29,0.999627
1910,42,0.999632
1920,44,0.999636
1930,32,0.999640
1940,45,0.999645
1950,31,0.999648
1960,35,0.999651
1970,27,0.999654
1980,35,0.999658
1990,18,0.999660
2000,28,0.999663
2010,24,0.999665
2020,23,0.999668
2030,28,0.999671
2040,31,0.999674
2050,25,0.999677
2060,22,0.999679
2070,16,0.999681
2080,15,0.999682
2090,23,0.999685
2100,21,0.999687
2110,21,0.999689
2120,17,0.999691
2130,16,0.999692
2140,15,0.999694
2150,21,0.999696
2160,20,0.999698
2170,19,0.999700
2180,21,0.999703
2190,28,0.999706
2200,10,0.999707
2210,26,0.999709
2220,17,0.999711
2230,16,0.999713
2240,21,0.999715
2250,19,0.999717
2260,26,0.999720
2270,25,0.999722
2280,23,0.999725
2290,29,0.999728
2300,25,0.999731
2310,30,0.999734
2320,16,0.999735
2330,17,0.999737
2340,22,0.999739
2350,21,0.999742
2360,20,0.999744
2370,24,0.999746
2380,20,0.999748
2390,31,0.999752
2400,18,0.999754
2410,41,0.999758
2420,17,0.999760
2430,26,0.999762
2440,20,0.999765
2450,20,0.999767
2460,16,0.999768
2470,19,0.999770
2480,19,0.999772
2490,17,0.999774
2500,11,0.999775
2510,28,0.999778
2520,25,0.999781
2530,16,0.999783
2540,12,0.999784
2550,21,0.999786
2560,15,0.999788
2570,19,0.999790
2580,19,0.999792
2590,23,0.999794
2600,18,0.999796
2610,19,0.999798
2620,20,0.999800
2630,19,0.999802
2640,22,0.999804
2650,16,0.999806
2660,22,0.999808
2670,23,0.999811
2680,18,0.999813
2690,24,0.999815
2700,16,0.999817
2710,13,0.999818
2720,26,0.999821
2730,19,0.999823
2740,16,0.999825
2750,17,0.999826
2760,23,0.999829
2770,18,0.999831
2780,13,0.999832
2790,20,0.999834
2800,14,0.999836
2810,20,0.999838
2820,19,0.999840
2830,17,0.999842
2840,22,0.999844
2850,17,0.999846
2860,12,0.999847
2870,14,0.999848
2880,15,0.999850
2890,24,0.999853
2900,17,0.999854
2910,19,0.999856
2920,15,0.999858
2930,14,0.999859
2940,19,0.999861
2950,17,0.999863
2960,19,0.999865
2970,21,0.999867
2980,19,0.999869
2990,20,0.999871
3000,18,0.999873
3010,20,0.999875
3020,16,0.999877
3030,15,0.999879
3040,14,0.999880
3050,14,0.999882
3060,14,0.999883
3070,20,0.999885
3080,23,0.999888
3090,21,0.999890
3100,18,0.999892
3110,20,0.999894
3120,13,0.999895
3130,12,0.999897
3140,12,0.999898
3150,16,0.999899
3160,20,0.999902
3170,25,0.999904
3180,17,0.999906
3190,12,0.999907
3200,9,0.999908
3210,12,0.999909
3220,12,0.999911
3230,10,0.999912
3240,20,0.999914
3250,16,0.999916
3260,11,0.999917
3270,15,0.999918
3280,11,0.999919
3290,19,0.999921
3300,20,0.999924
3310,11,0.999925
3320,20,0.999927
3330,20,0.999929
3340,16,0.999931
3350,17,0.999932
3360,18,0.999934
3370,14,0.999936
3380,15,0.999937
3390,16,0.999939
3400,12,0.999940
3410,17,0.999942
3420,13,0.999943
3430,9,0.999944
3440,12,0.999946
3450,16,0.999947
3460,14,0.999949
3470,15,0.999950
3480,10,0.999951
3490,26,0.999954
3500,14,0.999956
3510,11,0.999957
3520,9,0.999958
3530,11,0.999959
3540,11,0.999960
3550,11,0.999961
3560,13,0.999963
3570,11,0.999964
3580,15,0.999965
3590,10,0.999966
3600,10,0.999967
3610,13,0.999969
3620,8,0.999970
3630,11,0.999971
3640,7,0.999972
3650,8,0.999972
3660,11,0.999974
3670,11,0.999975
3680,15,0.999976
3690,7,0.999977
3700,10,0.999978
3710,8,0.999979
3720,7,0.999980
3730,1,0.999980
3740,7,0.999981
3750,12,0.999982
3760,7,0.999983
3770,10,0.999984
3780,7,0.999984
3790,6,0.999985
3800,8,0.999986
3810,1,0.999986
3820,5,0.999986
3830,5,0.999987
3840,1,0.999987
3850,3,0.999987
3860,4,0.999988
3870,3,0.999988
3890,5,0.999989
3900,4,0.999989
3910,1,0.999989
3920,2,0.999989
3940,3,0.999990
3950,1,0.999990
3960,1,0.999990
3970,3,0.999990
3980,1,0.999990
4000,2,0.999991
4010,5,0.999991
4020,1,0.999991
4050,1,0.999991
4110,1,0.999991
4140,1,0.999991
4280,1,0.999992
4320,1,0.999992
4430,1,0.999992
4480,1,0.999992
4490,1,0.999992
4510,1,0.999992
4550,1,0.999992
4640,1,0.999992
4670,1,0.999992
4690,1,0.999993
4710,1,0.999993
4720,2,0.999993
4730,1,0.999993
4740,1,0.999993
4760,2,0.999993
4770,2,0.999994
4790,1,0.999994
4800,1,0.999994
4820,1,0.999994
4830,3,0.999994
4840,1,0.999994
4850,3,0.999995
4870,1,0.999995
4880,7,0.999995
4900,2,0.999996
4910,2,0.999996
4940,4,0.999996
4950,2,0.999996
4960,4,0.999997
4970,3,0.999997
4980,2,0.999997
4990,1,0.999997
5000,1,0.999998
5010,2,0.999998
5020,1,0.999998
5030,3,0.999998
5040,1,0.999998
5060,4,0.999999
5080,2,0.999999
5100,1,0.999999
5110,1,0.999999
5130,2,0.999999
5150,1,0.999999
5190,2,1.000000
6460,1,1.000000
6610,1,1.000000
6770,1,1.000000
