#latency,cnt,cdf
0,1815036,0.181504
10,8454,0.182349
20,629,0.182412
30,32009,0.185613
40,398,0.185653
50,17685,0.187421
60,1776013,0.365022
70,109730,0.375995
80,1703870,0.546382
90,35359,0.549918
100,450389,0.594957
110,801197,0.675077
120,876998,0.762777
130,356190,0.798396
140,55243,0.803920
150,2725,0.804192
160,7149,0.804907
170,529488,0.857856
180,248874,0.882744
190,620250,0.944769
200,6210,0.945390
210,1010,0.945491
220,6387,0.946129
230,506335,0.996763
240,19357,0.998698
250,742,0.998773
260,579,0.998831
270,576,0.998888
280,270,0.998915
290,366,0.998952
300,234,0.998975
310,334,0.999009
320,370,0.999046
330,228,0.999068
340,143,0.999083
350,248,0.999107
360,190,0.999126
370,171,0.999144
380,213,0.999165
390,131,0.999178
400,126,0.999191
410,115,0.999202
420,123,0.999214
430,101,0.999224
440,91,0.999234
450,65,0.999240
460,52,0.999245
470,56,0.999251
480,46,0.999255
490,40,0.999259
500,42,0.999264
510,31,0.999267
520,40,0.999271
530,45,0.999275
540,33,0.999279
550,35,0.999282
560,43,0.999286
570,50,0.999291
580,33,0.999295
590,32,0.999298
600,46,0.999303
610,42,0.999307
620,46,0.999311
630,38,0.999315
640,57,0.999321
650,62,0.999327
660,76,0.999335
670,75,0.999342
680,58,0.999348
690,56,0.999354
700,60,0.999359
710,48,0.999364
720,42,0.999368
730,26,0.999371
740,36,0.999375
750,49,0.999380
760,50,0.999385
770,40,0.999389
780,49,0.999394
790,41,0.999398
800,51,0.999403
810,47,0.999407
820,29,0.999410
830,31,0.999413
840,41,0.999417
850,34,0.999421
860,28,0.999424
870,25,0.999426
880,14,0.999428
890,25,0.999430
900,32,0.999433
910,23,0.999436
920,17,0.999437
930,17,0.999439
940,17,0.999441
950,19,0.999443
960,15,0.999444
970,10,0.999445
980,12,0.999446
990,8,0.999447
1000,17,0.999449
1010,28,0.999452
1020,31,0.999455
1030,39,0.999459
1040,58,0.999464
1050,58,0.999470
1060,64,0.999477
1070,67,0.999483
1080,52,0.999488
1090,51,0.999494
1100,34,0.999497
1110,42,0.999501
1120,31,0.999504
1130,36,0.999508
1140,37,0.999512
1150,35,0.999515
1160,42,0.999519
1170,35,0.999523
1180,27,0.999525
1190,27,0.999528
1200,30,0.999531
1210,36,0.999535
1220,28,0.999538
1230,22,0.999540
1240,14,0.999541
1250,25,0.999544
1260,19,0.999546
1270,15,0.999547
1280,15,0.999549
1290,10,0.999550
1300,5,0.999550
1310,14,0.999551
1320,15,0.999553
1330,16,0.999555
1340,7,0.999555
1350,10,0.999556
1360,9,0.999557
1370,11,0.999558
1380,10,0.999559
1390,10,0.999560
1400,4,0.999561
1410,7,0.999561
1420,8,0.999562
1430,8,0.999563
1440,5,0.999564
1450,11,0.999565
1460,3,0.999565
1470,12,0.999566
1480,13,0.999567
1490,9,0.999568
1500,8,0.999569
1510,14,0.999570
1520,7,0.999571
1530,6,0.999572
1540,7,0.999573
1550,14,0.999574
1560,5,0.999574
1570,5,0.999575
1580,10,0.999576
1590,7,0.999577
1600,4,0.999577
1610,4,0.999577
1620,9,0.999578
1630,7,0.999579
1640,15,0.999581
1650,9,0.999581
1660,8,0.999582
1670,9,0.999583
1680,12,0.999584
1690,8,0.999585
1700,11,0.999586
1710,10,0.999587
1720,8,0.999588
1730,5,0.999588
1740,9,0.999589
1750,11,0.999591
1760,4,0.999591
1770,7,0.999592
1780,19,0.999593
1790,48,0.999598
1800,70,0.999605
1810,107,0.999616
1820,100,0.999626
1830,60,0.999632
1840,92,0.999641
1850,40,0.999645
1860,27,0.999648
1870,25,0.999650
1880,20,0.999652
1890,20,0.999654
1900,28,0.999657
1910,20,0.999659
1920,23,0.999662
1930,32,0.999665
1940,53,0.999670
1950,70,0.999677
1960,33,0.999680
1970,31,0.999683
1980,18,0.999685
1990,19,0.999687
2000,22,0.999689
2010,19,0.999691
2020,10,0.999692
2030,16,0.999694
2040,10,0.999695
2050,9,0.999696
2060,14,0.999697
2070,14,0.999699
2080,12,0.999700
2090,12,0.999701
2100,10,0.999702
2110,4,0.999702
2120,11,0.999703
2130,12,0.999705
2140,11,0.999706
2150,11,0.999707
2160,9,0.999708
2170,9,0.999709
2180,13,0.999710
2190,10,0.999711
2200,23,0.999713
2210,16,0.999715
2220,18,0.999717
2230,16,0.999718
2240,18,0.999720
2250,25,0.999722
2260,16,0.999724
2270,17,0.999726
2280,11,0.999727
2290,19,0.999729
2300,16,0.999730
2310,15,0.999732
2320,17,0.999734
2330,12,0.999735
2340,21,0.999737
2350,17,0.999739
2360,18,0.999740
2370,7,0.999741
2380,26,0.999744
2390,18,0.999745
2400,11,0.999747
2410,14,0.999748
2420,10,0.999749
2430,10,0.999750
2440,19,0.999752
2450,11,0.999753
2460,16,0.999755
2470,17,0.999756
2480,10,0.999757
2490,6,0.999758
2500,11,0.999759
2510,6,0.999760
2520,14,0.999761
2530,5,0.999762
2540,11,0.999763
2550,8,0.999763
2560,6,0.999764
2570,4,0.999764
2580,8,0.999765
2590,4,0.999766
2600,10,0.999767
2610,4,0.999767
2620,4,0.999767
2630,13,0.999769
2640,5,0.999769
2650,4,0.999770
2660,5,0.999770
2670,4,0.999771
2680,3,0.999771
2690,5,0.999771
2700,7,0.999772
2710,12,0.999773
2720,5,0.999774
2730,5,0.999774
2740,6,0.999775
2760,2,0.999775
2770,9,0.999776
2780,4,0.999776
2790,5,0.999777
2800,7,0.999777
2810,5,0.999778
2820,8,0.999779
2830,5,0.999779
2840,6,0.999780
2850,9,0.999781
2860,7,0.999781
2870,7,0.999782
2880,9,0.999783
2890,2,0.999783
2900,3,0.999784
2910,2,0.999784
2920,5,0.999784
2930,7,0.999785
2940,5,0.999785
2950,2,0.999786
2960,2,0.999786
2970,3,0.999786
2980,11,0.999787
2990,5,0.999788
3000,4,0.999788
3010,5,0.999789
3020,6,0.999789
3030,9,0.999790
3040,7,0.999791
3050,4,0.999791
3060,5,0.999792
3070,13,0.999793
3080,8,0.999794
3090,5,0.999794
3100,4,0.999795
3110,13,0.999796
3120,7,0.999797
3130,5,0.999797
3140,7,0.999798
3150,4,0.999798
3160,4,0.999799
3170,12,0.999800
3180,5,0.999801
3190,3,0.999801
3200,3,0.999801
3210,11,0.999802
3220,4,0.999803
3230,8,0.999803
3240,5,0.999804
3250,6,0.999804
3260,5,0.999805
3270,4,0.999805
3280,5,0.999806
3290,6,0.999807
3300,5,0.999807
3310,11,0.999808
3320,10,0.999809
3330,8,0.999810
3340,9,0.999811
3350,12,0.999812
3360,5,0.999812
3370,9,0.999813
3380,4,0.999814
3390,7,0.999815
3400,6,0.999815
3410,6,0.999816
3420,8,0.999816
3430,9,0.999817
3440,6,0.999818
3460,7,0.999819
3470,9,0.999820
3480,6,0.999820
3490,3,0.999820
3500,7,0.999821
3510,6,0.999822
3520,3,0.999822
3530,6,0.999823
3540,8,0.999824
3550,6,0.999824
3560,7,0.999825
3570,5,0.999825
3580,4,0.999826
3590,8,0.999826
3600,5,0.999827
3610,9,0.999828
3620,6,0.999829
3630,7,0.999829
3640,4,0.999830
3650,6,0.999830
3660,4,0.999831
3670,4,0.999831
3680,5,0.999831
3690,6,0.999832
3700,4,0.999833
3710,9,0.999833
3720,5,0.999834
3730,4,0.999834
3740,5,0.999835
3750,4,0.999835
3760,2,0.999835
3770,1,0.999835
3780,6,0.999836
3790,1,0.999836
3800,5,0.999837
3810,3,0.999837
3820,3,0.999837
3830,4,0.999838
3840,3,0.999838
3850,3,0.999838
3860,3,0.999839
3870,5,0.999839
3880,8,0.999840
3890,2,0.999840
3900,2,0.999840
3910,4,0.999841
3920,4,0.999841
3930,1,0.999841
3940,5,0.999842
3950,2,0.999842
3960,6,0.999843
3970,8,0.999843
3980,4,0.999844
3990,4,0.999844
4000,3,0.999844
4010,3,0.999845
4020,2,0.999845
4030,4,0.999845
4040,2,0.999846
4050,4,0.999846
4070,1,0.999846
4080,6,0.999847
4090,3,0.999847
4100,4,0.999847
4110,3,0.999848
4120,1,0.999848
4130,2,0.999848
4140,3,0.999848
4150,3,0.999848
4160,4,0.999849
4170,3,0.999849
4190,6,0.999850
4200,4,0.999850
4220,4,0.999851
4230,2,0.999851
4250,1,0.999851
4270,4,0.999851
4280,2,0.999852
4290,3,0.999852
4300,2,0.999852
4310,3,0.999852
4330,1,0.999852
4340,1,0.999852
4350,8,0.999853
4360,7,0.999854
4370,9,0.999855
4380,4,0.999855
4390,11,0.999856
4400,6,0.999857
4410,7,0.999858
4420,6,0.999858
4430,4,0.999859
4440,3,0.999859
4450,8,0.999860
4460,5,0.999860
4470,6,0.999861
4490,5,0.999861
4500,4,0.999862
4510,3,0.999862
4520,4,0.999862
4530,7,0.999863
4540,8,0.999864
4550,18,0.999866
4560,18,0.999868
4570,13,0.999869
4580,10,0.999870
4590,11,0.999871
4600,19,0.999873
4610,29,0.999876
4620,34,0.999879
4630,21,0.999881
4640,9,0.999882
4650,20,0.999884
4660,10,0.999885
4670,10,0.999886
4680,25,0.999889
4690,17,0.999890
4700,12,0.999892
4710,18,0.999893
4720,19,0.999895
4730,8,0.999896
4740,14,0.999897
4750,15,0.999899
4760,12,0.999900
4770,13,0.999901
4780,12,0.999903
4790,14,0.999904
4800,28,0.999907
4810,20,0.999909
4820,18,0.999911
4830,34,0.999914
4840,39,0.999918
4850,48,0.999923
4860,28,0.999926
4870,35,0.999929
4880,42,0.999933
4890,49,0.999938
4900,45,0.999943
4910,32,0.999946
4920,9,0.999947
4930,13,0.999948
4940,29,0.999951
4950,11,0.999952
4960,21,0.999954
4970,18,0.999956
4980,13,0.999957
4990,20,0.999959
5000,12,0.999960
5010,13,0.999962
5020,16,0.999963
5030,7,0.999964
5040,14,0.999965
5050,12,0.999967
5060,8,0.999968
5070,8,0.999968
5080,10,0.999969
5090,10,0.999970
5100,12,0.999972
5110,12,0.999973
5120,5,0.999973
5130,6,0.999974
5140,5,0.999974
5150,3,0.999975
5160,5,0.999975
5170,6,0.999976
5180,7,0.999976
5190,3,0.999977
5200,2,0.999977
5210,3,0.999977
5220,1,0.999977
5230,3,0.999978
5240,7,0.999978
5250,7,0.999979
5260,3,0.999979
5270,3,0.999980
5280,2,0.999980
5290,4,0.999980
5300,3,0.999981
5310,6,0.999981
5320,2,0.999981
5330,7,0.999982
5340,4,0.999982
5350,5,0.999983
5360,3,0.999983
5370,3,0.999983
5380,1,0.999984
5390,1,0.999984
5400,1,0.999984
5410,2,0.999984
5420,2,0.999984
5430,5,0.999985
5440,2,0.999985
5450,4,0.999985
5460,1,0.999985
5470,2,0.999986
5480,3,0.999986
5490,2,0.999986
5500,2,0.999986
5510,2,0.999987
5520,2,0.999987
5550,2,0.999987
5560,1,0.999987
5570,2,0.999987
5580,3,0.999987
5600,5,0.999988
5610,1,0.999988
5620,3,0.999988
5630,7,0.999989
5640,2,0.999989
5650,4,0.999990
5660,1,0.999990
5680,3,0.999990
5700,1,0.999990
5710,3,0.999991
5720,2,0.999991
5730,3,0.999991
5740,2,0.999991
5750,3,0.999991
5760,1,0.999992
5780,2,0.999992
5790,5,0.999992
5800,2,0.999992
5810,2,0.999993
5820,3,0.999993
5830,1,0.999993
5840,1,0.999993
5850,1,0.999993
5860,2,0.999994
5880,1,0.999994
5890,5,0.999994
5910,3,0.999994
5920,2,0.999995
5950,2,0.999995
5960,2,0.999995
5980,3,0.999995
6000,1,0.999995
6010,1,0.999996
6020,1,0.999996
6030,1,0.999996
6040,4,0.999996
6060,1,0.999996
6080,4,0.999997
6090,2,0.999997
6100,2,0.999997
6110,1,0.999997
6120,1,0.999997
6140,1,0.999997
6160,1,0.999997
6180,1,0.999997
6220,1,0.999998
6240,2,0.999998
6260,1,0.999998
6290,1,0.999998
6360,1,0.999998
6370,1,0.999998
6450,1,0.999998
6500,1,0.999998
6670,1,0.999999
6810,2,0.999999
6830,1,0.999999
6900,1,0.999999
6920,1,0.999999
7440,1,0.999999
7460,1,0.999999
7790,1,0.999999
7830,1,0.999999
8630,1,1.000000
9010,1,1.000000
9040,1,1.000000
9110,1,1.000000
9740,1,1.000000
10340,1,1.000000
