#latency,cnt,cdf
0,22,0.000002
20,8399,0.000842
30,5751,0.001417
40,1963,0.001614
50,328115,0.034425
60,429994,0.077424
70,559661,0.133391
80,394076,0.172798
90,240570,0.196855
100,322580,0.229113
110,640582,0.293171
120,326061,0.325777
130,242763,0.350054
140,214390,0.371493
150,201388,0.391632
160,287357,0.420367
170,249120,0.445279
180,305718,0.475851
190,206759,0.496527
200,178307,0.514358
210,160464,0.530404
220,150031,0.545407
230,141149,0.559522
240,132804,0.572802
250,126579,0.585460
260,117970,0.597257
270,109857,0.608243
280,101668,0.618410
290,95483,0.627958
300,90081,0.636966
310,85338,0.645500
320,80460,0.653546
330,75871,0.661133
340,70414,0.668175
350,66030,0.674778
360,62158,0.680993
370,58795,0.686873
380,55301,0.692403
390,52628,0.697666
400,50126,0.702678
410,47866,0.707465
420,45055,0.711970
430,42929,0.716263
440,40815,0.720345
450,38751,0.724220
460,36970,0.727917
470,34764,0.731393
480,33588,0.734752
490,31825,0.737935
500,30432,0.740978
510,29532,0.743931
520,28305,0.746762
530,27136,0.749475
540,26048,0.752080
550,25213,0.754601
560,23936,0.756995
570,23082,0.759303
580,22384,0.761541
590,21471,0.763689
600,20667,0.765755
610,20051,0.767760
620,19263,0.769687
630,18354,0.771522
640,17871,0.773309
650,17472,0.775056
660,16810,0.776737
670,16414,0.778379
680,15833,0.779962
690,15302,0.781492
700,14844,0.782977
710,14402,0.784417
720,13959,0.785813
730,13512,0.787164
740,13098,0.788474
750,12873,0.789761
760,12470,0.791008
770,12083,0.792216
780,11830,0.793399
790,11463,0.794546
800,11380,0.795684
810,10953,0.796779
820,10781,0.797857
830,10543,0.798911
840,10221,0.799933
850,10137,0.800947
860,9792,0.801926
870,9611,0.802887
880,9296,0.803817
890,9173,0.804734
900,9087,0.805643
910,8807,0.806524
920,8525,0.807376
930,8411,0.808217
940,8311,0.809048
950,8104,0.809859
960,8027,0.810662
970,7686,0.811430
980,7628,0.812193
990,7427,0.812936
1000,7312,0.813667
1010,7317,0.814399
1020,7104,0.815109
1030,6927,0.815802
1040,6913,0.816493
1050,6902,0.817183
1060,6666,0.817850
1070,6493,0.818499
1080,6496,0.819149
1090,6363,0.819785
1100,6385,0.820423
1110,6291,0.821053
1120,6240,0.821677
1130,6094,0.822286
1140,5902,0.822876
1150,5903,0.823466
1160,5709,0.824037
1170,5780,0.824615
1180,5573,0.825173
1190,5511,0.825724
1200,5649,0.826289
1210,5397,0.826828
1220,5352,0.827364
1230,5158,0.827879
1240,5160,0.828395
1250,4969,0.828892
1260,5031,0.829395
1270,5083,0.829904
1280,4916,0.830395
1290,4794,0.830875
1300,4927,0.831367
1310,4817,0.831849
1320,4691,0.832318
1330,4726,0.832791
1340,4576,0.833248
1350,4625,0.833711
1360,4605,0.834171
1370,4569,0.834628
1380,4424,0.835071
1390,4384,0.835509
1400,4501,0.835959
1410,4381,0.836397
1420,4349,0.836832
1430,4190,0.837251
1440,4425,0.837694
1450,4208,0.838115
1460,4119,0.838526
1470,4052,0.838932
1480,3932,0.839325
1490,3991,0.839724
1500,4054,0.840129
1510,3860,0.840515
1520,3928,0.840908
1530,3831,0.841291
1540,3814,0.841673
1550,3759,0.842048
1560,3836,0.842432
1570,3729,0.842805
1580,3735,0.843179
1590,3756,0.843554
1600,3831,0.843937
1610,3634,0.844301
1620,3619,0.844662
1630,3515,0.845014
1640,3426,0.845357
1650,3471,0.845704
1660,3622,0.846066
1670,3374,0.846403
1680,3465,0.846750
1690,3470,0.847097
1700,3543,0.847451
1710,3354,0.847786
1720,3396,0.848126
1730,3487,0.848475
1740,3318,0.848807
1750,3321,0.849139
1760,3279,0.849467
1770,3269,0.849793
1780,3260,0.850119
1790,3136,0.850433
1800,3266,0.850760
1810,3224,0.851082
1820,3189,0.851401
1830,3115,0.851712
1840,3072,0.852020
1850,3132,0.852333
1860,3056,0.852638
1870,3177,0.852956
1880,3279,0.853284
1890,3088,0.853593
1900,3056,0.853898
1910,3116,0.854210
1920,2987,0.854509
1930,2976,0.854806
1940,2950,0.855101
1950,2918,0.855393
1960,3044,0.855698
1970,2951,0.855993
1980,2917,0.856284
1990,2861,0.856570
2000,2903,0.856861
2010,2912,0.857152
2020,2845,0.857436
2030,2889,0.857725
2040,2915,0.858017
2050,2845,0.858301
2060,2739,0.858575
2070,2819,0.858857
2080,2842,0.859141
2090,2895,0.859431
2100,2775,0.859708
2110,2781,0.859986
2120,2664,0.860253
2130,2752,0.860528
2140,2725,0.860801
2150,2876,0.861088
2160,2774,0.861366
2170,2731,0.861639
2180,2659,0.861905
2190,2604,0.862165
2200,2678,0.862433
2210,2635,0.862696
2220,2715,0.862968
2230,2598,0.863228
2240,2660,0.863494
2250,2549,0.863748
2260,2566,0.864005
2270,2625,0.864268
2280,2589,0.864527
2290,2598,0.864786
2300,2564,0.865043
2310,2481,0.865291
2320,2429,0.865534
2330,2508,0.865784
2340,2524,0.866037
2350,2624,0.866299
2360,2428,0.866542
2370,2437,0.866786
2380,2447,0.867031
2390,2497,0.867280
2400,2431,0.867523
2410,2534,0.867777
2420,2446,0.868021
2430,2465,0.868268
2440,2401,0.868508
2450,2430,0.868751
2460,2409,0.868992
2470,2367,0.869228
2480,2387,0.869467
2490,2369,0.869704
2500,2410,0.869945
2510,2356,0.870181
2520,2252,0.870406
2530,2486,0.870654
2540,2296,0.870884
2550,2331,0.871117
2560,2394,0.871357
2570,2330,0.871590
2580,2269,0.871817
2590,2279,0.872044
2600,2174,0.872262
2610,2342,0.872496
2620,2299,0.872726
2630,2354,0.872961
2640,2245,0.873186
2650,2285,0.873414
2660,2301,0.873644
2670,2184,0.873863
2680,2304,0.874093
2690,2261,0.874319
2700,2211,0.874540
2710,2278,0.874768
2720,2274,0.874996
2730,2274,0.875223
2740,2240,0.875447
2750,2263,0.875673
2760,2256,0.875899
2770,2234,0.876122
2780,2218,0.876344
2790,2213,0.876565
2800,2147,0.876780
2810,2249,0.877005
2820,2148,0.877220
2830,2298,0.877450
2840,2132,0.877663
2850,2129,0.877876
2860,2188,0.878094
2870,2223,0.878317
2880,2189,0.878536
2890,2205,0.878756
2900,2137,0.878970
2910,2251,0.879195
2920,2154,0.879410
2930,2293,0.879640
2940,2101,0.879850
2950,2167,0.880067
2960,2157,0.880282
2970,2174,0.880500
2980,2191,0.880719
2990,2173,0.880936
3000,2179,0.881154
3010,2245,0.881378
3020,2209,0.881599
3030,2172,0.881817
3040,2180,0.882034
3050,2225,0.882257
3060,2157,0.882473
3070,2153,0.882688
3080,2139,0.882902
3090,2139,0.883116
3100,2108,0.883327
3110,2228,0.883549
3120,2183,0.883768
3130,2186,0.883986
3140,2130,0.884199
3150,2208,0.884420
3160,2111,0.884631
3170,2096,0.884841
3180,2100,0.885051
3190,2070,0.885258
3200,2159,0.885474
3210,2212,0.885695
3220,2046,0.885899
3230,2152,0.886115
3240,2080,0.886323
3250,2240,0.886547
3260,2164,0.886763
3270,2141,0.886977
3280,2104,0.887188
3290,2091,0.887397
3300,2087,0.887605
3310,2072,0.887813
3320,2176,0.888030
3330,2031,0.888233
3340,2074,0.888441
3350,2144,0.888655
3360,2185,0.888874
3370,2033,0.889077
3380,2188,0.889296
3390,2171,0.889513
3400,2187,0.889731
3410,2123,0.889944
3420,2124,0.890156
3430,2192,0.890375
3440,2180,0.890593
3450,2106,0.890804
3460,2176,0.891022
3470,2048,0.891226
3480,2233,0.891450
3490,2162,0.891666
3500,2194,0.891885
3510,2107,0.892096
3520,2137,0.892310
3530,2122,0.892522
3540,2134,0.892735
3550,2183,0.892954
3560,2158,0.893169
3570,2130,0.893382
3580,2088,0.893591
3590,2069,0.893798
3600,2112,0.894009
3610,2106,0.894220
3620,2132,0.894433
3630,2101,0.894643
3640,2137,0.894857
3650,2088,0.895066
3660,2103,0.895276
3670,2053,0.895481
3680,2060,0.895687
3690,2105,0.895898
3700,2124,0.896110
3710,2176,0.896328
3720,2109,0.896539
3730,2197,0.896758
3740,2216,0.896980
3750,2218,0.897202
3760,2164,0.897418
3770,2127,0.897631
3780,2137,0.897845
3790,2140,0.898059
3800,2106,0.898269
3810,2216,0.898491
3820,2184,0.898709
3830,2107,0.898920
3840,2163,0.899136
3850,2187,0.899355
3860,2271,0.899582
3870,2123,0.899794
3880,2300,0.900024
3890,2221,0.900246
3900,2154,0.900462
3910,2260,0.900688
3920,2192,0.900907
3930,2203,0.901127
3940,2263,0.901354
3950,2165,0.901570
3960,2191,0.901789
3970,2265,0.902016
3980,2240,0.902240
3990,2228,0.902462
4000,2290,0.902691
4010,2270,0.902919
4020,2276,0.903146
4030,2310,0.903377
4040,2284,0.903605
4050,2228,0.903828
4060,2244,0.904053
4070,2251,0.904278
4080,2224,0.904500
4090,2235,0.904724
4100,2255,0.904949
4110,2240,0.905173
4120,2305,0.905404
4130,2242,0.905628
4140,2234,0.905851
4150,2348,0.906086
4160,2230,0.906309
4170,2309,0.906540
4180,2295,0.906770
4190,2340,0.907003
4200,2296,0.907233
4210,2384,0.907471
4220,2321,0.907704
4230,2326,0.907936
4240,2260,0.908162
4250,2312,0.908393
4260,2246,0.908618
4270,2375,0.908855
4280,2343,0.909090
4290,2263,0.909316
4300,2347,0.909551
4310,2309,0.909782
4320,2361,0.910018
4330,2373,0.910255
4340,2293,0.910484
4350,2319,0.910716
4360,2325,0.910949
4370,2398,0.911189
4380,2366,0.911425
4390,2308,0.911656
4400,2374,0.911893
4410,2362,0.912130
4420,2283,0.912358
4430,2320,0.912590
4440,2335,0.912823
4450,2325,0.913056
4460,2279,0.913284
4470,2329,0.913517
4480,2286,0.913745
4490,2254,0.913971
4500,2280,0.914199
4510,2338,0.914432
4520,2368,0.914669
4530,2276,0.914897
4540,2268,0.915124
4550,2315,0.915355
4560,2227,0.915578
4570,2418,0.915820
4580,2354,0.916055
4590,2384,0.916294
4600,2307,0.916524
4610,2269,0.916751
4620,2355,0.916987
4630,2368,0.917223
4640,2413,0.917465
4650,2416,0.917706
4660,2352,0.917942
4670,2364,0.918178
4680,2399,0.918418
4690,2347,0.918652
4700,2341,0.918887
4710,2371,0.919124
4720,2426,0.919366
4730,2281,0.919594
4740,2259,0.919820
4750,2361,0.920056
4760,2279,0.920284
4770,2401,0.920524
4780,2265,0.920751
4790,2341,0.920985
4800,2360,0.921221
4810,2399,0.921461
4820,2219,0.921683
4830,2270,0.921910
4840,2428,0.922153
4850,2280,0.922381
4860,2315,0.922612
4870,2225,0.922835
4880,2294,0.923064
4890,2356,0.923300
4900,2215,0.923521
4910,2343,0.923755
4920,2370,0.923992
4930,2307,0.924223
4940,2268,0.924450
4950,2239,0.924674
4960,2238,0.924898
4970,2304,0.925128
4980,2161,0.925344
4990,2220,0.925566
5000,2205,0.925787
5010,2239,0.926010
5020,2224,0.926233
5030,2157,0.926449
5040,2205,0.926669
5050,2078,0.926877
5060,2161,0.927093
5070,2126,0.927306
5080,2194,0.927525
5090,2168,0.927742
5100,2097,0.927952
5110,2131,0.928165
5120,2153,0.928380
5130,2092,0.928589
5140,2203,0.928809
5150,2159,0.929025
5160,2215,0.929247
5170,2197,0.929466
5180,2229,0.929689
5190,2222,0.929912
5200,2065,0.930118
5210,2149,0.930333
5220,2095,0.930542
5230,2064,0.930749
5240,2033,0.930952
5250,2156,0.931168
5260,2110,0.931379
5270,2093,0.931588
5280,2030,0.931791
5290,2079,0.931999
5300,2075,0.932207
5310,2138,0.932420
5320,2091,0.932629
5330,2102,0.932840
5340,2068,0.933046
5350,2145,0.933261
5360,2027,0.933464
5370,2156,0.933679
5380,2048,0.933884
5390,2025,0.934087
5400,2103,0.934297
5410,2073,0.934504
5420,2009,0.934705
5430,2165,0.934922
5440,2036,0.935125
5450,2088,0.935334
5460,2089,0.935543
5470,2149,0.935758
5480,2086,0.935966
5490,2047,0.936171
5500,2122,0.936383
5510,2071,0.936590
5520,2086,0.936799
5530,2025,0.937001
5540,2071,0.937208
5550,2148,0.937423
5560,2011,0.937624
5570,2166,0.937841
5580,2131,0.938054
5590,2203,0.938274
5600,2074,0.938482
5610,2119,0.938694
5620,2115,0.938905
5630,2117,0.939117
5640,2117,0.939329
5650,2140,0.939543
5660,2164,0.939759
5670,2075,0.939966
5680,2137,0.940180
5690,2131,0.940393
5700,2122,0.940606
5710,2076,0.940813
5720,2109,0.941024
5730,2114,0.941235
5740,2014,0.941437
5750,2052,0.941642
5760,2113,0.941853
5770,2087,0.942062
5780,2135,0.942275
5790,2091,0.942485
5800,2050,0.942690
5810,2087,0.942898
5820,2064,0.943105
5830,2140,0.943319
5840,2065,0.943525
5850,2056,0.943731
5860,2088,0.943940
5870,2175,0.944157
5880,2121,0.944369
5890,2083,0.944578
5900,2105,0.944788
5910,2103,0.944998
5920,2113,0.945210
5930,2118,0.945421
5940,2112,0.945633
5950,2143,0.945847
5960,2054,0.946052
5970,2185,0.946271
5980,2173,0.946488
5990,2167,0.946705
6000,2071,0.946912
6010,2172,0.947129
6020,2156,0.947345
6030,2204,0.947565
6040,2079,0.947773
6050,2172,0.947990
6060,2215,0.948212
6070,2182,0.948430
6080,2260,0.948656
6090,2267,0.948883
6100,2155,0.949098
6110,2255,0.949324
6120,2225,0.949546
6130,2258,0.949772
6140,2335,0.950005
6150,2295,0.950235
6160,2299,0.950465
6170,2243,0.950689
6180,2336,0.950923
6190,2347,0.951157
6200,2258,0.951383
6210,2276,0.951611
6220,2356,0.951846
6230,2382,0.952085
6240,2250,0.952310
6250,2280,0.952538
6260,2305,0.952768
6270,2265,0.952995
6280,2237,0.953218
6290,2302,0.953448
6300,2308,0.953679
6310,2310,0.953910
6320,2243,0.954135
6330,2248,0.954359
6340,2347,0.954594
6350,2245,0.954819
6360,2430,0.955062
6370,2378,0.955299
6380,2364,0.955536
6390,2298,0.955766
6400,2301,0.955996
6410,2223,0.956218
6420,2363,0.956454
6430,2296,0.956684
6440,2344,0.956918
6450,2385,0.957157
6460,2368,0.957394
6470,2328,0.957626
6480,2392,0.957866
6490,2281,0.958094
6500,2313,0.958325
6510,2370,0.958562
6520,2362,0.958798
6530,2388,0.959037
6540,2315,0.959269
6550,2249,0.959493
6560,2305,0.959724
6570,2416,0.959965
6580,2285,0.960194
6590,2324,0.960426
6600,2391,0.960666
6610,2293,0.960895
6620,2279,0.961123
6630,2389,0.961362
6640,2422,0.961604
6650,2332,0.961837
6660,2357,0.962073
6670,2329,0.962306
6680,2349,0.962541
6690,2331,0.962774
6700,2202,0.962994
6710,2232,0.963217
6720,2252,0.963442
6730,2300,0.963672
6740,2347,0.963907
6750,2291,0.964136
6760,2284,0.964364
6770,2216,0.964586
6780,2291,0.964815
6790,2219,0.965037
6800,2286,0.965266
6810,2242,0.965490
6820,2288,0.965719
6830,2325,0.965951
6840,2205,0.966172
6850,2274,0.966399
6860,2262,0.966625
6870,2285,0.966854
6880,2250,0.967079
6890,2315,0.967310
6900,2249,0.967535
6910,2250,0.967760
6920,2263,0.967986
6930,2226,0.968209
6940,2270,0.968436
6950,2177,0.968654
6960,2177,0.968871
6970,2294,0.969101
6980,2202,0.969321
6990,2217,0.969543
7000,2212,0.969764
7010,2177,0.969982
7020,2218,0.970203
7030,2130,0.970416
7040,2208,0.970637
7050,2186,0.970856
7060,2205,0.971076
7070,2169,0.971293
7080,2179,0.971511
7090,2162,0.971727
7100,2141,0.971941
7110,2265,0.972168
7120,2205,0.972388
7130,2132,0.972602
7140,2147,0.972816
7150,2157,0.973032
7160,2113,0.973243
7170,2197,0.973463
7180,2098,0.973673
7190,2161,0.973889
7200,2168,0.974106
7210,2137,0.974319
7220,2075,0.974527
7230,2096,0.974737
7240,2065,0.974943
7250,2102,0.975153
7260,2092,0.975362
7270,2131,0.975576
7280,2126,0.975788
7290,2024,0.975990
7300,2124,0.976203
7310,2052,0.976408
7320,2075,0.976616
7330,2108,0.976826
7340,2151,0.977041
7350,2047,0.977246
7360,2022,0.977448
7370,2013,0.977650
7380,2046,0.977854
7390,1986,0.978053
7400,2101,0.978263
7410,2024,0.978465
7420,2069,0.978672
7430,2030,0.978875
7440,1973,0.979073
7450,2058,0.979278
7460,2059,0.979484
7470,2104,0.979695
7480,2004,0.979895
7490,2016,0.980097
7500,2032,0.980300
7510,2032,0.980503
7520,1984,0.980702
7530,2048,0.980906
7540,2026,0.981109
7550,2006,0.981309
7560,1972,0.981507
7570,1909,0.981698
7580,1989,0.981897
7590,1960,0.982092
7600,1853,0.982278
7610,1932,0.982471
7620,1880,0.982659
7630,1932,0.982852
7640,1887,0.983041
7650,1871,0.983228
7660,1864,0.983414
7670,1924,0.983607
7680,1912,0.983798
7690,1899,0.983988
7700,1832,0.984171
7710,1897,0.984361
7720,1840,0.984545
7730,1874,0.984732
7740,1812,0.984913
7750,1817,0.985095
7760,1829,0.985278
7770,1776,0.985456
7780,1740,0.985630
7790,1755,0.985805
7800,1760,0.985981
7810,1775,0.986159
7820,1761,0.986335
7830,1799,0.986515
7840,1648,0.986679
7850,1773,0.986857
7860,1729,0.987030
7870,1752,0.987205
7880,1653,0.987370
7890,1661,0.987536
7900,1674,0.987704
7910,1609,0.987864
7920,1618,0.988026
7930,1694,0.988196
7940,1646,0.988360
7950,1588,0.988519
7960,1600,0.988679
7970,1553,0.988834
7980,1588,0.988993
7990,1515,0.989145
8000,1477,0.989292
8010,1424,0.989435
8020,1495,0.989584
8030,1516,0.989736
8040,1474,0.989883
8050,1469,0.990030
8060,1442,0.990174
8070,1427,0.990317
8080,1386,0.990456
8090,1403,0.990596
8100,1459,0.990742
8110,1307,0.990873
8120,1309,0.991004
8130,1382,0.991142
8140,1262,0.991268
8150,1332,0.991401
8160,1293,0.991530
8170,1286,0.991659
8180,1262,0.991785
8190,1258,0.991911
8200,1212,0.992032
8210,1207,0.992153
8220,1261,0.992279
8230,1155,0.992395
8240,1136,0.992508
8250,1138,0.992622
8260,1152,0.992737
8270,1102,0.992847
8280,1155,0.992963
8290,1121,0.993075
8300,1107,0.993186
8310,1079,0.993294
8320,1098,0.993403
8330,1132,0.993517
8340,1103,0.993627
8350,1094,0.993736
8360,1062,0.993842
8370,1042,0.993947
8380,1057,0.994052
8390,995,0.994152
8400,994,0.994251
8410,977,0.994349
8420,971,0.994446
8430,945,0.994541
8440,988,0.994639
8450,924,0.994732
8460,969,0.994829
8470,870,0.994916
8480,903,0.995006
8490,840,0.995090
8500,811,0.995171
8510,806,0.995252
8520,830,0.995335
8530,854,0.995420
8540,833,0.995503
8550,861,0.995589
8560,830,0.995672
8570,785,0.995751
8580,802,0.995831
8590,791,0.995910
8600,767,0.995987
8610,776,0.996064
8620,721,0.996137
8630,752,0.996212
8640,693,0.996281
8650,699,0.996351
8660,694,0.996420
8670,663,0.996487
8680,640,0.996551
8690,655,0.996616
8700,693,0.996686
8710,648,0.996750
8720,632,0.996813
8730,625,0.996876
8740,599,0.996936
8750,618,0.996998
8760,569,0.997055
8770,559,0.997110
8780,594,0.997170
8790,531,0.997223
8800,562,0.997279
8810,531,0.997332
8820,505,0.997383
8830,514,0.997434
8840,507,0.997485
8850,463,0.997531
8860,469,0.997578
8870,461,0.997624
8880,488,0.997673
8890,454,0.997718
8900,456,0.997764
8910,481,0.997812
8920,388,0.997851
8930,410,0.997892
8940,411,0.997933
8950,400,0.997973
8960,416,0.998015
8970,383,0.998053
8980,367,0.998090
8990,412,0.998131
9000,389,0.998170
9010,333,0.998203
9020,376,0.998241
9030,361,0.998277
9040,307,0.998307
9050,316,0.998339
9060,336,0.998373
9070,329,0.998406
9080,315,0.998437
9090,300,0.998467
9100,272,0.998494
9110,298,0.998524
9120,293,0.998553
9130,275,0.998581
9140,299,0.998611
9150,262,0.998637
9160,260,0.998663
9170,256,0.998689
9180,243,0.998713
9190,257,0.998739
9200,221,0.998761
9210,216,0.998782
9220,227,0.998805
9230,215,0.998826
9240,227,0.998849
9250,177,0.998867
9260,179,0.998885
9270,213,0.998906
9280,164,0.998922
9290,184,0.998941
9300,168,0.998958
9310,149,0.998972
9320,166,0.998989
9330,170,0.999006
9340,157,0.999022
9350,156,0.999037
9360,171,0.999054
9370,140,0.999068
9380,133,0.999082
9390,150,0.999097
9400,156,0.999112
9410,125,0.999125
9420,145,0.999139
9430,115,0.999151
9440,130,0.999164
9450,133,0.999177
9460,123,0.999189
9470,115,0.999201
9480,122,0.999213
9490,123,0.999225
9500,127,0.999238
9510,110,0.999249
9520,113,0.999260
9530,107,0.999271
9540,108,0.999282
9550,111,0.999293
9560,112,0.999304
9570,93,0.999314
9580,107,0.999324
9590,92,0.999334
9600,72,0.999341
9610,83,0.999349
9620,87,0.999358
9630,75,0.999365
9640,73,0.999372
9650,68,0.999379
9660,99,0.999389
9670,81,0.999397
9680,64,0.999404
9690,81,0.999412
9700,74,0.999419
9710,64,0.999426
9720,68,0.999432
9730,60,0.999438
9740,60,0.999444
9750,50,0.999449
9760,74,0.999457
9770,64,0.999463
9780,60,0.999469
9790,64,0.999476
9800,62,0.999482
9810,61,0.999488
9820,59,0.999494
9830,59,0.999500
9840,49,0.999505
9850,54,0.999510
9860,57,0.999516
9870,37,0.999519
9880,46,0.999524
9890,40,0.999528
9900,51,0.999533
9910,45,0.999538
9920,48,0.999542
9930,45,0.999547
9940,42,0.999551
9950,40,0.999555
9960,35,0.999559
9970,43,0.999563
9980,35,0.999566
9990,30,0.999569
10000,35,0.999573
10010,38,0.999577
10020,46,0.999581
10030,30,0.999584
10040,25,0.999587
10050,33,0.999590
10060,29,0.999593
10070,30,0.999596
10080,24,0.999598
10090,36,0.999602
10100,33,0.999605
10110,30,0.999608
10120,39,0.999612
10130,28,0.999615
10140,32,0.999618
10150,25,0.999621
10160,24,0.999623
10170,28,0.999626
10180,28,0.999629
10190,23,0.999631
10200,22,0.999633
10210,31,0.999636
10220,21,0.999638
10230,30,0.999641
10240,23,0.999644
10250,25,0.999646
10260,26,0.999649
10270,37,0.999653
10280,18,0.999654
10290,20,0.999656
10300,24,0.999659
10310,31,0.999662
10320,16,0.999663
10330,25,0.999666
10340,24,0.999668
10350,28,0.999671
10360,28,0.999674
10370,24,0.999676
10380,24,0.999679
10390,26,0.999681
10400,22,0.999683
10410,24,0.999686
10420,18,0.999688
10430,33,0.999691
10440,24,0.999693
10450,26,0.999696
10460,17,0.999698
10470,21,0.999700
10480,23,0.999702
10490,29,0.999705
10500,20,0.999707
10510,20,0.999709
10520,20,0.999711
10530,19,0.999713
10540,21,0.999715
10550,24,0.999717
10560,27,0.999720
10570,22,0.999722
10580,20,0.999724
10590,15,0.999726
10600,10,0.999727
10610,23,0.999729
10620,19,0.999731
10630,22,0.999733
10640,22,0.999735
10650,9,0.999736
10660,21,0.999738
10670,15,0.999740
10680,15,0.999741
10690,21,0.999744
10700,15,0.999745
10710,29,0.999748
10720,16,0.999749
10730,17,0.999751
10740,15,0.999753
10750,16,0.999754
10760,25,0.999757
10770,29,0.999760
10780,17,0.999761
10790,19,0.999763
10800,23,0.999766
10810,16,0.999767
10820,9,0.999768
10830,22,0.999770
10840,18,0.999772
10850,14,0.999774
10860,15,0.999775
10870,18,0.999777
10880,27,0.999780
10890,12,0.999781
10900,18,0.999783
10910,12,0.999784
10920,20,0.999786
10930,21,0.999788
10940,18,0.999790
10950,21,0.999792
10960,22,0.999794
10970,28,0.999797
10980,17,0.999798
10990,8,0.999799
11000,19,0.999801
11010,14,0.999802
11020,22,0.999805
11030,20,0.999807
11040,14,0.999808
11050,18,0.999810
11060,21,0.999812
11070,24,0.999814
11080,15,0.999816
11090,21,0.999818
11100,14,0.999819
11110,18,0.999821
11120,23,0.999824
11130,17,0.999825
11140,18,0.999827
11150,10,0.999828
11160,20,0.999830
11170,13,0.999831
11180,9,0.999832
11190,9,0.999833
11200,14,0.999834
11210,15,0.999836
11220,16,0.999838
11230,14,0.999839
11240,9,0.999840
11250,16,0.999842
11260,12,0.999843
11270,16,0.999844
11280,7,0.999845
11290,14,0.999846
11300,17,0.999848
11310,16,0.999850
11320,10,0.999851
11330,19,0.999853
11340,22,0.999855
11350,13,0.999856
11360,16,0.999858
11370,16,0.999859
11380,18,0.999861
11390,8,0.999862
11400,18,0.999864
11410,16,0.999865
11420,19,0.999867
11430,14,0.999869
11440,12,0.999870
11450,12,0.999871
11460,12,0.999872
11470,19,0.999874
11480,17,0.999876
11490,16,0.999877
11500,6,0.999878
11510,14,0.999879
11520,12,0.999881
11530,11,0.999882
11540,10,0.999883
11550,21,0.999885
11560,12,0.999886
11570,5,0.999887
11580,12,0.999888
11590,3,0.999888
11600,11,0.999889
11610,9,0.999890
11620,11,0.999891
11630,9,0.999892
11640,11,0.999893
11650,10,0.999894
11660,9,0.999895
11670,9,0.999896
11680,8,0.999897
11690,8,0.999897
11700,9,0.999898
11710,12,0.999900
11720,9,0.999901
11730,17,0.999902
11740,9,0.999903
11750,12,0.999904
11760,4,0.999905
11770,15,0.999906
11780,10,0.999907
11790,10,0.999908
11800,15,0.999910
11810,11,0.999911
11820,7,0.999911
11830,7,0.999912
11840,12,0.999913
11850,11,0.999915
11860,16,0.999916
11870,12,0.999917
11880,9,0.999918
11890,10,0.999919
11900,9,0.999920
11910,11,0.999921
11920,9,0.999922
11930,15,0.999924
11940,8,0.999924
11950,6,0.999925
11960,20,0.999927
11970,9,0.999928
11980,9,0.999929
11990,10,0.999930
12000,12,0.999931
12010,8,0.999932
12020,12,0.999933
12030,12,0.999934
12040,13,0.999936
12050,9,0.999936
12060,12,0.999938
12070,17,0.999939
12080,14,0.999941
12090,10,0.999942
12100,6,0.999942
12110,10,0.999943
12120,10,0.999944
12130,10,0.999945
12140,8,0.999946
12150,10,0.999947
12160,7,0.999948
12170,8,0.999949
12180,3,0.999949
12190,11,0.999950
12200,11,0.999951
12210,11,0.999952
12220,5,0.999953
12230,7,0.999953
12240,6,0.999954
12250,8,0.999955
12260,5,0.999955
12270,5,0.999956
12280,6,0.999956
12290,7,0.999957
12300,7,0.999958
12310,7,0.999959
12320,5,0.999959
12330,4,0.999959
12340,6,0.999960
12350,8,0.999961
12360,6,0.999961
12370,5,0.999962
12380,5,0.999962
12390,4,0.999963
12400,7,0.999964
12410,7,0.999964
12420,5,0.999965
12430,4,0.999965
12440,3,0.999965
12450,6,0.999966
12460,5,0.999967
12470,5,0.999967
12480,3,0.999967
12490,8,0.999968
12500,3,0.999968
12510,5,0.999969
12520,3,0.999969
12530,6,0.999970
12540,4,0.999970
12550,7,0.999971
12560,4,0.999971
12570,6,0.999972
12580,4,0.999972
12590,4,0.999973
12600,4,0.999973
12610,4,0.999973
12620,7,0.999974
12630,2,0.999974
12640,2,0.999975
12650,2,0.999975
12660,5,0.999975
12670,5,0.999976
12680,3,0.999976
12690,4,0.999977
12700,5,0.999977
12710,4,0.999977
12720,1,0.999978
12730,4,0.999978
12740,3,0.999978
12750,3,0.999978
12760,2,0.999979
12770,1,0.999979
12780,4,0.999979
12790,3,0.999979
12800,7,0.999980
12810,1,0.999980
12820,3,0.999981
12830,3,0.999981
12840,4,0.999981
12850,3,0.999982
12860,3,0.999982
12870,1,0.999982
12880,3,0.999982
12890,2,0.999982
12900,4,0.999983
12920,2,0.999983
12930,1,0.999983
12940,5,0.999984
12960,3,0.999984
12980,1,0.999984
12990,1,0.999984
13000,1,0.999984
13020,3,0.999985
13030,1,0.999985
13050,2,0.999985
13070,1,0.999985
13080,2,0.999985
13100,2,0.999985
13110,1,0.999986
13120,1,0.999986
13130,2,0.999986
13140,2,0.999986
13150,1,0.999986
13160,2,0.999986
13170,2,0.999987
13200,2,0.999987
13210,2,0.999987
13220,3,0.999987
13240,5,0.999988
13250,1,0.999988
13260,1,0.999988
13290,2,0.999988
13300,2,0.999988
13310,2,0.999988
13320,5,0.999989
13330,1,0.999989
13340,1,0.999989
13350,2,0.999989
13360,1,0.999990
13370,1,0.999990
13380,3,0.999990
13400,2,0.999990
13410,1,0.999990
13420,1,0.999990
13430,2,0.999991
13450,1,0.999991
13460,2,0.999991
13480,1,0.999991
13490,1,0.999991
13500,1,0.999991
13510,1,0.999991
13520,3,0.999991
13530,2,0.999992
13540,1,0.999992
13550,3,0.999992
13560,1,0.999992
13570,1,0.999992
13580,1,0.999992
13590,1,0.999992
13600,1,0.999993
13610,1,0.999993
13620,1,0.999993
13640,1,0.999993
13650,3,0.999993
13670,3,0.999994
13680,1,0.999994
13700,2,0.999994
13720,4,0.999994
13730,1,0.999994
13780,2,0.999995
13800,3,0.999995
13820,1,0.999995
13840,1,0.999995
13850,1,0.999995
13860,1,0.999995
13870,2,0.999995
13880,1,0.999996
13890,1,0.999996
13910,1,0.999996
13920,1,0.999996
13940,1,0.999996
13950,2,0.999996
13970,1,0.999996
13980,1,0.999996
14000,1,0.999996
14010,1,0.999996
14020,1,0.999997
14070,1,0.999997
14100,1,0.999997
14180,1,0.999997
14240,1,0.999997
14320,1,0.999997
14360,2,0.999997
14370,1,0.999997
14530,1,0.999997
14630,1,0.999998
14660,1,0.999998
14730,1,0.999998
14750,1,0.999998
14760,1,0.999998
14770,1,0.999998
14850,1,0.999998
14930,1,0.999998
14980,1,0.999998
15070,1,0.999999
15100,1,0.999999
15160,1,0.999999
15170,1,0.999999
15180,1,0.999999
15450,1,0.999999
15470,1,0.999999
15500,1,0.999999
15660,1,0.999999
15780,1,0.999999
15840,1,1.000000
15990,1,1.000000
16130,1,1.000000
16480,1,1.000000
16810,1,1.000000
17470,1,1.000000
