#latency,cnt,cdf
0,3268633,0.344287
10,196222,0.364955
20,36773,0.368828
30,20565,0.370994
40,14347,0.372506
50,31778,0.375853
60,50067,0.381126
70,51683,0.386570
80,48057,0.391632
90,49644,0.396861
100,53567,0.402503
110,67425,0.409605
120,58524,0.415770
130,63583,0.422467
140,42318,0.426924
150,38253,0.430953
160,67331,0.438045
170,70237,0.445443
180,114163,0.457468
190,69311,0.464769
200,52910,0.470342
210,51799,0.475798
220,77435,0.483954
230,78281,0.492200
240,59536,0.498471
250,56161,0.504386
260,56399,0.510327
270,56062,0.516232
280,55216,0.522048
290,54464,0.527784
300,54009,0.533473
310,53400,0.539098
320,53449,0.544728
330,53075,0.550318
340,51775,0.555771
350,50551,0.561096
360,50000,0.566363
370,49822,0.571610
380,49183,0.576791
390,48076,0.581855
400,46790,0.586783
410,46153,0.591644
420,45449,0.596431
430,44689,0.601139
440,44195,0.605794
450,43600,0.610386
460,42914,0.614906
470,42640,0.619398
480,41567,0.623776
490,40560,0.628048
500,40668,0.632332
510,39744,0.636518
520,39345,0.640662
530,38707,0.644739
540,38368,0.648780
550,37828,0.652765
560,36954,0.656657
570,36583,0.660511
580,35815,0.664283
590,35224,0.667993
600,34943,0.671674
610,34644,0.675323
620,33833,0.678886
630,33655,0.682431
640,33281,0.685937
650,32695,0.689381
660,32154,0.692767
670,31810,0.696118
680,31225,0.699407
690,30801,0.702651
700,30410,0.705854
710,30293,0.709045
720,29804,0.712184
730,28918,0.715230
740,28840,0.718268
750,28785,0.721300
760,28199,0.724270
770,27650,0.727183
780,27535,0.730083
790,27017,0.732929
800,26626,0.735733
810,26459,0.738520
820,25951,0.741253
830,25839,0.743975
840,25540,0.746665
850,24933,0.749291
860,24531,0.751875
870,24270,0.754432
880,24086,0.756969
890,23988,0.759495
900,23352,0.761955
910,23107,0.764389
920,22795,0.766790
930,22667,0.769177
940,22513,0.771549
950,22178,0.773885
960,21739,0.776175
970,21451,0.778434
980,21130,0.780660
990,20844,0.782855
1000,20766,0.785042
1010,20519,0.787204
1020,20347,0.789347
1030,19803,0.791433
1040,19842,0.793523
1050,19462,0.795573
1060,19414,0.797618
1070,19194,0.799639
1080,19006,0.801641
1090,18560,0.803596
1100,18511,0.805546
1110,18390,0.807483
1120,17724,0.809350
1130,17500,0.811193
1140,17742,0.813062
1150,17488,0.814904
1160,17123,0.816707
1170,16957,0.818493
1180,16952,0.820279
1190,16627,0.822030
1200,16599,0.823779
1210,16368,0.825503
1220,15984,0.827186
1230,15827,0.828853
1240,15510,0.830487
1250,15417,0.832111
1260,15277,0.833720
1270,15207,0.835322
1280,15127,0.836915
1290,14822,0.838476
1300,14555,0.840010
1310,14554,0.841543
1320,14320,0.843051
1330,14323,0.844560
1340,14180,0.846053
1350,13944,0.847522
1360,13608,0.848955
1370,13496,0.850377
1380,13562,0.851805
1390,13159,0.853191
1400,12988,0.854559
1410,12837,0.855911
1420,12636,0.857242
1430,12603,0.858570
1440,12707,0.859908
1450,12382,0.861212
1460,12416,0.862520
1470,12148,0.863800
1480,11930,0.865056
1490,11811,0.866301
1500,11724,0.867535
1510,11649,0.868762
1520,11376,0.869961
1530,11256,0.871146
1540,11287,0.872335
1550,10992,0.873493
1560,11062,0.874658
1570,10841,0.875800
1580,10909,0.876949
1590,10625,0.878068
1600,10732,0.879199
1610,10445,0.880299
1620,10353,0.881389
1630,10241,0.882468
1640,10224,0.883545
1650,9909,0.884589
1660,9816,0.885622
1670,9803,0.886655
1680,9713,0.887678
1690,9536,0.888682
1700,9432,0.889676
1710,9490,0.890676
1720,9267,0.891652
1730,9184,0.892619
1740,9285,0.893597
1750,8941,0.894539
1760,8914,0.895478
1770,8849,0.896410
1780,8813,0.897338
1790,8683,0.898253
1800,8493,0.899147
1810,8441,0.900036
1820,8437,0.900925
1830,8172,0.901786
1840,8249,0.902655
1850,8097,0.903507
1860,8059,0.904356
1870,8143,0.905214
1880,7975,0.906054
1890,7800,0.906876
1900,7726,0.907689
1910,7651,0.908495
1920,7723,0.909309
1930,7563,0.910105
1940,7413,0.910886
1950,7200,0.911645
1960,7287,0.912412
1970,7020,0.913152
1980,7163,0.913906
1990,7131,0.914657
2000,6947,0.915389
2010,6780,0.916103
2020,6953,0.916835
2030,6965,0.917569
2040,6676,0.918272
2050,6643,0.918972
2060,6698,0.919677
2070,6649,0.920378
2080,6357,0.921047
2090,6407,0.921722
2100,6312,0.922387
2110,6223,0.923042
2120,6228,0.923698
2130,6157,0.924347
2140,5989,0.924978
2150,5977,0.925607
2160,5958,0.926235
2170,5956,0.926862
2180,5853,0.927479
2190,5775,0.928087
2200,5594,0.928676
2210,5779,0.929285
2220,5637,0.929879
2230,5569,0.930465
2240,5344,0.931028
2250,5348,0.931592
2260,5304,0.932150
2270,5275,0.932706
2280,5187,0.933252
2290,5071,0.933786
2300,5150,0.934329
2310,5126,0.934869
2320,5094,0.935405
2330,4942,0.935926
2340,4938,0.936446
2350,4911,0.936963
2360,4879,0.937477
2370,4833,0.937986
2380,4715,0.938483
2390,4702,0.938978
2400,4687,0.939472
2410,4689,0.939966
2420,4640,0.940454
2430,4521,0.940931
2440,4630,0.941418
2450,4583,0.941901
2460,4474,0.942372
2470,4432,0.942839
2480,4441,0.943307
2490,4301,0.943760
2500,4255,0.944208
2510,4286,0.944659
2520,4143,0.945096
2530,4278,0.945546
2540,4112,0.945980
2550,4159,0.946418
2560,4066,0.946846
2570,4201,0.947288
2580,4086,0.947719
2590,3982,0.948138
2600,3862,0.948545
2610,3904,0.948956
2620,3887,0.949366
2630,3842,0.949770
2640,3761,0.950166
2650,3783,0.950565
2660,3787,0.950964
2670,3818,0.951366
2680,3677,0.951753
2690,3681,0.952141
2700,3583,0.952518
2710,3483,0.952885
2720,3569,0.953261
2730,3489,0.953629
2740,3521,0.954000
2750,3516,0.954370
2760,3503,0.954739
2770,3476,0.955105
2780,3398,0.955463
2790,3366,0.955817
2800,3349,0.956170
2810,3356,0.956524
2820,3275,0.956869
2830,3227,0.957209
2840,3198,0.957545
2850,3250,0.957888
2860,3166,0.958221
2870,3177,0.958556
2880,3049,0.958877
2890,3080,0.959201
2900,3047,0.959522
2910,3001,0.959838
2920,3012,0.960156
2930,3040,0.960476
2940,2958,0.960787
2950,2860,0.961089
2960,2911,0.961395
2970,2858,0.961696
2980,2828,0.961994
2990,2830,0.962292
3000,2714,0.962578
3010,2670,0.962859
3020,2798,0.963154
3030,2846,0.963454
3040,2643,0.963732
3050,2643,0.964011
3060,2655,0.964290
3070,2580,0.964562
3080,2619,0.964838
3090,2624,0.965114
3100,2464,0.965374
3110,2637,0.965652
3120,2535,0.965919
3130,2425,0.966174
3140,2454,0.966433
3150,2470,0.966693
3160,2498,0.966956
3170,2404,0.967209
3180,2500,0.967472
3190,2413,0.967727
3200,2397,0.967979
3210,2300,0.968221
3220,2368,0.968471
3230,2304,0.968713
3240,2289,0.968954
3250,2306,0.969197
3260,2307,0.969440
3270,2268,0.969679
3280,2161,0.969907
3290,2190,0.970138
3300,2136,0.970363
3310,2133,0.970587
3320,2184,0.970817
3330,2164,0.971045
3340,2139,0.971270
3350,2039,0.971485
3360,2088,0.971705
3370,2125,0.971929
3380,2024,0.972142
3390,1983,0.972351
3400,2001,0.972562
3410,1992,0.972772
3420,1927,0.972975
3430,1953,0.973180
3440,1891,0.973379
3450,1863,0.973576
3460,1866,0.973772
3470,1874,0.973970
3480,1834,0.974163
3490,1779,0.974350
3500,1836,0.974544
3510,1920,0.974746
3520,1812,0.974937
3530,1785,0.975125
3540,1691,0.975303
3550,1810,0.975493
3560,1813,0.975684
3570,1713,0.975865
3580,1780,0.976052
3590,1743,0.976236
3600,1778,0.976423
3610,1715,0.976604
3620,1753,0.976789
3630,1715,0.976969
3640,1714,0.977150
3650,1662,0.977325
3660,1697,0.977504
3670,1650,0.977677
3680,1604,0.977846
3690,1599,0.978015
3700,1569,0.978180
3710,1572,0.978346
3720,1554,0.978509
3730,1540,0.978671
3740,1508,0.978830
3750,1531,0.978992
3760,1486,0.979148
3770,1466,0.979302
3780,1515,0.979462
3790,1449,0.979615
3800,1499,0.979773
3810,1471,0.979927
3820,1424,0.980077
3830,1469,0.980232
3840,1468,0.980387
3850,1381,0.980532
3860,1395,0.980679
3870,1309,0.980817
3880,1427,0.980967
3890,1369,0.981112
3900,1287,0.981247
3910,1349,0.981389
3920,1323,0.981529
3930,1366,0.981672
3940,1298,0.981809
3950,1231,0.981939
3960,1318,0.982078
3970,1304,0.982215
3980,1336,0.982356
3990,1297,0.982492
4000,1232,0.982622
4010,1253,0.982754
4020,1248,0.982886
4030,1261,0.983018
4040,1253,0.983150
4050,1300,0.983287
4060,1235,0.983417
4070,1219,0.983546
4080,1198,0.983672
4090,1244,0.983803
4100,1159,0.983925
4110,1186,0.984050
4120,1085,0.984164
4130,1166,0.984287
4140,1153,0.984409
4150,1149,0.984530
4160,1084,0.984644
4170,1171,0.984767
4180,1159,0.984889
4190,1090,0.985004
4200,1131,0.985123
4210,1102,0.985239
4220,1071,0.985352
4230,1051,0.985463
4240,1074,0.985576
4250,1062,0.985688
4260,1060,0.985799
4270,1039,0.985909
4280,1037,0.986018
4290,1075,0.986131
4300,1054,0.986242
4310,999,0.986347
4320,1040,0.986457
4330,987,0.986561
4340,1038,0.986670
4350,986,0.986774
4360,980,0.986877
4370,954,0.986978
4380,950,0.987078
4390,938,0.987177
4400,981,0.987280
4410,1013,0.987387
4420,988,0.987491
4430,928,0.987589
4440,1032,0.987697
4450,902,0.987792
4460,909,0.987888
4470,859,0.987979
4480,900,0.988073
4490,908,0.988169
4500,919,0.988266
4510,923,0.988363
4520,931,0.988461
4530,910,0.988557
4540,896,0.988651
4550,887,0.988745
4560,942,0.988844
4570,895,0.988938
4580,870,0.989030
4590,854,0.989120
4600,841,0.989208
4610,827,0.989295
4620,874,0.989388
4630,796,0.989471
4640,846,0.989560
4650,842,0.989649
4660,844,0.989738
4670,795,0.989822
4680,870,0.989913
4690,822,0.990000
4700,772,0.990081
4710,794,0.990165
4720,791,0.990248
4730,790,0.990332
4740,808,0.990417
4750,778,0.990499
4760,760,0.990579
4770,755,0.990658
4780,752,0.990737
4790,762,0.990818
4800,807,0.990903
4810,751,0.990982
4820,804,0.991066
4830,728,0.991143
4840,777,0.991225
4850,689,0.991297
4860,708,0.991372
4870,753,0.991451
4880,732,0.991528
4890,700,0.991602
4900,703,0.991676
4910,725,0.991753
4920,724,0.991829
4930,647,0.991897
4940,672,0.991968
4950,667,0.992038
4960,665,0.992108
4970,662,0.992178
4980,658,0.992247
4990,669,0.992318
5000,664,0.992388
5010,629,0.992454
5020,630,0.992520
5030,639,0.992587
5040,675,0.992659
5050,684,0.992731
5060,627,0.992797
5070,637,0.992864
5080,604,0.992927
5090,615,0.992992
5100,586,0.993054
5110,590,0.993116
5120,583,0.993177
5130,545,0.993235
5140,576,0.993295
5150,596,0.993358
5160,557,0.993417
5170,585,0.993479
5180,554,0.993537
5190,564,0.993596
5200,635,0.993663
5210,558,0.993722
5220,558,0.993781
5230,557,0.993839
5240,554,0.993898
5250,588,0.993960
5260,555,0.994018
5270,514,0.994072
5280,517,0.994127
5290,551,0.994185
5300,478,0.994235
5310,513,0.994289
5320,500,0.994342
5330,496,0.994394
5340,507,0.994448
5350,522,0.994502
5360,497,0.994555
5370,504,0.994608
5380,500,0.994661
5390,448,0.994708
5400,454,0.994756
5410,487,0.994807
5420,455,0.994855
5430,467,0.994904
5440,422,0.994948
5450,446,0.994995
5460,486,0.995047
5470,440,0.995093
5480,460,0.995141
5490,433,0.995187
5500,410,0.995230
5510,437,0.995276
5520,422,0.995321
5530,414,0.995364
5540,411,0.995408
5550,422,0.995452
5560,408,0.995495
5570,389,0.995536
5580,393,0.995577
5590,347,0.995614
5600,373,0.995653
5610,412,0.995697
5620,380,0.995737
5630,405,0.995779
5640,372,0.995818
5650,395,0.995860
5660,384,0.995901
5670,373,0.995940
5680,367,0.995978
5690,337,0.996014
5700,371,0.996053
5710,355,0.996090
5720,350,0.996127
5730,347,0.996164
5740,364,0.996202
5750,363,0.996240
5760,330,0.996275
5770,361,0.996313
5780,351,0.996350
5790,329,0.996385
5800,342,0.996421
5810,346,0.996457
5820,332,0.996492
5830,353,0.996529
5840,323,0.996563
5850,306,0.996596
5860,309,0.996628
5870,353,0.996665
5880,314,0.996698
5890,329,0.996733
5900,315,0.996766
5910,331,0.996801
5920,300,0.996833
5930,304,0.996865
5940,308,0.996897
5950,306,0.996930
5960,306,0.996962
5970,326,0.996996
5980,263,0.997024
5990,293,0.997055
6000,296,0.997086
6010,293,0.997117
6020,288,0.997147
6030,280,0.997177
6040,257,0.997204
6050,280,0.997233
6060,298,0.997264
6070,271,0.997293
6080,242,0.997319
6090,264,0.997346
6100,265,0.997374
6110,288,0.997405
6120,226,0.997428
6130,274,0.997457
6140,262,0.997485
6150,253,0.997511
6160,238,0.997537
6170,295,0.997568
6180,260,0.997595
6190,238,0.997620
6200,286,0.997650
6210,242,0.997676
6220,248,0.997702
6230,254,0.997729
6240,249,0.997755
6250,243,0.997780
6260,259,0.997808
6270,230,0.997832
6280,224,0.997855
6290,279,0.997885
6300,266,0.997913
6310,238,0.997938
6320,229,0.997962
6330,263,0.997990
6340,227,0.998014
6350,231,0.998038
6360,233,0.998063
6370,241,0.998088
6380,223,0.998111
6390,264,0.998139
6400,217,0.998162
6410,241,0.998187
6420,207,0.998209
6430,236,0.998234
6440,223,0.998258
6450,211,0.998280
6460,256,0.998307
6470,216,0.998330
6480,166,0.998347
6490,213,0.998369
6500,234,0.998394
6510,195,0.998415
6520,195,0.998435
6530,227,0.998459
6540,219,0.998482
6550,163,0.998499
6560,213,0.998522
6570,185,0.998541
6580,208,0.998563
6590,181,0.998582
6600,195,0.998603
6610,192,0.998623
6620,154,0.998639
6630,185,0.998659
6640,171,0.998677
6650,185,0.998696
6660,184,0.998716
6670,209,0.998738
6680,202,0.998759
6690,185,0.998778
6700,187,0.998798
6710,172,0.998816
6720,186,0.998836
6730,183,0.998855
6740,177,0.998874
6750,171,0.998892
6760,173,0.998910
6770,171,0.998928
6780,192,0.998948
6790,175,0.998967
6800,165,0.998984
6810,180,0.999003
6820,179,0.999022
6830,159,0.999039
6840,146,0.999054
6850,166,0.999071
6860,163,0.999089
6870,133,0.999103
6880,157,0.999119
6890,134,0.999133
6900,184,0.999153
6910,154,0.999169
6920,159,0.999186
6930,146,0.999201
6940,141,0.999216
6950,157,0.999232
6960,124,0.999245
6970,157,0.999262
6980,140,0.999277
6990,122,0.999290
7000,124,0.999303
7010,143,0.999318
7020,131,0.999331
7030,137,0.999346
7040,136,0.999360
7050,132,0.999374
7060,136,0.999388
7070,123,0.999401
7080,113,0.999413
7090,127,0.999427
7100,160,0.999444
7110,124,0.999457
7120,121,0.999469
7130,127,0.999483
7140,113,0.999495
7150,108,0.999506
7160,104,0.999517
7170,129,0.999531
7180,120,0.999543
7190,114,0.999555
7200,101,0.999566
7210,124,0.999579
7220,100,0.999589
7230,120,0.999602
7240,109,0.999614
7250,109,0.999625
7260,110,0.999637
7270,102,0.999647
7280,91,0.999657
7290,106,0.999668
7300,117,0.999680
7310,86,0.999689
7320,111,0.999701
7330,101,0.999712
7340,102,0.999723
7350,94,0.999732
7360,96,0.999743
7370,106,0.999754
7380,93,0.999764
7390,112,0.999775
7400,100,0.999786
7410,93,0.999796
7420,99,0.999806
7430,99,0.999817
7440,97,0.999827
7450,82,0.999835
7460,89,0.999845
7470,98,0.999855
7480,109,0.999867
7490,80,0.999875
7500,75,0.999883
7510,81,0.999891
7520,90,0.999901
7530,70,0.999908
7540,57,0.999914
7550,66,0.999921
7560,74,0.999929
7570,90,0.999938
7580,85,0.999947
7590,78,0.999956
7600,66,0.999963
7610,70,0.999970
7620,75,0.999978
7630,68,0.999985
7640,74,0.999993
7650,65,1.000000
7660,66,1.000007
7670,70,1.000014
7680,84,1.000023
7690,70,1.000030
7700,72,1.000038
7710,64,1.000045
7720,91,1.000054
7730,60,1.000060
7740,59,1.000067
7750,67,1.000074
7760,61,1.000080
7770,61,1.000087
7780,67,1.000094
7790,60,1.000100
7800,55,1.000106
7810,49,1.000111
7820,75,1.000119
7830,70,1.000126
7840,45,1.000131
7850,51,1.000136
7860,57,1.000142
7870,59,1.000149
7880,65,1.000155
7890,45,1.000160
7900,60,1.000166
7910,56,1.000172
7920,59,1.000179
7930,58,1.000185
7940,51,1.000190
7950,54,1.000196
7960,67,1.000203
7970,43,1.000207
7980,50,1.000213
7990,53,1.000218
8000,54,1.000224
8010,45,1.000229
8020,54,1.000234
8030,47,1.000239
8040,42,1.000244
8050,45,1.000248
8060,46,1.000253
8070,48,1.000258
8080,53,1.000264
8090,42,1.000268
8100,49,1.000273
8110,51,1.000279
8120,49,1.000284
8130,49,1.000289
8140,36,1.000293
8150,43,1.000297
8160,39,1.000302
8170,49,1.000307
8180,37,1.000311
8190,39,1.000315
8200,36,1.000319
8210,44,1.000323
8220,33,1.000327
8230,31,1.000330
8240,37,1.000334
8250,42,1.000338
8260,29,1.000341
8270,28,1.000344
8280,33,1.000348
8290,29,1.000351
8300,34,1.000354
8310,24,1.000357
8320,34,1.000360
8330,32,1.000364
8340,34,1.000367
8350,29,1.000371
8360,27,1.000373
8370,31,1.000377
8380,29,1.000380
8390,34,1.000383
8400,31,1.000386
8410,28,1.000389
8420,28,1.000392
8430,21,1.000395
8440,30,1.000398
8450,33,1.000401
8460,22,1.000404
8470,18,1.000405
8480,27,1.000408
8490,29,1.000411
8500,26,1.000414
8510,31,1.000417
8520,26,1.000420
8530,15,1.000422
8540,31,1.000425
8550,22,1.000427
8560,20,1.000429
8570,22,1.000432
8580,28,1.000435
8590,19,1.000437
8600,16,1.000438
8610,22,1.000441
8620,19,1.000443
8630,21,1.000445
8640,16,1.000446
8650,25,1.000449
8660,22,1.000451
8670,17,1.000453
8680,13,1.000455
8690,20,1.000457
8700,18,1.000459
8710,16,1.000460
8720,20,1.000462
8730,20,1.000465
8740,15,1.000466
8750,16,1.000468
8760,16,1.000469
8770,13,1.000471
8780,19,1.000473
8790,20,1.000475
8800,25,1.000478
8810,13,1.000479
8820,14,1.000480
8830,25,1.000483
8840,12,1.000484
8850,15,1.000486
8860,8,1.000487
8870,20,1.000489
8880,15,1.000490
8890,12,1.000492
8900,19,1.000494
8910,8,1.000494
8920,15,1.000496
8930,9,1.000497
8940,14,1.000499
8950,14,1.000500
8960,14,1.000502
8970,17,1.000503
8980,9,1.000504
8990,10,1.000505
9000,14,1.000507
9010,11,1.000508
9020,5,1.000508
9030,10,1.000510
9040,10,1.000511
9050,14,1.000512
9060,11,1.000513
9070,9,1.000514
9080,15,1.000516
9090,12,1.000517
9100,8,1.000518
9110,11,1.000519
9120,6,1.000520
9130,9,1.000521
9140,10,1.000522
9150,3,1.000522
9160,10,1.000523
9170,7,1.000524
9180,12,1.000525
9190,11,1.000526
9200,3,1.000526
9210,12,1.000528
9220,9,1.000529
9230,12,1.000530
9240,7,1.000531
9250,9,1.000532
9260,7,1.000532
9270,11,1.000533
9280,10,1.000535
9290,11,1.000536
9300,7,1.000536
9310,5,1.000537
9320,8,1.000538
9330,6,1.000538
9340,8,1.000539
9350,4,1.000540
9360,7,1.000540
9370,9,1.000541
9380,9,1.000542
9390,5,1.000543
9400,5,1.000543
9410,3,1.000544
9420,8,1.000545
9430,5,1.000545
9440,6,1.000546
9450,6,1.000546
9460,12,1.000548
9470,13,1.000549
9480,4,1.000549
9490,3,1.000550
9500,6,1.000550
9510,9,1.000551
9520,7,1.000552
9530,9,1.000553
9540,4,1.000553
9550,8,1.000554
9560,2,1.000554
9570,6,1.000555
9580,7,1.000556
9590,7,1.000557
9600,4,1.000557
9610,5,1.000558
9620,4,1.000558
9630,3,1.000558
9640,4,1.000559
9650,4,1.000559
9660,1,1.000559
9670,3,1.000560
9680,5,1.000560
9690,3,1.000560
9700,5,1.000561
9710,5,1.000561
9720,4,1.000562
9730,6,1.000562
9740,10,1.000564
9750,4,1.000564
9760,3,1.000564
9770,5,1.000565
9780,4,1.000565
9790,4,1.000566
9800,6,1.000566
9810,4,1.000567
9820,6,1.000567
9830,6,1.000568
9840,3,1.000568
9850,3,1.000569
9860,3,1.000569
9870,8,1.000570
9880,7,1.000570
9890,3,1.000571
9900,3,1.000571
9910,4,1.000571
9920,4,1.000572
9930,3,1.000572
9940,2,1.000572
9950,8,1.000573
9960,3,1.000574
9970,7,1.000574
9980,5,1.000575
9990,6,1.000576
10000,3,1.000576
10010,5,1.000576
10020,6,1.000577
10030,7,1.000578
10040,3,1.000578
10050,8,1.000579
10060,6,1.000579
10070,5,1.000580
10080,1,1.000580
10090,1,1.000580
10100,11,1.000581
10110,4,1.000582
10120,4,1.000582
10130,6,1.000583
10140,6,1.000584
10150,4,1.000584
10160,3,1.000584
10170,4,1.000585
10180,2,1.000585
10190,6,1.000586
10200,5,1.000586
10210,1,1.000586
10220,6,1.000587
10230,3,1.000587
10240,5,1.000588
10250,5,1.000588
10260,4,1.000589
10270,2,1.000589
10280,3,1.000589
10290,2,1.000589
10300,6,1.000590
10310,3,1.000590
10320,4,1.000591
10330,4,1.000591
10340,6,1.000592
10350,6,1.000592
10360,2,1.000593
10370,2,1.000593
10380,2,1.000593
10390,4,1.000593
10400,4,1.000594
10410,6,1.000594
10430,6,1.000595
10440,6,1.000596
10450,3,1.000596
10460,3,1.000596
10470,4,1.000597
10480,1,1.000597
10490,2,1.000597
10500,1,1.000597
10510,3,1.000598
10520,1,1.000598
10530,5,1.000598
10540,1,1.000598
10550,5,1.000599
10560,2,1.000599
10570,4,1.000599
10580,3,1.000600
10590,3,1.000600
10600,2,1.000600
10610,2,1.000600
10620,1,1.000601
10630,5,1.000601
10640,6,1.000602
10650,2,1.000602
10660,3,1.000602
10670,4,1.000603
10680,1,1.000603
10690,3,1.000603
10700,1,1.000603
10710,4,1.000604
10720,1,1.000604
10730,1,1.000604
10740,1,1.000604
10750,1,1.000604
10760,5,1.000605
10770,2,1.000605
10780,1,1.000605
10790,1,1.000605
10800,3,1.000605
10810,2,1.000606
10820,2,1.000606
10830,4,1.000606
10840,1,1.000606
10850,1,1.000606
10870,4,1.000607
10880,1,1.000607
10890,3,1.000607
10900,3,1.000607
10910,1,1.000608
10930,2,1.000608
10940,1,1.000608
10950,1,1.000608
10970,2,1.000608
10990,3,1.000609
11000,2,1.000609
11010,3,1.000609
11020,1,1.000609
11030,2,1.000609
11040,1,1.000610
11060,1,1.000610
11080,2,1.000610
11090,3,1.000610
11100,2,1.000610
11110,3,1.000611
11120,6,1.000611
11130,1,1.000611
11140,3,1.000612
11160,2,1.000612
11180,2,1.000612
11190,3,1.000612
11200,2,1.000613
11210,1,1.000613
11220,5,1.000613
11230,1,1.000613
11240,1,1.000614
11250,1,1.000614
11270,3,1.000614
11280,2,1.000614
11300,5,1.000615
11310,1,1.000615
11320,1,1.000615
11330,1,1.000615
11340,3,1.000615
11350,1,1.000615
11360,2,1.000616
11370,1,1.000616
11380,2,1.000616
11390,1,1.000616
11400,3,1.000616
11410,1,1.000617
11420,1,1.000617
11430,4,1.000617
11440,1,1.000617
11450,1,1.000617
11460,4,1.000618
11470,1,1.000618
11480,2,1.000618
11490,3,1.000618
11500,2,1.000618
11510,1,1.000619
11530,2,1.000619
11540,2,1.000619
11550,2,1.000619
11560,4,1.000620
11570,1,1.000620
11590,3,1.000620
11610,1,1.000620
11630,2,1.000620
11650,1,1.000620
11660,3,1.000621
11670,2,1.000621
11680,1,1.000621
11690,1,1.000621
11700,1,1.000621
11710,2,1.000622
11720,3,1.000622
11730,2,1.000622
11740,1,1.000622
11750,1,1.000622
11760,3,1.000623
11770,1,1.000623
11780,6,1.000623
11800,5,1.000624
11810,2,1.000624
11820,1,1.000624
11830,2,1.000624
11840,3,1.000625
11850,2,1.000625
11860,4,1.000625
11870,1,1.000625
11880,2,1.000626
11890,1,1.000626
11910,3,1.000626
11920,3,1.000626
11930,2,1.000627
11940,1,1.000627
11950,1,1.000627
11960,2,1.000627
11970,2,1.000627
11980,1,1.000627
11990,1,1.000627
12010,2,1.000628
12020,2,1.000628
12030,5,1.000628
12040,2,1.000629
12050,3,1.000629
12060,3,1.000629
12070,7,1.000630
12080,1,1.000630
12090,2,1.000630
12100,2,1.000630
12110,1,1.000631
12120,1,1.000631
12140,1,1.000631
12150,2,1.000631
12160,1,1.000631
12180,2,1.000631
12190,1,1.000631
12240,1,1.000632
12260,1,1.000632
12290,2,1.000632
12300,2,1.000632
12310,1,1.000632
12320,1,1.000632
12330,1,1.000632
12340,2,1.000633
12360,1,1.000633
12370,3,1.000633
12380,1,1.000633
12390,1,1.000633
12400,1,1.000633
12410,2,1.000634
12420,2,1.000634
12430,1,1.000634
12440,1,1.000634
12450,1,1.000634
12460,1,1.000634
12470,1,1.000634
12480,1,1.000634
12490,1,1.000635
12520,1,1.000635
12530,1,1.000635
12550,1,1.000635
12560,2,1.000635
12580,2,1.000635
12590,2,1.000636
12600,1,1.000636
12620,2,1.000636
12630,1,1.000636
12660,2,1.000636
12680,2,1.000636
12690,1,1.000636
12700,1,1.000636
12710,4,1.000637
12720,2,1.000637
12730,3,1.000637
12760,1,1.000638
12770,1,1.000638
12800,2,1.000638
12810,1,1.000638
12830,1,1.000638
12860,3,1.000638
12880,1,1.000638
12890,1,1.000639
12900,2,1.000639
12920,1,1.000639
12930,1,1.000639
12970,1,1.000639
12990,1,1.000639
13000,3,1.000640
13040,1,1.000640
13050,1,1.000640
13070,1,1.000640
13090,1,1.000640
13100,1,1.000640
13110,2,1.000640
13130,2,1.000641
13140,2,1.000641
13150,1,1.000641
13180,1,1.000641
13200,1,1.000641
13250,1,1.000641
13270,1,1.000641
13290,1,1.000641
13320,1,1.000641
13340,1,1.000642
13420,2,1.000642
13430,1,1.000642
13450,1,1.000642
13460,2,1.000642
13480,1,1.000642
13530,1,1.000642
13550,1,1.000643
13620,1,1.000643
13690,1,1.000643
13700,1,1.000643
13820,1,1.000643
13880,3,1.000643
13920,1,1.000643
14000,2,1.000644
14070,1,1.000644
14110,1,1.000644
14150,1,1.000644
14170,2,1.000644
14290,1,1.000644
14300,1,1.000644
14320,1,1.000644
14360,1,1.000645
14400,1,1.000645
14430,1,1.000645
14440,2,1.000645
14450,1,1.000645
14480,1,1.000645
14530,1,1.000645
14590,1,1.000645
14630,1,1.000646
14700,1,1.000646
14750,1,1.000646
14780,1,1.000646
14790,1,1.000646
14830,1,1.000646
14930,1,1.000646
14940,1,1.000646
15020,1,1.000646
15090,1,1.000646
15210,1,1.000646
15400,1,1.000647
15480,1,1.000647
15620,1,1.000647
15780,1,1.000647
15980,1,1.000647
17540,1,1.000647
21350,1,1.000647
