#latency,cnt,cdf
0,4,0.000002
10,8,0.000006
20,107,0.000059
30,109,0.000114
40,11,0.000120
50,2,0.000121
60,1,0.000121
70,10,0.000126
80,49,0.000150
90,464,0.000383
100,871,0.000818
110,4008,0.002822
120,8861,0.007252
130,15301,0.014903
140,114974,0.072390
150,171401,0.158091
160,49956,0.183068
170,75046,0.220592
180,183998,0.312591
190,52527,0.338854
200,12229,0.344968
210,13040,0.351489
220,30830,0.366904
230,155019,0.444413
240,86672,0.487749
250,29210,0.502354
260,9767,0.507237
270,5728,0.510101
280,5252,0.512727
290,3265,0.514360
300,2464,0.515592
310,1973,0.516578
320,1647,0.517402
330,1497,0.518151
340,1216,0.518758
350,1023,0.519270
360,849,0.519695
370,721,0.520055
380,641,0.520375
390,531,0.520641
400,442,0.520862
410,400,0.521062
420,347,0.521236
430,301,0.521386
440,210,0.521491
450,187,0.521585
460,165,0.521667
470,142,0.521738
480,154,0.521815
490,141,0.521886
500,172,0.521972
510,158,0.522050
520,161,0.522131
530,175,0.522219
540,175,0.522306
550,181,0.522397
560,190,0.522492
570,199,0.522591
580,179,0.522681
590,200,0.522780
600,213,0.522887
610,196,0.522985
620,193,0.523081
630,204,0.523184
640,195,0.523281
650,183,0.523372
660,194,0.523470
670,181,0.523560
680,206,0.523663
690,173,0.523749
700,191,0.523845
710,187,0.523938
720,165,0.524021
730,157,0.524100
740,188,0.524194
750,156,0.524271
760,178,0.524360
770,159,0.524440
780,140,0.524510
790,142,0.524581
800,135,0.524648
810,149,0.524723
820,112,0.524779
830,138,0.524848
840,142,0.524919
850,120,0.524979
860,116,0.525037
870,113,0.525093
880,124,0.525155
890,104,0.525208
900,104,0.525259
910,104,0.525312
920,101,0.525362
930,90,0.525407
940,64,0.525439
950,95,0.525487
960,82,0.525527
970,63,0.525559
980,80,0.525599
990,104,0.525651
1000,82,0.525692
1010,99,0.525742
1020,100,0.525792
1030,100,0.525841
1040,90,0.525886
1050,95,0.525934
1060,99,0.525984
1070,107,0.526037
1080,99,0.526087
1090,83,0.526128
1100,113,0.526184
1110,90,0.526230
1120,109,0.526284
1130,103,0.526335
1140,100,0.526385
1150,96,0.526434
1160,118,0.526492
1170,117,0.526551
1180,82,0.526592
1190,120,0.526652
1200,98,0.526701
1210,110,0.526756
1220,107,0.526810
1230,115,0.526867
1240,108,0.526921
1250,115,0.526978
1260,98,0.527027
1270,108,0.527081
1280,97,0.527130
1290,100,0.527180
1300,102,0.527231
1310,112,0.527287
1320,131,0.527353
1330,99,0.527402
1340,110,0.527457
1350,90,0.527502
1360,107,0.527556
1370,90,0.527601
1380,113,0.527657
1390,99,0.527707
1400,109,0.527761
1410,93,0.527807
1420,93,0.527854
1430,83,0.527896
1440,91,0.527941
1450,89,0.527986
1460,117,0.528044
1470,100,0.528094
1480,103,0.528145
1490,97,0.528194
1500,113,0.528251
1510,92,0.528296
1520,100,0.528346
1530,88,0.528391
1540,102,0.528441
1550,97,0.528490
1560,85,0.528533
1570,103,0.528584
1580,86,0.528627
1590,95,0.528674
1600,95,0.528722
1610,82,0.528763
1620,84,0.528805
1630,94,0.528852
1640,112,0.528908
1650,84,0.528950
1660,94,0.528997
1670,98,0.529046
1680,99,0.529095
1690,73,0.529132
1700,72,0.529168
1710,97,0.529217
1720,100,0.529266
1730,98,0.529315
1740,85,0.529358
1750,99,0.529408
1760,94,0.529455
1770,94,0.529501
1780,90,0.529546
1790,108,0.529601
1800,110,0.529656
1810,102,0.529706
1820,101,0.529757
1830,113,0.529814
1840,107,0.529867
1850,94,0.529914
1860,100,0.529964
1870,113,0.530020
1880,98,0.530069
1890,95,0.530117
1900,114,0.530174
1910,98,0.530223
1920,106,0.530276
1930,106,0.530329
1940,87,0.530373
1950,100,0.530423
1960,100,0.530473
1970,98,0.530522
1980,90,0.530567
1990,87,0.530610
2000,79,0.530649
2010,105,0.530702
2020,111,0.530757
2030,99,0.530807
2040,96,0.530855
2050,101,0.530905
2060,88,0.530949
2070,94,0.530997
2080,86,0.531039
2090,108,0.531093
2100,78,0.531133
2110,97,0.531181
2120,78,0.531220
2130,94,0.531267
2140,89,0.531312
2150,106,0.531365
2160,75,0.531402
2170,99,0.531452
2180,93,0.531498
2190,91,0.531543
2200,110,0.531599
2210,92,0.531645
2220,93,0.531691
2230,100,0.531741
2240,111,0.531797
2250,101,0.531847
2260,96,0.531895
2270,115,0.531953
2280,90,0.531998
2290,101,0.532048
2300,103,0.532099
2310,90,0.532144
2320,105,0.532197
2330,106,0.532250
2340,107,0.532304
2350,93,0.532350
2360,106,0.532403
2370,92,0.532449
2380,70,0.532484
2390,84,0.532526
2400,97,0.532574
2410,90,0.532619
2420,104,0.532672
2430,95,0.532719
2440,92,0.532765
2450,95,0.532812
2460,111,0.532868
2470,79,0.532907
2480,86,0.532951
2490,90,0.532996
2500,114,0.533053
2510,98,0.533101
2520,106,0.533154
2530,101,0.533205
2540,103,0.533256
2550,88,0.533301
2560,96,0.533349
2570,103,0.533400
2580,91,0.533445
2590,87,0.533489
2600,87,0.533533
2610,93,0.533579
2620,105,0.533632
2630,111,0.533687
2640,104,0.533739
2650,94,0.533786
2660,122,0.533847
2670,99,0.533897
2680,97,0.533945
2690,83,0.533987
2700,102,0.534037
2710,93,0.534084
2720,105,0.534136
2730,97,0.534185
2740,85,0.534227
2750,97,0.534276
2760,88,0.534320
2770,92,0.534366
2780,115,0.534423
2790,84,0.534465
2800,100,0.534516
2810,81,0.534556
2820,96,0.534604
2830,92,0.534650
2840,86,0.534693
2850,95,0.534741
2860,92,0.534787
2870,106,0.534840
2880,94,0.534886
2890,82,0.534927
2900,89,0.534972
2910,85,0.535015
2920,98,0.535064
2930,100,0.535114
2940,97,0.535162
2950,90,0.535207
2960,96,0.535255
2970,111,0.535311
2980,99,0.535360
2990,95,0.535407
3000,79,0.535447
3010,110,0.535502
3020,94,0.535549
3030,81,0.535590
3040,87,0.535633
3050,107,0.535686
3060,72,0.535722
3070,84,0.535765
3080,101,0.535815
3090,89,0.535860
3100,92,0.535905
3110,93,0.535952
3120,76,0.535990
3130,94,0.536037
3140,86,0.536080
3150,117,0.536138
3160,89,0.536183
3170,88,0.536227
3180,87,0.536270
3190,102,0.536322
3200,88,0.536366
3210,92,0.536412
3220,99,0.536461
3230,107,0.536515
3240,94,0.536561
3250,82,0.536602
3260,100,0.536653
3270,111,0.536708
3280,95,0.536756
3290,99,0.536805
3300,87,0.536848
3310,94,0.536896
3320,98,0.536945
3330,89,0.536989
3340,95,0.537036
3350,87,0.537080
3360,106,0.537133
3370,78,0.537172
3380,94,0.537219
3390,98,0.537268
3400,90,0.537313
3410,83,0.537355
3420,115,0.537412
3430,99,0.537462
3440,80,0.537502
3450,118,0.537561
3460,111,0.537616
3470,97,0.537664
3480,84,0.537706
3490,113,0.537763
3500,115,0.537821
3510,97,0.537869
3520,86,0.537912
3530,88,0.537956
3540,106,0.538009
3550,105,0.538061
3560,120,0.538122
3570,107,0.538175
3580,91,0.538221
3590,127,0.538284
3600,126,0.538347
3610,111,0.538402
3620,110,0.538458
3630,97,0.538506
3640,119,0.538566
3650,112,0.538621
3660,107,0.538675
3670,106,0.538728
3680,98,0.538777
3690,93,0.538823
3700,123,0.538885
3710,96,0.538933
3720,109,0.538988
3730,124,0.539050
3740,119,0.539109
3750,106,0.539162
3760,144,0.539234
3770,110,0.539289
3780,102,0.539340
3790,111,0.539396
3800,122,0.539456
3810,113,0.539513
3820,134,0.539580
3830,125,0.539643
3840,129,0.539707
3850,125,0.539769
3860,128,0.539833
3870,115,0.539891
3880,121,0.539952
3890,131,0.540017
3900,139,0.540087
3910,140,0.540156
3920,132,0.540223
3930,120,0.540282
3940,149,0.540357
3950,173,0.540443
3960,147,0.540517
3970,182,0.540608
3980,183,0.540699
3990,163,0.540781
4000,185,0.540874
4010,190,0.540968
4020,202,0.541070
4030,198,0.541169
4040,192,0.541264
4050,223,0.541376
4060,235,0.541493
4070,238,0.541613
4080,277,0.541751
4090,277,0.541889
4100,252,0.542015
4110,283,0.542157
4120,293,0.542304
4130,298,0.542453
4140,298,0.542602
4150,315,0.542759
4160,332,0.542925
4170,333,0.543091
4180,363,0.543273
4190,360,0.543453
4200,359,0.543633
4210,365,0.543815
4220,379,0.544004
4230,397,0.544203
4240,453,0.544429
4250,423,0.544641
4260,438,0.544860
4270,449,0.545084
4280,453,0.545311
4290,500,0.545561
4300,537,0.545829
4310,522,0.546090
4320,505,0.546343
4330,566,0.546626
4340,553,0.546902
4350,593,0.547199
4360,597,0.547498
4370,663,0.547829
4380,640,0.548149
4390,666,0.548482
4400,617,0.548791
4410,680,0.549130
4420,655,0.549458
4430,712,0.549814
4440,732,0.550180
4450,723,0.550542
4460,727,0.550905
4470,770,0.551290
4480,727,0.551654
4490,773,0.552040
4500,804,0.552442
4510,840,0.552862
4520,877,0.553300
4530,899,0.553750
4540,922,0.554211
4550,920,0.554671
4560,948,0.555145
4570,938,0.555614
4580,925,0.556077
4590,970,0.556562
4600,1059,0.557091
4610,1091,0.557636
4620,1100,0.558186
4630,1140,0.558756
4640,1167,0.559340
4650,1183,0.559932
4660,1212,0.560538
4670,1167,0.561121
4680,1249,0.561746
4690,1248,0.562370
4700,1271,0.563005
4710,1291,0.563650
4720,1332,0.564317
4730,1361,0.564997
4740,1397,0.565696
4750,1399,0.566395
4760,1409,0.567100
4770,1452,0.567825
4780,1522,0.568587
4790,1485,0.569329
4800,1547,0.570103
4810,1596,0.570900
4820,1554,0.571678
4830,1602,0.572478
4840,1643,0.573300
4850,1620,0.574110
4860,1670,0.574945
4870,1658,0.575774
4880,1616,0.576582
4890,1745,0.577455
4900,1772,0.578340
4910,1800,0.579241
4920,1801,0.580141
4930,1866,0.581074
4940,1964,0.582056
4950,1974,0.583043
4960,1966,0.584026
4970,1960,0.585006
4980,2056,0.586034
4990,1984,0.587026
5000,2116,0.588084
5010,2065,0.589117
5020,2012,0.590123
5030,2145,0.591195
5040,2122,0.592256
5050,2128,0.593320
5060,2193,0.594416
5070,2164,0.595499
5080,2281,0.596639
5090,2327,0.597803
5100,2243,0.598924
5110,2379,0.600114
5120,2383,0.601305
5130,2515,0.602562
5140,2430,0.603778
5150,2533,0.605044
5160,2523,0.606305
5170,2572,0.607592
5180,2630,0.608907
5190,2632,0.610223
5200,2709,0.611577
5210,2762,0.612958
5220,2734,0.614325
5230,2797,0.615723
5240,2820,0.617133
5250,2786,0.618527
5260,2938,0.619995
5270,2965,0.621478
5280,2969,0.622962
5290,3024,0.624475
5300,3027,0.625988
5310,3173,0.627575
5320,3173,0.629161
5330,3163,0.630742
5340,3207,0.632346
5350,3248,0.633970
5360,3285,0.635612
5370,3432,0.637329
5380,3254,0.638955
5390,3323,0.640617
5400,3458,0.642346
5410,3473,0.644082
5420,3530,0.645847
5430,3591,0.647643
5440,3576,0.649431
5450,3485,0.651173
5460,3657,0.653002
5470,3627,0.654815
5480,3699,0.656665
5490,3704,0.658517
5500,3782,0.660408
5510,3789,0.662302
5520,3768,0.664186
5530,3923,0.666148
5540,3836,0.668066
5550,3990,0.670061
5560,3985,0.672054
5570,4063,0.674085
5580,4044,0.676107
5590,4080,0.678147
5600,4107,0.680201
5610,4149,0.682275
5620,4049,0.684300
5630,4199,0.686399
5640,4332,0.688565
5650,4191,0.690660
5660,4423,0.692872
5670,4373,0.695059
5680,4344,0.697231
5690,4228,0.699345
5700,4329,0.701509
5710,4381,0.703700
5720,4385,0.705892
5730,4473,0.708129
5740,4525,0.710391
5750,4524,0.712653
5760,4544,0.714925
5770,4459,0.717155
5780,4695,0.719502
5790,4584,0.721794
5800,4746,0.724167
5810,4694,0.726514
5820,4625,0.728827
5830,4711,0.731182
5840,4690,0.733527
5850,4801,0.735928
5860,4798,0.738326
5870,4868,0.740761
5880,4843,0.743182
5890,4821,0.745592
5900,4933,0.748059
5910,4931,0.750525
5920,4903,0.752976
5930,4833,0.755392
5940,4933,0.757859
5950,4881,0.760300
5960,4726,0.762662
5970,4911,0.765118
5980,4912,0.767574
5990,4813,0.769980
6000,4974,0.772467
6010,4936,0.774935
6020,4873,0.777372
6030,4893,0.779818
6040,5032,0.782335
6050,4862,0.784765
6060,4872,0.787202
6070,4850,0.789626
6080,4997,0.792125
6090,4973,0.794612
6100,5033,0.797128
6110,4829,0.799542
6120,4912,0.801998
6130,4941,0.804469
6140,4819,0.806879
6150,4816,0.809286
6160,5004,0.811788
6170,4743,0.814160
6180,4701,0.816510
6190,4838,0.818929
6200,4813,0.821336
6210,4831,0.823752
6220,4782,0.826142
6230,4693,0.828489
6240,4600,0.830789
6250,4637,0.833107
6260,4674,0.835445
6270,4507,0.837698
6280,4599,0.839997
6290,4562,0.842278
6300,4527,0.844542
6310,4412,0.846748
6320,4493,0.848994
6330,4569,0.851279
6340,4363,0.853460
6350,4352,0.855636
6360,4323,0.857798
6370,4320,0.859958
6380,4280,0.862098
6390,4196,0.864196
6400,4170,0.866281
6410,4130,0.868346
6420,4130,0.870411
6430,4041,0.872432
6440,3936,0.874399
6450,4052,0.876426
6460,3903,0.878377
6470,3953,0.880354
6480,3816,0.882262
6490,3738,0.884130
6500,3740,0.886001
6510,3661,0.887831
6520,3575,0.889619
6530,3616,0.891427
6540,3692,0.893273
6550,3618,0.895082
6560,3535,0.896849
6570,3506,0.898602
6580,3373,0.900289
6590,3373,0.901975
6600,3350,0.903650
6610,3307,0.905303
6620,3237,0.906922
6630,3247,0.908545
6640,3063,0.910077
6650,3208,0.911681
6660,3042,0.913202
6670,2955,0.914680
6680,3014,0.916187
6690,2835,0.917604
6700,2938,0.919073
6710,2776,0.920461
6720,2744,0.921833
6730,2627,0.923146
6740,2698,0.924496
6750,2604,0.925798
6760,2588,0.927091
6770,2560,0.928371
6780,2409,0.929576
6790,2381,0.930767
6800,2422,0.931978
6810,2368,0.933161
6820,2265,0.934294
6830,2246,0.935417
6840,2246,0.936540
6850,2176,0.937628
6860,2204,0.938730
6870,2139,0.939799
6880,2078,0.940839
6890,2022,0.941850
6900,1929,0.942814
6910,1979,0.943803
6920,1872,0.944740
6930,1888,0.945683
6940,1830,0.946598
6950,1775,0.947486
6960,1799,0.948385
6970,1711,0.949241
6980,1635,0.950059
6990,1629,0.950873
7000,1671,0.951708
7010,1618,0.952518
7020,1471,0.953253
7030,1496,0.954001
7040,1484,0.954743
7050,1517,0.955501
7060,1434,0.956218
7070,1389,0.956913
7080,1442,0.957634
7090,1337,0.958302
7100,1261,0.958933
7110,1175,0.959521
7120,1234,0.960137
7130,1178,0.960726
7140,1149,0.961301
7150,1144,0.961873
7160,1144,0.962445
7170,1135,0.963013
7180,1058,0.963542
7190,1111,0.964097
7200,1078,0.964636
7210,1008,0.965140
7220,1001,0.965640
7230,962,0.966121
7240,918,0.966581
7250,885,0.967023
7260,950,0.967498
7270,847,0.967921
7280,890,0.968367
7290,811,0.968772
7300,809,0.969176
7310,769,0.969561
7320,816,0.969969
7330,779,0.970358
7340,721,0.970719
7350,769,0.971103
7360,721,0.971464
7370,659,0.971793
7380,696,0.972142
7390,654,0.972468
7400,610,0.972773
7410,655,0.973101
7420,628,0.973415
7430,596,0.973713
7440,602,0.974014
7450,563,0.974295
7460,549,0.974570
7470,544,0.974842
7480,535,0.975110
7490,543,0.975381
7500,555,0.975658
7510,498,0.975908
7520,480,0.976147
7530,459,0.976377
7540,434,0.976594
7550,464,0.976826
7560,410,0.977031
7570,408,0.977235
7580,396,0.977433
7590,390,0.977628
7600,391,0.977823
7610,400,0.978024
7620,400,0.978224
7630,312,0.978379
7640,321,0.978540
7650,338,0.978709
7660,325,0.978872
7670,319,0.979031
7680,317,0.979190
7690,302,0.979340
7700,306,0.979493
7710,303,0.979645
7720,273,0.979782
7730,285,0.979924
7740,242,0.980045
7750,278,0.980184
7760,262,0.980315
7770,261,0.980446
7780,237,0.980564
7790,267,0.980698
7800,253,0.980824
7810,277,0.980963
7820,245,0.981085
7830,223,0.981197
7840,236,0.981314
7850,252,0.981440
7860,214,0.981547
7870,251,0.981673
7880,205,0.981776
7890,175,0.981863
7900,177,0.981951
7910,227,0.982065
7920,214,0.982172
7930,209,0.982276
7940,195,0.982374
7950,169,0.982458
7960,184,0.982551
7970,186,0.982643
7980,179,0.982733
7990,179,0.982822
8000,173,0.982909
8010,159,0.982988
8020,163,0.983070
8030,146,0.983143
8040,167,0.983226
8050,157,0.983305
8060,148,0.983379
8070,150,0.983454
8080,149,0.983528
8090,141,0.983599
8100,139,0.983669
8110,130,0.983733
8120,124,0.983796
8130,134,0.983863
8140,130,0.983927
8150,136,0.983995
8160,120,0.984056
8170,124,0.984118
8180,117,0.984176
8190,110,0.984231
8200,118,0.984290
8210,103,0.984342
8220,102,0.984393
8230,118,0.984451
8240,111,0.984507
8250,108,0.984561
8260,107,0.984614
8270,111,0.984670
8280,106,0.984723
8290,121,0.984783
8300,106,0.984837
8310,90,0.984882
8320,89,0.984926
8330,101,0.984976
8340,89,0.985021
8350,107,0.985075
8360,87,0.985118
8370,88,0.985162
8380,77,0.985201
8390,102,0.985251
8400,90,0.985296
8410,73,0.985333
8420,82,0.985374
8430,92,0.985420
8440,88,0.985464
8450,87,0.985507
8460,83,0.985549
8470,68,0.985583
8480,74,0.985620
8490,86,0.985663
8500,72,0.985699
8510,91,0.985744
8520,72,0.985780
8530,64,0.985812
8540,76,0.985851
8550,72,0.985887
8560,63,0.985918
8570,67,0.985951
8580,69,0.985986
8590,79,0.986026
8600,76,0.986063
8610,66,0.986097
8620,58,0.986126
8630,50,0.986151
8640,61,0.986181
8650,54,0.986208
8660,69,0.986242
8670,64,0.986274
8680,69,0.986309
8690,67,0.986342
8700,61,0.986373
8710,40,0.986393
8720,60,0.986423
8730,52,0.986449
8740,50,0.986474
8750,73,0.986511
8760,51,0.986536
8770,55,0.986564
8780,56,0.986592
8790,48,0.986615
8800,56,0.986643
8810,57,0.986672
8820,40,0.986692
8830,57,0.986721
8840,57,0.986749
8850,56,0.986777
8860,41,0.986798
8870,46,0.986821
8880,55,0.986848
8890,56,0.986876
8900,49,0.986901
8910,42,0.986921
8920,50,0.986947
8930,43,0.986968
8940,44,0.986990
8950,44,0.987012
8960,40,0.987032
8970,47,0.987055
8980,52,0.987082
8990,55,0.987109
9000,42,0.987130
9010,48,0.987154
9020,48,0.987178
9030,56,0.987206
9040,52,0.987232
9050,49,0.987257
9060,48,0.987280
9070,45,0.987303
9080,45,0.987325
9090,53,0.987352
9100,52,0.987378
9110,45,0.987400
9120,30,0.987415
9130,53,0.987442
9140,52,0.987468
9150,55,0.987495
9160,45,0.987518
9170,52,0.987544
9180,41,0.987565
9190,57,0.987593
9200,51,0.987619
9210,48,0.987643
9220,49,0.987667
9230,42,0.987688
9240,48,0.987712
9250,57,0.987741
9260,34,0.987758
9270,44,0.987779
9280,59,0.987809
9290,46,0.987832
9300,44,0.987854
9310,45,0.987876
9320,38,0.987895
9330,43,0.987917
9340,43,0.987939
9350,51,0.987964
9360,46,0.987987
9370,53,0.988014
9380,46,0.988037
9390,53,0.988063
9400,27,0.988077
9410,46,0.988100
9420,62,0.988131
9430,46,0.988154
9440,49,0.988178
9450,53,0.988204
9460,49,0.988229
9470,73,0.988266
9480,40,0.988285
9490,60,0.988316
9500,68,0.988349
9510,68,0.988383
9520,57,0.988412
9530,62,0.988443
9540,61,0.988473
9550,59,0.988503
9560,57,0.988531
9570,61,0.988562
9580,54,0.988589
9590,63,0.988621
9600,63,0.988652
9610,53,0.988679
9620,66,0.988711
9630,58,0.988741
9640,50,0.988765
9650,64,0.988797
9660,57,0.988826
9670,50,0.988851
9680,57,0.988880
9690,63,0.988911
9700,67,0.988944
9710,74,0.988981
9720,63,0.989013
9730,52,0.989039
9740,65,0.989071
9750,72,0.989107
9760,59,0.989137
9770,55,0.989164
9780,74,0.989201
9790,71,0.989237
9800,73,0.989273
9810,71,0.989309
9820,79,0.989348
9830,69,0.989383
9840,63,0.989415
9850,76,0.989452
9860,63,0.989484
9870,92,0.989530
9880,72,0.989566
9890,68,0.989600
9900,75,0.989637
9910,75,0.989675
9920,78,0.989714
9930,71,0.989749
9940,72,0.989785
9950,70,0.989820
9960,81,0.989861
9970,86,0.989904
9980,77,0.989942
9990,91,0.989988
10000,68,0.990022
10010,80,0.990062
10020,94,0.990109
10030,96,0.990157
10040,76,0.990195
10050,103,0.990246
10060,118,0.990305
10070,86,0.990349
10080,90,0.990394
10090,80,0.990434
10100,99,0.990483
10110,89,0.990528
10120,100,0.990578
10130,77,0.990616
10140,113,0.990673
10150,96,0.990721
10160,75,0.990758
10170,103,0.990810
10180,95,0.990857
10190,102,0.990908
10200,108,0.990962
10210,99,0.991012
10220,98,0.991060
10230,100,0.991111
10240,98,0.991159
10250,88,0.991203
10260,97,0.991252
10270,94,0.991299
10280,89,0.991343
10290,110,0.991399
10300,101,0.991449
10310,92,0.991495
10320,107,0.991548
10330,105,0.991601
10340,108,0.991655
10350,104,0.991707
10360,102,0.991758
10370,93,0.991804
10380,90,0.991849
10390,119,0.991909
10400,95,0.991956
10410,105,0.992009
10420,117,0.992068
10430,113,0.992124
10440,125,0.992186
10450,129,0.992251
10460,116,0.992309
10470,98,0.992358
10480,129,0.992423
10490,119,0.992482
10500,131,0.992548
10510,123,0.992609
10520,107,0.992662
10530,98,0.992711
10540,108,0.992765
10550,114,0.992823
10560,97,0.992871
10570,105,0.992923
10580,115,0.992981
10590,112,0.993037
10600,98,0.993086
10610,121,0.993146
10620,112,0.993203
10630,115,0.993260
10640,103,0.993312
10650,118,0.993370
10660,102,0.993421
10670,90,0.993466
10680,85,0.993509
10690,100,0.993559
10700,112,0.993615
10710,113,0.993671
10720,90,0.993716
10730,108,0.993770
10740,112,0.993827
10750,111,0.993882
10760,116,0.993940
10770,97,0.993989
10780,121,0.994049
10790,115,0.994106
10800,108,0.994160
10810,117,0.994219
10820,117,0.994277
10830,99,0.994327
10840,112,0.994383
10850,91,0.994429
10860,106,0.994482
10870,103,0.994533
10880,100,0.994583
10890,102,0.994634
10900,98,0.994683
10910,111,0.994739
10920,101,0.994789
10930,92,0.994835
10940,114,0.994892
10950,92,0.994938
10960,84,0.994980
10970,100,0.995030
10980,81,0.995071
10990,94,0.995117
11000,77,0.995156
11010,92,0.995202
11020,89,0.995247
11030,105,0.995299
11040,87,0.995342
11050,77,0.995381
11060,86,0.995424
11070,105,0.995476
11080,94,0.995524
11090,88,0.995568
11100,79,0.995607
11110,82,0.995648
11120,74,0.995685
11130,83,0.995727
11140,91,0.995772
11150,86,0.995815
11160,85,0.995857
11170,92,0.995903
11180,79,0.995943
11190,68,0.995977
11200,78,0.996016
11210,75,0.996054
11220,85,0.996096
11230,99,0.996145
11240,82,0.996186
11250,72,0.996222
11260,68,0.996256
11270,70,0.996292
11280,73,0.996328
11290,83,0.996369
11300,60,0.996400
11310,60,0.996430
11320,65,0.996462
11330,68,0.996496
11340,71,0.996531
11350,77,0.996570
11360,60,0.996600
11370,63,0.996632
11380,74,0.996669
11390,57,0.996697
11400,52,0.996723
11410,55,0.996750
11420,55,0.996778
11430,62,0.996809
11440,54,0.996836
11450,61,0.996867
11460,55,0.996894
11470,51,0.996920
11480,56,0.996948
11490,52,0.996974
11500,52,0.997000
11510,36,0.997018
11520,46,0.997041
11530,48,0.997064
11540,41,0.997085
11550,44,0.997107
11560,38,0.997126
11570,45,0.997149
11580,56,0.997177
11590,36,0.997195
11600,46,0.997217
11610,58,0.997247
11620,43,0.997268
11630,47,0.997292
11640,34,0.997308
11650,43,0.997330
11660,42,0.997351
11670,36,0.997369
11680,34,0.997386
11690,39,0.997406
11700,47,0.997429
11710,50,0.997454
11720,45,0.997477
11730,48,0.997500
11740,39,0.997520
11750,27,0.997534
11760,40,0.997554
11770,45,0.997576
11780,38,0.997595
11790,36,0.997613
11800,43,0.997634
11810,38,0.997653
11820,39,0.997673
11830,34,0.997690
11840,38,0.997709
11850,25,0.997721
11860,27,0.997735
11870,29,0.997750
11880,30,0.997765
11890,33,0.997781
11900,24,0.997793
11910,29,0.997808
11920,33,0.997824
11930,18,0.997833
11940,22,0.997844
11950,28,0.997858
11960,28,0.997872
11970,24,0.997884
11980,31,0.997899
11990,28,0.997913
12000,22,0.997925
12010,19,0.997934
12020,21,0.997944
12030,20,0.997954
12040,17,0.997963
12050,23,0.997975
12060,30,0.997989
12070,25,0.998002
12080,20,0.998012
12090,15,0.998020
12100,22,0.998030
12110,18,0.998039
12120,23,0.998051
12130,24,0.998063
12140,21,0.998074
12150,18,0.998083
12160,24,0.998094
12170,23,0.998106
12180,19,0.998115
12190,19,0.998125
12200,18,0.998134
12210,23,0.998146
12220,19,0.998155
12230,18,0.998164
12240,26,0.998177
12250,18,0.998186
12260,23,0.998197
12270,14,0.998205
12280,18,0.998214
12290,15,0.998221
12300,15,0.998228
12310,20,0.998239
12320,15,0.998246
12330,17,0.998254
12340,23,0.998266
12350,16,0.998274
12360,22,0.998285
12370,10,0.998290
12380,13,0.998296
12390,10,0.998302
12400,15,0.998309
12410,18,0.998318
12420,20,0.998328
12430,15,0.998335
12440,21,0.998346
12450,18,0.998355
12460,14,0.998362
12470,16,0.998370
12480,13,0.998376
12490,15,0.998384
12500,11,0.998389
12510,16,0.998398
12520,13,0.998404
12530,13,0.998411
12540,11,0.998416
12550,14,0.998423
12560,5,0.998425
12570,19,0.998435
12580,10,0.998440
12590,14,0.998447
12600,8,0.998451
12610,12,0.998457
12620,15,0.998465
12630,15,0.998472
12640,10,0.998477
12650,15,0.998484
12660,8,0.998488
12670,12,0.998495
12680,15,0.998502
12690,11,0.998507
12700,10,0.998513
12710,18,0.998522
12720,17,0.998530
12730,15,0.998537
12740,15,0.998545
12750,13,0.998551
12760,11,0.998557
12770,9,0.998562
12780,11,0.998567
12790,6,0.998570
12800,9,0.998574
12810,8,0.998578
12820,15,0.998586
12830,12,0.998592
12840,9,0.998596
12850,13,0.998603
12860,16,0.998611
12870,2,0.998612
12880,8,0.998616
12890,15,0.998623
12900,12,0.998630
12910,16,0.998637
12920,10,0.998643
12930,11,0.998648
12940,17,0.998657
12950,16,0.998664
12960,17,0.998673
12970,10,0.998678
12980,19,0.998688
12990,13,0.998694
13000,8,0.998698
13010,17,0.998707
13020,13,0.998713
13030,15,0.998721
13040,14,0.998728
13050,19,0.998737
13060,9,0.998742
13070,12,0.998748
13080,11,0.998753
13090,14,0.998760
13100,5,0.998762
13110,9,0.998767
13120,8,0.998771
13130,18,0.998780
13140,13,0.998787
13150,13,0.998793
13160,17,0.998802
13170,11,0.998807
13180,9,0.998811
13190,12,0.998818
13200,10,0.998823
13210,12,0.998828
13220,12,0.998834
13230,14,0.998842
13240,13,0.998848
13250,12,0.998854
13260,8,0.998858
13270,10,0.998863
13280,12,0.998869
13290,8,0.998873
13300,12,0.998879
13310,12,0.998885
13320,20,0.998895
13330,14,0.998902
13340,12,0.998908
13350,12,0.998914
13360,13,0.998921
13370,12,0.998927
13380,14,0.998933
13390,13,0.998940
13400,15,0.998948
13410,13,0.998954
13420,10,0.998959
13430,14,0.998966
13440,14,0.998973
13450,15,0.998981
13460,9,0.998985
13470,16,0.998993
13480,17,0.999002
13490,14,0.999008
13500,14,0.999016
13510,10,0.999021
13520,10,0.999026
13530,14,0.999032
13540,10,0.999038
13550,13,0.999044
13560,5,0.999047
13570,9,0.999051
13580,12,0.999057
13590,15,0.999065
13600,20,0.999075
13610,14,0.999081
13620,14,0.999089
13630,18,0.999098
13640,8,0.999102
13650,10,0.999107
13660,12,0.999112
13670,14,0.999120
13680,12,0.999125
13690,14,0.999133
13700,10,0.999138
13710,11,0.999143
13720,12,0.999149
13730,15,0.999156
13740,10,0.999161
13750,9,0.999166
13760,8,0.999170
13770,11,0.999175
13780,10,0.999180
13790,8,0.999184
13800,11,0.999190
13810,14,0.999197
13820,9,0.999201
13830,11,0.999207
13840,11,0.999213
13850,13,0.999219
13860,16,0.999227
13870,13,0.999233
13880,7,0.999237
13890,8,0.999241
13900,12,0.999247
13910,16,0.999255
13920,9,0.999259
13930,9,0.999264
13940,20,0.999274
13950,13,0.999281
13960,16,0.999288
13970,16,0.999296
13980,13,0.999303
13990,17,0.999312
14000,5,0.999314
14010,13,0.999321
14020,16,0.999328
14030,10,0.999334
14040,14,0.999340
14050,10,0.999345
14060,8,0.999349
14070,10,0.999354
14080,14,0.999362
14090,14,0.999368
14100,8,0.999372
14110,10,0.999377
14120,18,0.999386
14130,12,0.999393
14140,10,0.999398
14150,8,0.999402
14160,14,0.999408
14170,6,0.999412
14180,8,0.999416
14190,12,0.999421
14200,13,0.999428
14210,9,0.999433
14220,8,0.999436
14230,8,0.999440
14240,11,0.999446
14250,14,0.999453
14260,14,0.999460
14270,7,0.999463
14280,8,0.999467
14290,12,0.999474
14300,11,0.999479
14310,12,0.999485
14320,8,0.999489
14330,11,0.999494
14340,10,0.999499
14350,9,0.999504
14360,7,0.999507
14370,9,0.999512
14380,15,0.999520
14390,9,0.999524
14400,9,0.999529
14410,14,0.999536
14420,8,0.999539
14430,15,0.999547
14440,8,0.999551
14450,12,0.999557
14460,3,0.999559
14470,10,0.999564
14480,13,0.999570
14490,15,0.999578
14500,12,0.999583
14510,14,0.999591
14520,5,0.999593
14530,9,0.999597
14540,15,0.999605
14550,4,0.999607
14560,10,0.999612
14570,10,0.999617
14580,6,0.999620
14590,7,0.999623
14600,11,0.999629
14610,6,0.999632
14620,6,0.999635
14630,10,0.999640
14640,5,0.999642
14650,11,0.999648
14660,12,0.999654
14670,9,0.999659
14680,6,0.999662
14690,8,0.999665
14700,12,0.999672
14710,8,0.999676
14720,12,0.999681
14730,14,0.999689
14740,5,0.999691
14750,8,0.999695
14760,7,0.999699
14770,3,0.999700
14780,7,0.999704
14790,7,0.999707
14800,16,0.999715
14810,6,0.999718
14820,9,0.999722
14830,5,0.999725
14840,8,0.999729
14850,6,0.999732
14860,6,0.999735
14870,5,0.999738
14880,3,0.999739
14890,5,0.999741
14900,7,0.999745
14910,7,0.999749
14920,12,0.999754
14930,3,0.999756
14940,3,0.999758
14950,2,0.999758
14960,6,0.999762
14970,3,0.999763
14980,7,0.999767
14990,5,0.999769
15000,6,0.999772
15010,4,0.999774
15020,5,0.999776
15030,3,0.999778
15040,6,0.999781
15050,3,0.999783
15060,1,0.999783
15070,2,0.999784
15080,5,0.999786
15090,2,0.999788
15100,13,0.999794
15110,8,0.999798
15120,7,0.999802
15130,8,0.999806
15140,4,0.999807
15150,3,0.999809
15160,3,0.999811
15170,4,0.999812
15180,1,0.999813
15190,4,0.999815
15200,3,0.999816
15210,5,0.999819
15220,1,0.999820
15230,10,0.999825
15240,9,0.999829
15250,5,0.999831
15260,3,0.999833
15270,7,0.999837
15280,5,0.999839
15290,5,0.999842
15300,2,0.999843
15310,7,0.999846
15320,4,0.999848
15330,2,0.999849
15340,1,0.999849
15350,4,0.999852
15360,3,0.999853
15370,5,0.999856
15380,5,0.999858
15390,5,0.999861
15400,3,0.999862
15410,2,0.999863
15420,2,0.999864
15430,2,0.999865
15440,4,0.999867
15450,2,0.999868
15460,2,0.999869
15470,2,0.999870
15480,1,0.999870
15500,1,0.999871
15510,3,0.999873
15520,3,0.999874
15530,2,0.999875
15540,1,0.999875
15550,1,0.999876
15560,3,0.999878
15570,2,0.999879
15590,1,0.999879
15600,2,0.999880
15610,2,0.999881
15620,1,0.999882
15630,3,0.999883
15640,3,0.999884
15650,2,0.999885
15660,2,0.999887
15670,5,0.999889
15680,4,0.999891
15690,2,0.999892
15700,1,0.999892
15710,3,0.999894
15720,6,0.999897
15740,2,0.999898
15750,1,0.999898
15760,1,0.999899
15770,2,0.999900
15780,1,0.999901
15790,2,0.999901
15800,2,0.999902
15810,1,0.999903
15820,2,0.999904
15830,1,0.999905
15840,2,0.999906
15850,1,0.999906
15860,3,0.999907
15870,2,0.999909
15880,1,0.999909
15890,2,0.999910
15900,2,0.999911
15910,3,0.999913
15920,1,0.999913
15930,2,0.999914
15950,3,0.999915
15970,1,0.999916
15980,2,0.999917
15990,1,0.999918
16000,2,0.999919
16010,2,0.999919
16020,3,0.999921
16030,1,0.999922
16050,1,0.999922
16060,1,0.999923
16070,2,0.999924
16090,1,0.999924
16100,2,0.999925
16120,1,0.999925
16130,3,0.999927
16140,1,0.999928
16150,3,0.999929
16170,2,0.999930
16180,1,0.999931
16190,1,0.999931
16200,1,0.999932
16210,3,0.999933
16220,3,0.999934
16230,1,0.999935
16260,1,0.999936
16270,2,0.999937
16290,2,0.999937
16300,1,0.999938
16320,1,0.999938
16330,1,0.999939
16340,2,0.999940
16360,2,0.999941
16380,2,0.999942
16390,1,0.999942
16400,1,0.999943
16420,2,0.999944
16430,1,0.999945
16460,1,0.999945
16490,2,0.999946
16500,1,0.999946
16520,2,0.999947
16530,1,0.999948
16540,1,0.999949
16550,2,0.999950
16620,2,0.999951
16630,1,0.999951
16640,1,0.999951
16660,2,0.999952
16670,1,0.999953
16680,2,0.999954
16690,3,0.999955
16700,1,0.999956
16720,1,0.999956
16750,1,0.999957
16780,1,0.999958
16800,1,0.999958
16820,1,0.999959
16840,1,0.999959
16860,1,0.999960
16910,1,0.999960
16940,2,0.999961
17020,1,0.999961
17060,1,0.999962
17070,1,0.999963
17080,1,0.999963
17090,1,0.999964
17100,2,0.999964
17120,1,0.999965
17160,1,0.999965
17180,1,0.999966
17190,1,0.999967
17300,1,0.999967
17310,2,0.999968
17430,1,0.999969
17590,1,0.999969
17610,1,0.999969
17620,1,0.999970
17650,1,0.999970
17780,1,0.999971
17880,1,0.999972
17920,2,0.999973
18040,1,0.999973
18070,1,0.999973
18080,1,0.999974
18180,1,0.999974
18260,1,0.999975
18330,1,0.999976
18360,1,0.999976
18410,1,0.999977
18510,1,0.999977
18570,2,0.999978
18710,1,0.999978
19000,1,0.999979
19080,1,0.999979
19180,1,0.999980
19330,1,0.999981
19470,1,0.999981
19480,1,0.999982
19560,1,0.999982
19940,1,0.999982
19950,1,0.999983
20080,1,0.999983
20130,1,0.999984
20170,1,0.999985
20540,1,0.999985
20980,1,0.999986
33070,1,0.999986
34570,1,0.999987
34780,1,0.999987
35690,1,0.999987
35800,1,0.999988
35820,1,0.999988
37050,1,0.999989
37500,1,0.999990
37600,1,0.999990
37830,1,0.999991
37840,1,0.999991
39360,1,0.999991
40050,1,0.999992
40500,1,0.999992
41670,1,0.999993
42090,1,0.999994
42170,1,0.999994
43390,1,0.999995
43430,1,0.999995
48170,1,0.999996
48460,1,0.999996
48650,1,0.999996
51060,1,0.999997
53660,1,0.999997
53730,1,0.999998
54080,1,0.999999
54500,1,0.999999
68520,1,1.000000
72520,1,1.000000
