#latency,cnt,cdf
0,1,0.000001
20,30,0.000016
30,125,0.000082
40,32,0.000099
50,9,0.000104
60,4,0.000106
70,14,0.000113
80,57,0.000143
90,844,0.000587
100,1954,0.001616
110,12928,0.008420
120,19090,0.018466
130,21546,0.029806
140,124402,0.095277
150,150868,0.174677
160,62299,0.207464
170,79760,0.249441
180,158788,0.333009
190,41140,0.354660
200,11180,0.360544
210,12027,0.366874
220,22231,0.378574
230,95872,0.429030
240,75314,0.468667
250,61122,0.500835
260,15831,0.509166
270,6141,0.512398
280,4198,0.514608
290,2959,0.516165
300,2415,0.517436
310,1878,0.518424
320,1472,0.519199
330,1233,0.519848
340,1034,0.520392
350,836,0.520832
360,719,0.521210
370,599,0.521526
380,476,0.521776
390,357,0.521964
400,341,0.522144
410,250,0.522275
420,218,0.522390
430,175,0.522482
440,134,0.522552
450,120,0.522616
460,102,0.522669
470,93,0.522718
480,71,0.522756
490,70,0.522792
500,68,0.522828
510,65,0.522862
520,69,0.522899
530,82,0.522942
540,90,0.522989
550,94,0.523039
560,76,0.523079
570,106,0.523135
580,108,0.523191
590,139,0.523265
600,99,0.523317
610,120,0.523380
620,112,0.523439
630,134,0.523509
640,152,0.523589
650,162,0.523675
660,165,0.523761
670,160,0.523846
680,168,0.523934
690,161,0.524019
700,151,0.524098
710,147,0.524176
720,142,0.524250
730,161,0.524335
740,149,0.524413
750,138,0.524486
760,109,0.524543
770,116,0.524604
780,117,0.524666
790,104,0.524721
800,113,0.524780
810,116,0.524841
820,149,0.524920
830,106,0.524975
840,125,0.525041
850,114,0.525101
860,131,0.525170
870,94,0.525220
880,80,0.525262
890,99,0.525314
900,97,0.525365
910,94,0.525414
920,95,0.525464
930,70,0.525501
940,90,0.525549
950,71,0.525586
960,72,0.525624
970,85,0.525669
980,77,0.525709
990,62,0.525742
1000,86,0.525787
1010,68,0.525823
1020,85,0.525868
1030,81,0.525910
1040,60,0.525942
1050,61,0.525974
1060,57,0.526004
1070,64,0.526038
1080,55,0.526066
1090,69,0.526103
1100,58,0.526133
1110,64,0.526167
1120,59,0.526198
1130,60,0.526230
1140,63,0.526263
1150,69,0.526299
1160,77,0.526340
1170,72,0.526378
1180,61,0.526410
1190,63,0.526443
1200,85,0.526488
1210,67,0.526523
1220,80,0.526565
1230,74,0.526604
1240,74,0.526643
1250,82,0.526686
1260,95,0.526736
1270,78,0.526777
1280,105,0.526832
1290,70,0.526869
1300,75,0.526909
1310,69,0.526945
1320,84,0.526989
1330,81,0.527032
1340,88,0.527078
1350,86,0.527123
1360,110,0.527181
1370,100,0.527234
1380,87,0.527280
1390,103,0.527334
1400,86,0.527379
1410,99,0.527431
1420,107,0.527487
1430,103,0.527542
1440,104,0.527596
1450,97,0.527647
1460,96,0.527698
1470,98,0.527750
1480,108,0.527806
1490,105,0.527862
1500,93,0.527911
1510,108,0.527967
1520,124,0.528033
1530,113,0.528092
1540,80,0.528134
1550,117,0.528196
1560,105,0.528251
1570,99,0.528303
1580,101,0.528356
1590,103,0.528411
1600,88,0.528457
1610,86,0.528502
1620,83,0.528546
1630,81,0.528588
1640,74,0.528627
1650,80,0.528670
1660,73,0.528708
1670,90,0.528755
1680,90,0.528803
1690,77,0.528843
1700,73,0.528882
1710,67,0.528917
1720,65,0.528951
1730,74,0.528990
1740,89,0.529037
1750,69,0.529073
1760,81,0.529116
1770,70,0.529153
1780,57,0.529183
1790,67,0.529218
1800,67,0.529253
1810,69,0.529289
1820,66,0.529324
1830,74,0.529363
1840,81,0.529406
1850,61,0.529438
1860,70,0.529475
1870,65,0.529509
1880,55,0.529538
1890,80,0.529580
1900,84,0.529624
1910,84,0.529668
1920,64,0.529702
1930,87,0.529748
1940,80,0.529790
1950,88,0.529836
1960,116,0.529897
1970,77,0.529938
1980,80,0.529980
1990,85,0.530025
2000,77,0.530065
2010,92,0.530114
2020,80,0.530156
2030,84,0.530200
2040,72,0.530238
2050,92,0.530286
2060,104,0.530341
2070,87,0.530387
2080,81,0.530429
2090,97,0.530480
2100,88,0.530527
2110,105,0.530582
2120,86,0.530627
2130,82,0.530670
2140,88,0.530717
2150,102,0.530770
2160,88,0.530817
2170,91,0.530865
2180,83,0.530908
2190,98,0.530960
2200,102,0.531014
2210,83,0.531057
2220,95,0.531107
2230,88,0.531154
2240,95,0.531204
2250,88,0.531250
2260,90,0.531297
2270,89,0.531344
2280,77,0.531385
2290,75,0.531424
2300,72,0.531462
2310,89,0.531509
2320,89,0.531556
2330,87,0.531601
2340,94,0.531651
2350,80,0.531693
2360,78,0.531734
2370,83,0.531778
2380,81,0.531820
2390,78,0.531861
2400,74,0.531900
2410,74,0.531939
2420,93,0.531988
2430,79,0.532030
2440,85,0.532075
2450,75,0.532114
2460,59,0.532145
2470,86,0.532190
2480,73,0.532229
2490,68,0.532265
2500,74,0.532304
2510,92,0.532352
2520,82,0.532395
2530,79,0.532437
2540,77,0.532477
2550,75,0.532517
2560,88,0.532563
2570,75,0.532602
2580,84,0.532647
2590,94,0.532696
2600,85,0.532741
2610,61,0.532773
2620,80,0.532815
2630,78,0.532856
2640,91,0.532904
2650,75,0.532943
2660,77,0.532984
2670,81,0.533027
2680,78,0.533068
2690,101,0.533121
2700,88,0.533167
2710,59,0.533198
2720,86,0.533243
2730,91,0.533291
2740,86,0.533337
2750,98,0.533388
2760,85,0.533433
2770,82,0.533476
2780,94,0.533526
2790,72,0.533563
2800,87,0.533609
2810,88,0.533656
2820,80,0.533698
2830,100,0.533750
2840,89,0.533797
2850,89,0.533844
2860,106,0.533900
2870,88,0.533946
2880,73,0.533984
2890,85,0.534029
2900,86,0.534074
2910,85,0.534119
2920,87,0.534165
2930,76,0.534205
2940,81,0.534248
2950,88,0.534294
2960,81,0.534337
2970,84,0.534381
2980,81,0.534423
2990,85,0.534468
3000,87,0.534514
3010,81,0.534557
3020,97,0.534608
3030,86,0.534653
3040,70,0.534690
3050,81,0.534732
3060,84,0.534777
3070,67,0.534812
3080,88,0.534858
3090,85,0.534903
3100,84,0.534947
3110,98,0.534999
3120,74,0.535038
3130,93,0.535087
3140,85,0.535131
3150,81,0.535174
3160,90,0.535221
3170,81,0.535264
3180,64,0.535298
3190,80,0.535340
3200,83,0.535383
3210,62,0.535416
3220,95,0.535466
3230,83,0.535510
3240,62,0.535542
3250,79,0.535584
3260,75,0.535623
3270,90,0.535671
3280,85,0.535715
3290,88,0.535762
3300,76,0.535802
3310,75,0.535841
3320,80,0.535883
3330,72,0.535921
3340,95,0.535971
3350,95,0.536021
3360,84,0.536065
3370,83,0.536109
3380,94,0.536159
3390,78,0.536200
3400,100,0.536252
3410,66,0.536287
3420,94,0.536336
3430,84,0.536381
3440,77,0.536421
3450,94,0.536471
3460,70,0.536507
3470,64,0.536541
3480,89,0.536588
3490,85,0.536633
3500,91,0.536681
3510,92,0.536729
3520,101,0.536782
3530,74,0.536821
3540,64,0.536855
3550,89,0.536902
3560,81,0.536944
3570,95,0.536994
3580,85,0.537039
3590,99,0.537091
3600,82,0.537134
3610,76,0.537174
3620,85,0.537219
3630,81,0.537262
3640,76,0.537302
3650,92,0.537350
3660,97,0.537401
3670,79,0.537443
3680,86,0.537488
3690,90,0.537535
3700,79,0.537577
3710,107,0.537633
3720,99,0.537685
3730,100,0.537738
3740,98,0.537790
3750,97,0.537841
3760,119,0.537903
3770,93,0.537952
3780,116,0.538013
3790,108,0.538070
3800,113,0.538130
3810,106,0.538185
3820,120,0.538248
3830,126,0.538315
3840,136,0.538386
3850,129,0.538454
3860,124,0.538520
3870,131,0.538588
3880,126,0.538655
3890,119,0.538717
3900,128,0.538785
3910,138,0.538857
3920,142,0.538932
3930,155,0.539014
3940,159,0.539097
3950,162,0.539183
3960,150,0.539262
3970,176,0.539354
3980,142,0.539429
3990,164,0.539515
4000,180,0.539610
4010,176,0.539703
4020,187,0.539801
4030,205,0.539909
4040,221,0.540025
4050,197,0.540129
4060,210,0.540239
4070,238,0.540365
4080,229,0.540485
4090,245,0.540614
4100,267,0.540755
4110,280,0.540902
4120,241,0.541029
4130,278,0.541175
4140,284,0.541325
4150,310,0.541488
4160,333,0.541663
4170,296,0.541819
4180,338,0.541997
4190,322,0.542166
4200,346,0.542348
4210,360,0.542538
4220,384,0.542740
4230,369,0.542934
4240,414,0.543152
4250,389,0.543357
4260,401,0.543568
4270,416,0.543787
4280,417,0.544006
4290,440,0.544238
4300,449,0.544474
4310,455,0.544713
4320,454,0.544952
4330,520,0.545226
4340,479,0.545478
4350,540,0.545762
4360,531,0.546042
4370,546,0.546329
4380,549,0.546618
4390,572,0.546919
4400,561,0.547214
4410,551,0.547504
4420,550,0.547794
4430,586,0.548102
4440,584,0.548410
4450,633,0.548743
4460,620,0.549069
4470,632,0.549402
4480,640,0.549738
4490,624,0.550067
4500,662,0.550415
4510,653,0.550759
4520,665,0.551109
4530,674,0.551464
4540,663,0.551812
4550,696,0.552179
4560,736,0.552566
4570,696,0.552932
4580,746,0.553325
4590,712,0.553700
4600,762,0.554101
4610,742,0.554491
4620,791,0.554908
4630,795,0.555326
4640,864,0.555781
4650,745,0.556173
4660,806,0.556597
4670,807,0.557022
4680,890,0.557490
4690,861,0.557943
4700,850,0.558391
4710,890,0.558859
4720,838,0.559300
4730,880,0.559763
4740,914,0.560244
4750,993,0.560767
4760,972,0.561278
4770,948,0.561777
4780,972,0.562289
4790,1044,0.562838
4800,920,0.563322
4810,975,0.563836
4820,978,0.564350
4830,985,0.564869
4840,1056,0.565424
4850,1088,0.565997
4860,1016,0.566532
4870,1069,0.567094
4880,1058,0.567651
4890,1085,0.568222
4900,1063,0.568782
4910,1167,0.569396
4920,1140,0.569996
4930,1148,0.570600
4940,1092,0.571175
4950,1131,0.571770
4960,1119,0.572359
4970,1166,0.572972
4980,1171,0.573589
4990,1237,0.574240
5000,1184,0.574863
5010,1232,0.575511
5020,1295,0.576193
5030,1295,0.576874
5040,1249,0.577532
5050,1238,0.578183
5060,1302,0.578868
5070,1310,0.579558
5080,1368,0.580278
5090,1344,0.580985
5100,1382,0.581712
5110,1366,0.582431
5120,1478,0.583209
5130,1434,0.583964
5140,1437,0.584720
5150,1458,0.585488
5160,1458,0.586255
5170,1477,0.587032
5180,1562,0.587854
5190,1436,0.588610
5200,1486,0.589392
5210,1531,0.590198
5220,1595,0.591037
5230,1566,0.591861
5240,1518,0.592660
5250,1589,0.593497
5260,1629,0.594354
5270,1637,0.595215
5280,1626,0.596071
5290,1649,0.596939
5300,1614,0.597788
5310,1596,0.598628
5320,1665,0.599505
5330,1795,0.600449
5340,1738,0.601364
5350,1671,0.602243
5360,1689,0.603132
5370,1695,0.604024
5380,1755,0.604948
5390,1812,0.605902
5400,1785,0.606841
5410,1769,0.607772
5420,1719,0.608677
5430,1830,0.609640
5440,1893,0.610636
5450,1893,0.611632
5460,1913,0.612639
5470,1842,0.613609
5480,1887,0.614602
5490,1980,0.615644
5500,2053,0.616724
5510,1964,0.617758
5520,1981,0.618800
5530,2053,0.619881
5540,2023,0.620946
5550,2090,0.622046
5560,2057,0.623128
5570,2063,0.624214
5580,2037,0.625286
5590,2128,0.626406
5600,2039,0.627479
5610,2105,0.628587
5620,2225,0.629758
5630,2172,0.630901
5640,2113,0.632013
5650,2337,0.633243
5660,2240,0.634422
5670,2215,0.635587
5680,2235,0.636764
5690,2203,0.637923
5700,2220,0.639091
5710,2399,0.640354
5720,2376,0.641604
5730,2336,0.642834
5740,2404,0.644099
5750,2329,0.645325
5760,2454,0.646616
5770,2382,0.647870
5780,2428,0.649148
5790,2459,0.650442
5800,2530,0.651773
5810,2447,0.653061
5820,2480,0.654366
5830,2685,0.655780
5840,2565,0.657129
5850,2461,0.658425
5860,2486,0.659733
5870,2454,0.661025
5880,2642,0.662415
5890,2618,0.663793
5900,2605,0.665164
5910,2635,0.666551
5920,2692,0.667967
5930,2714,0.669396
5940,2626,0.670778
5950,2737,0.672218
5960,2706,0.673642
5970,2745,0.675087
5980,2777,0.676548
5990,2730,0.677985
6000,2854,0.679487
6010,2786,0.680953
6020,2794,0.682424
6030,2796,0.683895
6040,2823,0.685381
6050,2887,0.686900
6060,2983,0.688470
6070,2858,0.689975
6080,3034,0.691571
6090,2939,0.693118
6100,3049,0.694723
6110,2999,0.696301
6120,3112,0.697939
6130,3098,0.699569
6140,3108,0.701205
6150,3072,0.702822
6160,3061,0.704433
6170,3206,0.706120
6180,3269,0.707840
6190,3275,0.709564
6200,3259,0.711279
6210,3322,0.713028
6220,3276,0.714752
6230,3329,0.716504
6240,3361,0.718273
6250,3403,0.720063
6260,3368,0.721836
6270,3509,0.723683
6280,3510,0.725530
6290,3547,0.727397
6300,3515,0.729247
6310,3397,0.731034
6320,3555,0.732905
6330,3549,0.734773
6340,3592,0.736664
6350,3711,0.738617
6360,3633,0.740529
6370,3573,0.742409
6380,3675,0.744343
6390,3644,0.746261
6400,3692,0.748204
6410,3676,0.750139
6420,3760,0.752118
6430,3702,0.754066
6440,3620,0.755971
6450,3927,0.758038
6460,3763,0.760018
6470,3856,0.762048
6480,3948,0.764125
6490,3910,0.766183
6500,3886,0.768228
6510,3767,0.770211
6520,3711,0.772164
6530,3805,0.774166
6540,3977,0.776259
6550,3858,0.778290
6560,3861,0.780322
6570,3845,0.782345
6580,3967,0.784433
6590,3988,0.786532
6600,3943,0.788607
6610,4005,0.790715
6620,3907,0.792771
6630,4022,0.794888
6640,3882,0.796931
6650,3950,0.799010
6660,3973,0.801101
6670,3947,0.803178
6680,3889,0.805225
6690,3918,0.807287
6700,3883,0.809330
6710,3879,0.811372
6720,3968,0.813460
6730,3873,0.815498
6740,3891,0.817546
6750,3915,0.819607
6760,3862,0.821639
6770,3853,0.823667
6780,3873,0.825705
6790,4036,0.827829
6800,3918,0.829891
6810,3771,0.831876
6820,3838,0.833896
6830,3880,0.835938
6840,3787,0.837931
6850,3866,0.839965
6860,3747,0.841937
6870,3872,0.843975
6880,3832,0.845992
6890,3904,0.848047
6900,3710,0.849999
6910,3774,0.851985
6920,3708,0.853937
6930,3756,0.855914
6940,3815,0.857921
6950,3733,0.859886
6960,3536,0.861747
6970,3643,0.863664
6980,3596,0.865557
6990,3504,0.867401
7000,3580,0.869285
7010,3590,0.871174
7020,3534,0.873034
7030,3446,0.874848
7040,3431,0.876653
7050,3459,0.878474
7060,3464,0.880297
7070,3417,0.882095
7080,3322,0.883844
7090,3275,0.885567
7100,3280,0.887293
7110,3202,0.888979
7120,3121,0.890621
7130,3098,0.892252
7140,3234,0.893954
7150,3151,0.895612
7160,2976,0.897178
7170,2982,0.898748
7180,3040,0.900347
7190,2966,0.901908
7200,2904,0.903437
7210,2774,0.904897
7220,2792,0.906366
7230,2722,0.907799
7240,2762,0.909252
7250,2713,0.910680
7260,2768,0.912137
7270,2717,0.913567
7280,2643,0.914958
7290,2667,0.916361
7300,2565,0.917711
7310,2582,0.919070
7320,2463,0.920366
7330,2483,0.921673
7340,2445,0.922960
7350,2406,0.924226
7360,2387,0.925482
7370,2286,0.926686
7380,2270,0.927880
7390,2251,0.929065
7400,2155,0.930199
7410,2153,0.931332
7420,2144,0.932460
7430,2101,0.933566
7440,2059,0.934650
7450,2009,0.935707
7460,1955,0.936736
7470,1943,0.937759
7480,1943,0.938781
7490,1916,0.939790
7500,1856,0.940766
7510,1802,0.941715
7520,1805,0.942665
7530,1778,0.943600
7540,1779,0.944537
7550,1681,0.945421
7560,1666,0.946298
7570,1624,0.947153
7580,1587,0.947988
7590,1565,0.948812
7600,1564,0.949635
7610,1535,0.950443
7620,1428,0.951194
7630,1516,0.951992
7640,1460,0.952760
7650,1432,0.953514
7660,1425,0.954264
7670,1357,0.954978
7680,1279,0.955651
7690,1297,0.956334
7700,1255,0.956994
7710,1219,0.957636
7720,1233,0.958285
7730,1215,0.958924
7740,1187,0.959549
7750,1076,0.960115
7760,1059,0.960673
7770,1068,0.961235
7780,1002,0.961762
7790,1062,0.962321
7800,1006,0.962850
7810,997,0.963375
7820,980,0.963891
7830,932,0.964381
7840,899,0.964855
7850,915,0.965336
7860,896,0.965808
7870,846,0.966253
7880,825,0.966687
7890,798,0.967107
7900,838,0.967548
7910,784,0.967961
7920,722,0.968341
7930,810,0.968767
7940,739,0.969156
7950,773,0.969563
7960,707,0.969935
7970,650,0.970277
7980,658,0.970623
7990,638,0.970959
8000,629,0.971290
8010,618,0.971615
8020,630,0.971947
8030,610,0.972268
8040,553,0.972559
8050,575,0.972861
8060,551,0.973151
8070,541,0.973436
8080,522,0.973711
8090,517,0.973983
8100,447,0.974218
8110,451,0.974456
8120,501,0.974719
8130,494,0.974979
8140,429,0.975205
8150,451,0.975442
8160,415,0.975661
8170,427,0.975886
8180,443,0.976119
8190,378,0.976318
8200,393,0.976524
8210,354,0.976711
8220,369,0.976905
8230,342,0.977085
8240,382,0.977286
8250,324,0.977456
8260,326,0.977628
8270,332,0.977803
8280,349,0.977986
8290,341,0.978166
8300,310,0.978329
8310,288,0.978481
8320,292,0.978634
8330,280,0.978782
8340,281,0.978930
8350,279,0.979076
8360,286,0.979227
8370,256,0.979362
8380,253,0.979495
8390,287,0.979646
8400,249,0.979777
8410,222,0.979894
8420,225,0.980012
8430,220,0.980128
8440,220,0.980244
8450,192,0.980345
8460,221,0.980461
8470,224,0.980579
8480,219,0.980694
8490,203,0.980801
8500,207,0.980910
8510,207,0.981019
8520,178,0.981113
8530,173,0.981204
8540,208,0.981313
8550,182,0.981409
8560,203,0.981516
8570,176,0.981608
8580,177,0.981701
8590,176,0.981794
8600,167,0.981882
8610,180,0.981977
8620,156,0.982059
8630,158,0.982142
8640,144,0.982218
8650,146,0.982295
8660,141,0.982369
8670,136,0.982440
8680,128,0.982508
8690,147,0.982585
8700,145,0.982661
8710,154,0.982742
8720,141,0.982817
8730,127,0.982884
8740,125,0.982949
8750,128,0.983017
8760,120,0.983080
8770,107,0.983136
8780,123,0.983201
8790,106,0.983257
8800,109,0.983314
8810,126,0.983380
8820,103,0.983435
8830,112,0.983494
8840,94,0.983543
8850,120,0.983606
8860,121,0.983670
8870,107,0.983726
8880,93,0.983775
8890,116,0.983836
8900,109,0.983894
8910,118,0.983956
8920,104,0.984010
8930,83,0.984054
8940,121,0.984118
8950,108,0.984175
8960,96,0.984225
8970,102,0.984279
8980,117,0.984340
8990,94,0.984390
9000,90,0.984437
9010,85,0.984482
9020,78,0.984523
9030,73,0.984561
9040,88,0.984608
9050,106,0.984663
9060,67,0.984699
9070,83,0.984742
9080,86,0.984788
9090,73,0.984826
9100,86,0.984871
9110,71,0.984909
9120,71,0.984946
9130,98,0.984998
9140,80,0.985040
9150,75,0.985079
9160,84,0.985123
9170,76,0.985163
9180,60,0.985195
9190,61,0.985227
9200,65,0.985261
9210,78,0.985302
9220,86,0.985348
9230,63,0.985381
9240,66,0.985416
9250,66,0.985450
9260,63,0.985483
9270,54,0.985512
9280,66,0.985547
9290,73,0.985585
9300,69,0.985621
9310,53,0.985649
9320,71,0.985687
9330,69,0.985723
9340,69,0.985759
9350,57,0.985789
9360,44,0.985812
9370,60,0.985844
9380,54,0.985872
9390,60,0.985904
9400,56,0.985933
9410,50,0.985960
9420,66,0.985994
9430,55,0.986023
9440,50,0.986050
9450,67,0.986085
9460,61,0.986117
9470,62,0.986150
9480,58,0.986180
9490,62,0.986213
9500,67,0.986248
9510,65,0.986282
9520,62,0.986315
9530,64,0.986349
9540,55,0.986378
9550,48,0.986403
9560,61,0.986435
9570,47,0.986460
9580,51,0.986486
9590,48,0.986512
9600,55,0.986541
9610,57,0.986571
9620,77,0.986611
9630,52,0.986639
9640,54,0.986667
9650,71,0.986704
9660,64,0.986738
9670,61,0.986770
9680,58,0.986801
9690,47,0.986825
9700,62,0.986858
9710,58,0.986889
9720,47,0.986913
9730,46,0.986938
9740,50,0.986964
9750,52,0.986991
9760,63,0.987024
9770,72,0.987062
9780,58,0.987093
9790,57,0.987123
9800,49,0.987149
9810,50,0.987175
9820,54,0.987203
9830,51,0.987230
9840,47,0.987255
9850,65,0.987289
9860,63,0.987322
9870,41,0.987344
9880,58,0.987374
9890,51,0.987401
9900,51,0.987428
9910,67,0.987463
9920,62,0.987496
9930,68,0.987532
9940,61,0.987564
9950,50,0.987590
9960,65,0.987624
9970,51,0.987651
9980,61,0.987683
9990,60,0.987715
10000,46,0.987739
10010,49,0.987765
10020,43,0.987787
10030,66,0.987822
10040,63,0.987855
10050,57,0.987885
10060,57,0.987915
10070,68,0.987951
10080,67,0.987986
10090,55,0.988015
10100,51,0.988042
10110,70,0.988079
10120,62,0.988112
10130,77,0.988152
10140,64,0.988186
10150,62,0.988219
10160,66,0.988253
10170,62,0.988286
10180,54,0.988314
10190,62,0.988347
10200,69,0.988383
10210,71,0.988421
10220,61,0.988453
10230,73,0.988491
10240,72,0.988529
10250,76,0.988569
10260,53,0.988597
10270,65,0.988631
10280,65,0.988665
10290,66,0.988700
10300,74,0.988739
10310,78,0.988780
10320,75,0.988820
10330,74,0.988859
10340,66,0.988893
10350,59,0.988924
10360,84,0.988968
10370,65,0.989003
10380,68,0.989038
10390,79,0.989080
10400,75,0.989120
10410,82,0.989163
10420,84,0.989207
10430,73,0.989245
10440,73,0.989284
10450,79,0.989325
10460,79,0.989367
10470,75,0.989406
10480,75,0.989446
10490,77,0.989486
10500,84,0.989531
10510,86,0.989576
10520,82,0.989619
10530,72,0.989657
10540,98,0.989708
10550,70,0.989745
10560,83,0.989789
10570,77,0.989829
10580,72,0.989867
10590,98,0.989919
10600,98,0.989971
10610,92,0.990019
10620,73,0.990057
10630,93,0.990106
10640,84,0.990151
10650,100,0.990203
10660,92,0.990252
10670,85,0.990296
10680,91,0.990344
10690,84,0.990388
10700,90,0.990436
10710,101,0.990489
10720,98,0.990541
10730,94,0.990590
10740,107,0.990646
10750,97,0.990697
10760,95,0.990747
10770,102,0.990801
10780,99,0.990853
10790,98,0.990905
10800,95,0.990955
10810,96,0.991005
10820,98,0.991057
10830,103,0.991111
10840,113,0.991170
10850,111,0.991229
10860,90,0.991276
10870,87,0.991322
10880,109,0.991379
10890,108,0.991436
10900,109,0.991494
10910,117,0.991555
10920,112,0.991614
10930,97,0.991665
10940,97,0.991716
10950,104,0.991771
10960,100,0.991824
10970,105,0.991879
10980,105,0.991934
10990,118,0.991996
11000,98,0.992048
11010,109,0.992105
11020,115,0.992166
11030,126,0.992232
11040,113,0.992291
11050,122,0.992356
11060,100,0.992408
11070,107,0.992465
11080,102,0.992518
11090,134,0.992589
11100,114,0.992649
11110,107,0.992705
11120,117,0.992767
11130,121,0.992830
11140,102,0.992884
11150,120,0.992947
11160,112,0.993006
11170,129,0.993074
11180,120,0.993137
11190,109,0.993195
11200,99,0.993247
11210,114,0.993307
11220,123,0.993371
11230,135,0.993442
11240,111,0.993501
11250,122,0.993565
11260,106,0.993621
11270,119,0.993684
11280,110,0.993741
11290,108,0.993798
11300,99,0.993850
11310,106,0.993906
11320,106,0.993962
11330,95,0.994012
11340,110,0.994070
11350,96,0.994120
11360,103,0.994175
11370,87,0.994220
11380,105,0.994276
11390,106,0.994331
11400,112,0.994390
11410,119,0.994453
11420,119,0.994516
11430,112,0.994574
11440,110,0.994632
11450,118,0.994694
11460,118,0.994757
11470,84,0.994801
11480,106,0.994857
11490,102,0.994910
11500,106,0.994966
11510,86,0.995011
11520,114,0.995071
11530,85,0.995116
11540,86,0.995161
11550,98,0.995213
11560,93,0.995262
11570,86,0.995307
11580,109,0.995364
11590,93,0.995413
11600,93,0.995462
11610,78,0.995503
11620,90,0.995551
11630,102,0.995604
11640,99,0.995657
11650,98,0.995708
11660,92,0.995757
11670,82,0.995800
11680,99,0.995852
11690,119,0.995914
11700,82,0.995958
11710,105,0.996013
11720,86,0.996058
11730,90,0.996105
11740,87,0.996151
11750,76,0.996191
11760,75,0.996231
11770,79,0.996272
11780,77,0.996313
11790,93,0.996362
11800,84,0.996406
11810,80,0.996448
11820,63,0.996481
11830,88,0.996528
11840,76,0.996568
11850,70,0.996604
11860,79,0.996646
11870,85,0.996691
11880,74,0.996730
11890,76,0.996770
11900,57,0.996800
11910,64,0.996833
11920,70,0.996870
11930,79,0.996912
11940,64,0.996945
11950,86,0.996991
11960,75,0.997030
11970,60,0.997062
11980,56,0.997091
11990,65,0.997125
12000,55,0.997154
12010,64,0.997188
12020,54,0.997216
12030,55,0.997245
12040,75,0.997285
12050,51,0.997312
12060,51,0.997339
12070,50,0.997365
12080,53,0.997393
12090,51,0.997420
12100,58,0.997450
12110,37,0.997470
12120,38,0.997490
12130,44,0.997513
12140,54,0.997541
12150,61,0.997573
12160,55,0.997602
12170,46,0.997626
12180,38,0.997646
12190,47,0.997671
12200,58,0.997702
12210,44,0.997725
12220,48,0.997750
12230,29,0.997765
12240,33,0.997783
12250,38,0.997803
12260,44,0.997826
12270,46,0.997850
12280,35,0.997869
12290,46,0.997893
12300,44,0.997916
12310,35,0.997934
12320,31,0.997951
12330,37,0.997970
12340,54,0.997999
12350,39,0.998019
12360,42,0.998041
12370,32,0.998058
12380,34,0.998076
12390,30,0.998092
12400,36,0.998111
12410,29,0.998126
12420,18,0.998135
12430,23,0.998147
12440,25,0.998161
12450,22,0.998172
12460,36,0.998191
12470,23,0.998203
12480,24,0.998216
12490,25,0.998229
12500,29,0.998244
12510,24,0.998257
12520,22,0.998268
12530,40,0.998290
12540,24,0.998302
12550,19,0.998312
12560,18,0.998322
12570,31,0.998338
12580,28,0.998353
12590,26,0.998366
12600,19,0.998376
12610,20,0.998387
12620,23,0.998399
12630,21,0.998410
12640,14,0.998417
12650,20,0.998428
12660,21,0.998439
12670,13,0.998446
12680,22,0.998457
12690,13,0.998464
12700,17,0.998473
12710,18,0.998483
12720,20,0.998493
12730,18,0.998503
12740,17,0.998512
12750,18,0.998521
12760,19,0.998531
12770,13,0.998538
12780,15,0.998546
12790,17,0.998555
12800,13,0.998562
12810,20,0.998572
12820,19,0.998582
12830,18,0.998592
12840,19,0.998602
12850,15,0.998610
12860,16,0.998618
12870,13,0.998625
12880,14,0.998632
12890,16,0.998641
12900,13,0.998647
12910,13,0.998654
12920,9,0.998659
12930,14,0.998666
12940,15,0.998674
12950,13,0.998681
12960,9,0.998686
12970,13,0.998693
12980,9,0.998697
12990,16,0.998706
13000,10,0.998711
13010,20,0.998722
13020,10,0.998727
13030,16,0.998735
13040,10,0.998741
13050,10,0.998746
13060,12,0.998752
13070,13,0.998759
13080,6,0.998762
13090,10,0.998767
13100,12,0.998774
13110,5,0.998776
13120,7,0.998780
13130,14,0.998787
13140,18,0.998797
13150,8,0.998801
13160,11,0.998807
13170,9,0.998812
13180,10,0.998817
13190,9,0.998822
13200,10,0.998827
13210,10,0.998832
13220,6,0.998835
13230,13,0.998842
13240,6,0.998845
13250,16,0.998854
13260,3,0.998855
13270,12,0.998862
13280,12,0.998868
13290,8,0.998872
13300,11,0.998878
13310,12,0.998884
13320,9,0.998889
13330,12,0.998895
13340,13,0.998902
13350,14,0.998910
13360,6,0.998913
13370,7,0.998916
13380,9,0.998921
13390,12,0.998927
13400,5,0.998930
13410,13,0.998937
13420,10,0.998942
13430,11,0.998948
13440,9,0.998953
13450,9,0.998957
13460,6,0.998961
13470,5,0.998963
13480,11,0.998969
13490,16,0.998977
13500,11,0.998983
13510,8,0.998987
13520,15,0.998995
13530,8,0.999000
13540,7,0.999003
13550,12,0.999010
13560,10,0.999015
13570,6,0.999018
13580,11,0.999024
13590,3,0.999025
13600,9,0.999030
13610,5,0.999033
13620,11,0.999038
13630,7,0.999042
13640,4,0.999044
13650,9,0.999049
13660,10,0.999054
13670,8,0.999058
13680,11,0.999064
13690,5,0.999067
13700,9,0.999072
13710,6,0.999075
13720,7,0.999078
13730,11,0.999084
13740,6,0.999087
13750,13,0.999094
13760,6,0.999097
13770,11,0.999103
13780,8,0.999107
13790,10,0.999113
13800,7,0.999116
13810,11,0.999122
13820,12,0.999128
13830,8,0.999133
13840,7,0.999136
13850,2,0.999137
13860,17,0.999146
13870,11,0.999152
13880,14,0.999160
13890,5,0.999162
13900,9,0.999167
13910,16,0.999175
13920,8,0.999180
13930,16,0.999188
13940,10,0.999193
13950,10,0.999198
13960,12,0.999205
13970,8,0.999209
13980,9,0.999214
13990,11,0.999220
14000,8,0.999224
14010,10,0.999229
14020,10,0.999234
14030,12,0.999241
14040,9,0.999245
14050,10,0.999251
14060,8,0.999255
14070,14,0.999262
14080,8,0.999266
14090,6,0.999269
14100,9,0.999274
14110,9,0.999279
14120,9,0.999284
14130,14,0.999291
14140,9,0.999296
14150,14,0.999303
14160,5,0.999306
14170,9,0.999311
14180,7,0.999314
14190,9,0.999319
14200,15,0.999327
14210,16,0.999335
14220,9,0.999340
14230,5,0.999343
14240,6,0.999346
14250,2,0.999347
14260,9,0.999352
14270,11,0.999357
14280,11,0.999363
14290,6,0.999366
14300,13,0.999373
14310,6,0.999376
14320,13,0.999383
14330,13,0.999390
14340,5,0.999393
14350,7,0.999396
14360,14,0.999404
14370,9,0.999408
14380,13,0.999415
14390,10,0.999421
14400,14,0.999428
14410,12,0.999434
14420,7,0.999438
14430,4,0.999440
14440,10,0.999445
14450,12,0.999452
14460,13,0.999458
14470,11,0.999464
14480,10,0.999470
14490,9,0.999474
14500,8,0.999478
14510,9,0.999483
14520,6,0.999486
14530,5,0.999489
14540,12,0.999495
14550,2,0.999496
14560,8,0.999501
14570,11,0.999506
14580,6,0.999510
14590,12,0.999516
14600,7,0.999520
14610,11,0.999525
14620,12,0.999532
14630,14,0.999539
14640,4,0.999541
14650,6,0.999544
14660,7,0.999548
14670,12,0.999554
14680,12,0.999561
14690,10,0.999566
14700,9,0.999571
14710,10,0.999576
14720,10,0.999581
14730,7,0.999585
14740,8,0.999589
14750,7,0.999593
14760,8,0.999597
14770,10,0.999602
14780,12,0.999608
14790,6,0.999612
14800,13,0.999618
14810,8,0.999623
14820,10,0.999628
14830,11,0.999634
14840,9,0.999638
14850,5,0.999641
14860,9,0.999646
14870,8,0.999650
14880,10,0.999655
14890,8,0.999659
14900,9,0.999664
14910,8,0.999668
14920,13,0.999675
14930,12,0.999682
14940,6,0.999685
14950,11,0.999691
14960,10,0.999696
14970,11,0.999702
14980,2,0.999703
14990,6,0.999706
15000,6,0.999709
15010,10,0.999714
15020,4,0.999716
15030,6,0.999720
15040,8,0.999724
15050,12,0.999730
15060,11,0.999736
15070,9,0.999741
15080,5,0.999743
15090,8,0.999747
15100,5,0.999750
15110,13,0.999757
15120,7,0.999761
15130,4,0.999763
15140,9,0.999767
15150,9,0.999772
15160,11,0.999778
15170,7,0.999782
15180,3,0.999783
15190,12,0.999789
15200,4,0.999792
15210,7,0.999795
15220,11,0.999801
15230,8,0.999805
15240,7,0.999809
15250,9,0.999814
15260,8,0.999818
15280,8,0.999822
15290,4,0.999824
15300,2,0.999825
15310,6,0.999828
15320,6,0.999832
15330,8,0.999836
15340,7,0.999839
15350,1,0.999840
15360,9,0.999845
15370,5,0.999847
15380,4,0.999849
15390,8,0.999854
15400,3,0.999855
15410,7,0.999859
15420,6,0.999862
15430,5,0.999865
15440,6,0.999868
15450,6,0.999871
15460,8,0.999875
15470,6,0.999878
15480,2,0.999879
15490,5,0.999882
15500,7,0.999886
15510,4,0.999888
15520,3,0.999889
15530,8,0.999894
15540,10,0.999899
15550,4,0.999901
15570,2,0.999902
15580,4,0.999904
15590,4,0.999906
15600,6,0.999909
15610,2,0.999911
15620,4,0.999913
15630,6,0.999916
15640,5,0.999918
15650,3,0.999920
15660,6,0.999923
15670,3,0.999925
15680,3,0.999926
15690,5,0.999929
15700,1,0.999929
15710,4,0.999932
15720,3,0.999933
15730,3,0.999935
15740,1,0.999935
15750,3,0.999937
15770,6,0.999940
15790,4,0.999942
15800,2,0.999943
15810,3,0.999945
15820,4,0.999947
15830,1,0.999947
15840,1,0.999948
15850,2,0.999949
15860,2,0.999950
15870,3,0.999952
15880,3,0.999953
15890,4,0.999955
15900,2,0.999956
15920,2,0.999957
15940,2,0.999958
15950,1,0.999959
15960,3,0.999961
15970,1,0.999961
15980,2,0.999962
15990,4,0.999964
16000,1,0.999965
16010,1,0.999965
16020,1,0.999966
16030,2,0.999967
16050,1,0.999967
16070,2,0.999968
16140,1,0.999969
16160,1,0.999969
16170,1,0.999970
16180,1,0.999971
16190,2,0.999972
16200,1,0.999972
16210,1,0.999973
16220,1,0.999973
16230,2,0.999974
16250,1,0.999975
16260,1,0.999975
16270,1,0.999976
16320,2,0.999977
16340,1,0.999977
16380,1,0.999978
16390,1,0.999978
16420,1,0.999979
16460,1,0.999979
16510,3,0.999981
16530,1,0.999982
16590,2,0.999983
16600,1,0.999983
16660,1,0.999984
16730,1,0.999984
16800,2,0.999985
17580,1,0.999986
35530,1,0.999986
35950,1,0.999987
36410,1,0.999987
36560,1,0.999988
36850,1,0.999988
38040,1,0.999989
38860,1,0.999989
38910,1,0.999990
39660,1,0.999991
40100,1,0.999991
40610,1,0.999992
42010,1,0.999992
43140,1,0.999993
44540,1,0.999993
44570,1,0.999994
45200,1,0.999994
45490,1,0.999995
47190,1,0.999995
47460,1,0.999996
53040,1,0.999996
54020,1,0.999997
54250,1,0.999997
58170,1,0.999998
60090,1,0.999998
60760,1,0.999999
67160,1,0.999999
74290,1,1.000000
