#latency,cnt,cdf
70,1,0.000000
80,2,0.000000
100,1,0.000000
110,3,0.000001
120,4,0.000001
130,2,0.000001
140,2,0.000002
150,4,0.000002
160,3,0.000002
170,3,0.000003
180,2,0.000003
190,6,0.000003
200,2,0.000004
210,3,0.000004
220,1,0.000004
230,3,0.000004
240,1,0.000005
250,3,0.000005
260,2,0.000005
270,2,0.000005
280,3,0.000006
290,4,0.000006
300,1,0.000006
310,1,0.000006
320,2,0.000006
330,1,0.000007
350,2,0.000007
360,2,0.000007
370,1,0.000007
380,2,0.000007
440,2,0.000007
460,1,0.000008
470,1,0.000008
490,1,0.000008
540,2,0.000008
550,1,0.000008
590,4,0.000009
600,1,0.000009
620,1,0.000009
640,3,0.000009
650,2,0.000009
660,1,0.000009
670,1,0.000009
680,2,0.000010
690,2,0.000010
700,1,0.000010
710,4,0.000010
720,3,0.000011
730,4,0.000011
740,4,0.000012
750,3,0.000012
760,3,0.000012
770,3,0.000013
790,3,0.000013
800,1,0.000013
810,1,0.000013
830,2,0.000013
840,1,0.000013
850,1,0.000013
860,1,0.000014
870,4,0.000014
890,2,0.000014
930,2,0.000014
940,2,0.000015
960,1,0.000015
970,1,0.000015
980,3,0.000015
1000,1,0.000015
1010,1,0.000015
1020,3,0.000016
1030,1,0.000016
1040,2,0.000016
1050,4,0.000016
1060,1,0.000017
1070,1,0.000017
1090,1,0.000017
1100,2,0.000017
1110,3,0.000017
1120,2,0.000017
1130,1,0.000018
1210,2,0.000018
1270,1,0.000018
1280,1,0.000018
1310,1,0.000018
1320,1,0.000018
1350,1,0.000018
1360,2,0.000019
1370,2,0.000019
1380,1,0.000019
1440,1,0.000019
1450,3,0.000019
1490,2,0.000019
1500,2,0.000020
1520,1,0.000020
1530,1,0.000020
1540,2,0.000020
1560,4,0.000021
1570,5,0.000021
1580,1,0.000021
1600,1,0.000021
1610,3,0.000022
1620,1,0.000022
1630,3,0.000022
1650,1,0.000022
1680,3,0.000022
1690,2,0.000023
1700,3,0.000023
1710,2,0.000023
1730,4,0.000024
1740,4,0.000024
1750,2,0.000024
1760,2,0.000024
1770,4,0.000025
1780,3,0.000025
1790,5,0.000026
1800,2,0.000026
1810,1,0.000026
1820,5,0.000027
1830,1,0.000027
1840,10,0.000028
1850,3,0.000028
1860,5,0.000029
1870,4,0.000029
1880,7,0.000030
1890,7,0.000030
1900,6,0.000031
1910,9,0.000032
1920,5,0.000033
1930,6,0.000033
1940,7,0.000034
1950,4,0.000034
1960,10,0.000035
1970,9,0.000036
1980,5,0.000037
1990,10,0.000038
2000,5,0.000038
2010,6,0.000039
2020,7,0.000040
2030,21,0.000042
2040,12,0.000043
2050,8,0.000044
2060,9,0.000045
2070,16,0.000047
2080,16,0.000048
2090,8,0.000049
2100,16,0.000051
2110,13,0.000052
2120,7,0.000053
2130,12,0.000054
2140,18,0.000056
2150,22,0.000059
2160,26,0.000061
2170,21,0.000063
2180,25,0.000066
2190,32,0.000069
2200,20,0.000072
2210,36,0.000075
2220,29,0.000078
2230,32,0.000082
2240,43,0.000086
2250,32,0.000090
2260,34,0.000093
2270,24,0.000096
2280,31,0.000099
2290,40,0.000103
2300,36,0.000107
2310,32,0.000110
2320,55,0.000116
2330,42,0.000121
2340,45,0.000125
2350,45,0.000130
2360,46,0.000135
2370,56,0.000141
2380,47,0.000146
2390,49,0.000151
2400,43,0.000155
2410,50,0.000161
2420,51,0.000166
2430,36,0.000170
2440,55,0.000176
2450,54,0.000181
2460,63,0.000188
2470,65,0.000195
2480,60,0.000201
2490,57,0.000207
2500,55,0.000213
2510,88,0.000222
2520,84,0.000231
2530,75,0.000239
2540,80,0.000247
2550,104,0.000258
2560,101,0.000269
2570,97,0.000279
2580,104,0.000290
2590,102,0.000301
2600,97,0.000311
2610,108,0.000322
2620,108,0.000334
2630,108,0.000345
2640,138,0.000360
2650,102,0.000370
2660,150,0.000386
2670,116,0.000398
2680,139,0.000413
2690,166,0.000431
2700,148,0.000446
2710,153,0.000462
2720,148,0.000478
2730,143,0.000493
2740,163,0.000510
2750,161,0.000527
2760,170,0.000545
2770,159,0.000562
2780,135,0.000576
2790,164,0.000593
2800,180,0.000612
2810,195,0.000632
2820,199,0.000653
2830,173,0.000672
2840,196,0.000692
2850,190,0.000712
2860,181,0.000731
2870,194,0.000752
2880,191,0.000772
2890,195,0.000792
2900,220,0.000816
2910,198,0.000836
2920,209,0.000858
2930,233,0.000883
2940,243,0.000908
2950,246,0.000934
2960,218,0.000957
2970,248,0.000983
2980,229,0.001008
2990,221,0.001031
3000,234,0.001055
3010,231,0.001080
3020,236,0.001105
3030,235,0.001129
3040,268,0.001158
3050,265,0.001185
3060,256,0.001212
3070,268,0.001241
3080,294,0.001272
3090,333,0.001307
3100,314,0.001340
3110,322,0.001374
3120,308,0.001406
3130,347,0.001442
3140,329,0.001477
3150,323,0.001511
3160,397,0.001553
3170,369,0.001592
3180,373,0.001631
3190,405,0.001674
3200,442,0.001720
3210,416,0.001764
3220,394,0.001805
3230,407,0.001848
3240,394,0.001890
3250,402,0.001932
3260,460,0.001980
3270,483,0.002031
3280,449,0.002079
3290,446,0.002125
3300,479,0.002176
3310,482,0.002227
3320,478,0.002277
3330,445,0.002324
3340,464,0.002373
3350,496,0.002425
3360,533,0.002481
3370,501,0.002534
3380,484,0.002585
3390,489,0.002636
3400,531,0.002692
3410,512,0.002746
3420,512,0.002800
3430,535,0.002856
3440,522,0.002911
3450,516,0.002965
3460,583,0.003027
3470,549,0.003084
3480,600,0.003148
3490,563,0.003207
3500,625,0.003273
3510,572,0.003333
3520,577,0.003394
3530,617,0.003459
3540,613,0.003523
3550,691,0.003596
3560,610,0.003660
3570,664,0.003730
3580,656,0.003799
3590,657,0.003868
3600,727,0.003945
3610,722,0.004021
3620,689,0.004093
3630,685,0.004165
3640,747,0.004244
3650,730,0.004321
3660,722,0.004397
3670,709,0.004471
3680,721,0.004547
3690,766,0.004628
3700,788,0.004711
3710,805,0.004796
3720,767,0.004876
3730,790,0.004959
3740,746,0.005038
3750,816,0.005124
3760,879,0.005216
3770,853,0.005306
3780,833,0.005394
3790,855,0.005484
3800,881,0.005577
3810,907,0.005672
3820,819,0.005758
3830,873,0.005850
3840,887,0.005943
3850,858,0.006034
3860,920,0.006131
3870,887,0.006224
3880,919,0.006321
3890,898,0.006415
3900,990,0.006519
3910,1026,0.006627
3920,1001,0.006733
3930,988,0.006837
3940,1028,0.006945
3950,997,0.007050
3960,1050,0.007160
3970,1008,0.007267
3980,1029,0.007375
3990,1015,0.007482
4000,1090,0.007596
4010,1044,0.007706
4020,1073,0.007819
4030,1080,0.007933
4040,1069,0.008045
4050,1086,0.008160
4060,1060,0.008271
4070,1094,0.008387
4080,1088,0.008501
4090,1083,0.008615
4100,1161,0.008737
4110,1069,0.008850
4120,1125,0.008968
4130,1135,0.009088
4140,1094,0.009203
4150,1113,0.009320
4160,1103,0.009436
4170,1149,0.009557
4180,1078,0.009670
4190,1174,0.009794
4200,1125,0.009912
4210,1168,0.010035
4220,1162,0.010158
4230,1200,0.010284
4240,1194,0.010410
4250,1126,0.010528
4260,1165,0.010651
4270,1159,0.010773
4280,1219,0.010901
4290,1261,0.011034
4300,1186,0.011159
4310,1237,0.011289
4320,1318,0.011428
4330,1280,0.011562
4340,1213,0.011690
4350,1205,0.011817
4360,1291,0.011953
4370,1300,0.012090
4380,1268,0.012223
4390,1309,0.012361
4400,1287,0.012496
4410,1251,0.012628
4420,1333,0.012768
4430,1266,0.012902
4440,1226,0.013031
4450,1287,0.013166
4460,1259,0.013299
4470,1292,0.013435
4480,1305,0.013572
4490,1328,0.013712
4500,1284,0.013847
4510,1277,0.013981
4520,1338,0.014122
4530,1346,0.014264
4540,1319,0.014403
4550,1342,0.014544
4560,1317,0.014682
4570,1337,0.014823
4580,1324,0.014963
4590,1395,0.015109
4600,1383,0.015255
4610,1360,0.015398
4620,1428,0.015548
4630,1455,0.015702
4640,1483,0.015858
4650,1425,0.016008
4660,1489,0.016164
4670,1407,0.016313
4680,1448,0.016465
4690,1500,0.016623
4700,1425,0.016773
4710,1493,0.016930
4720,1435,0.017081
4730,1492,0.017238
4740,1483,0.017394
4750,1465,0.017548
4760,1500,0.017706
4770,1528,0.017867
4780,1535,0.018029
4790,1461,0.018182
4800,1481,0.018338
4810,1500,0.018496
4820,1575,0.018662
4830,1598,0.018830
4840,1504,0.018988
4850,1561,0.019153
4860,1569,0.019318
4870,1603,0.019487
4880,1520,0.019647
4890,1617,0.019817
4900,1613,0.019987
4910,1558,0.020151
4920,1675,0.020327
4930,1620,0.020497
4940,1631,0.020669
4950,1610,0.020839
4960,1541,0.021001
4970,1619,0.021171
4980,1650,0.021345
4990,1645,0.021518
5000,1702,0.021697
5010,1676,0.021874
5020,1691,0.022052
5030,1642,0.022224
5040,1689,0.022402
5050,1733,0.022585
5060,1773,0.022771
5070,1815,0.022962
5080,1692,0.023140
5090,1887,0.023339
5100,1858,0.023535
5110,1864,0.023731
5120,1934,0.023934
5130,1883,0.024133
5140,1924,0.024335
5150,1944,0.024540
5160,1921,0.024742
5170,2015,0.024954
5180,1941,0.025158
5190,1938,0.025362
5200,1935,0.025566
5210,2047,0.025781
5220,2059,0.025998
5230,2105,0.026220
5240,2095,0.026440
5250,2133,0.026665
5260,2136,0.026890
5270,2182,0.027119
5280,2164,0.027347
5290,2134,0.027572
5300,2238,0.027807
5310,2147,0.028033
5320,2222,0.028267
5330,2239,0.028503
5340,2323,0.028747
5350,2259,0.028985
5360,2303,0.029227
5370,2321,0.029472
5380,2408,0.029725
5390,2411,0.029979
5400,2426,0.030234
5410,2522,0.030500
5420,2384,0.030751
5430,2521,0.031016
5440,2620,0.031292
5450,2596,0.031565
5460,2601,0.031839
5470,2634,0.032116
5480,2554,0.032385
5490,2751,0.032674
5500,2841,0.032974
5510,2911,0.033280
5520,2915,0.033587
5530,3067,0.033910
5540,2965,0.034222
5550,3104,0.034548
5560,3033,0.034868
5570,3024,0.035186
5580,3146,0.035517
5590,3297,0.035864
5600,3399,0.036222
5610,3286,0.036568
5620,3500,0.036936
5630,3605,0.037316
5640,3508,0.037685
5650,3697,0.038074
5660,3657,0.038459
5670,3760,0.038855
5680,3751,0.039250
5690,3897,0.039660
5700,3865,0.040067
5710,3982,0.040486
5720,4115,0.040919
5730,4111,0.041352
5740,4190,0.041793
5750,4414,0.042257
5760,4410,0.042721
5770,4514,0.043196
5780,4555,0.043676
5790,4745,0.044175
5800,4758,0.044676
5810,5026,0.045205
5820,5105,0.045743
5830,5057,0.046275
5840,5243,0.046827
5850,5233,0.047378
5860,5318,0.047937
5870,5511,0.048517
5880,5550,0.049102
5890,5723,0.049704
5900,5772,0.050311
5910,5804,0.050922
5920,6227,0.051578
5930,6054,0.052215
5940,6266,0.052875
5950,6516,0.053560
5960,6414,0.054236
5970,6639,0.054934
5980,6736,0.055643
5990,6957,0.056376
6000,7187,0.057132
6010,7164,0.057886
6020,7300,0.058655
6030,7550,0.059449
6040,7665,0.060256
6050,7758,0.061073
6060,7909,0.061905
6070,8106,0.062758
6080,8237,0.063625
6090,8429,0.064513
6100,8669,0.065425
6110,8787,0.066350
6120,8959,0.067293
6130,8961,0.068236
6140,9144,0.069199
6150,9379,0.070186
6160,9538,0.071190
6170,9628,0.072203
6180,10030,0.073259
6190,10156,0.074328
6200,10332,0.075416
6210,10383,0.076508
6220,10697,0.077634
6230,10911,0.078783
6240,11026,0.079943
6250,11446,0.081148
6260,11443,0.082353
6270,11634,0.083577
6280,11666,0.084805
6290,12211,0.086090
6300,12133,0.087368
6310,12398,0.088672
6320,12759,0.090015
6330,12723,0.091355
6340,13148,0.092739
6350,13289,0.094137
6360,13546,0.095563
6370,13867,0.097023
6380,14047,0.098501
6390,13800,0.099954
6400,14401,0.101470
6410,14698,0.103017
6420,14952,0.104591
6430,14774,0.106146
6440,15111,0.107736
6450,15402,0.109357
6460,15757,0.111016
6470,15787,0.112678
6480,16212,0.114384
6490,16269,0.116097
6500,16299,0.117812
6510,16786,0.119579
6520,17073,0.121376
6530,17266,0.123193
6540,17484,0.125034
6550,17702,0.126897
6560,17849,0.128776
6570,18249,0.130697
6580,18595,0.132654
6590,18638,0.134616
6600,19162,0.136633
6610,19144,0.138648
6620,19149,0.140663
6630,19524,0.142718
6640,19880,0.144811
6650,19692,0.146884
6660,20238,0.149014
6670,20540,0.151176
6680,20743,0.153359
6690,20966,0.155566
6700,21071,0.157784
6710,21533,0.160050
6720,21709,0.162335
6730,21727,0.164622
6740,22163,0.166955
6750,22549,0.169329
6760,22449,0.171691
6770,22661,0.174077
6780,23215,0.176520
6790,23211,0.178963
6800,23653,0.181453
6810,23686,0.183946
6820,23832,0.186455
6830,24180,0.189000
6840,24352,0.191563
6850,24707,0.194164
6860,25054,0.196801
6870,24920,0.199424
6880,25317,0.202089
6890,25283,0.204750
6900,25717,0.207457
6910,26126,0.210207
6920,26721,0.213019
6930,26437,0.215802
6940,26793,0.218622
6950,26717,0.221434
6960,27024,0.224279
6970,27395,0.227162
6980,27297,0.230036
6990,27457,0.232926
7000,27667,0.235838
7010,28147,0.238800
7020,28416,0.241791
7030,28517,0.244793
7040,28137,0.247755
7050,28819,0.250788
7060,29029,0.253844
7070,29107,0.256907
7080,29219,0.259983
7090,29813,0.263121
7100,29961,0.266275
7110,30061,0.269439
7120,30100,0.272607
7130,30293,0.275796
7140,30649,0.279022
7150,30789,0.282262
7160,30784,0.285503
7170,30769,0.288741
7180,31179,0.292023
7190,31433,0.295332
7200,31625,0.298660
7210,31965,0.302025
7220,31780,0.305370
7230,32022,0.308741
7240,31968,0.312106
7250,32297,0.315505
7260,32349,0.318910
7270,32650,0.322347
7280,32801,0.325799
7290,33025,0.329275
7300,32830,0.332731
7310,33175,0.336223
7320,33306,0.339729
7330,33766,0.343283
7340,33413,0.346800
7350,34015,0.350380
7360,34013,0.353960
7370,33917,0.357530
7380,34222,0.361132
7390,34549,0.364769
7400,34107,0.368359
7410,33933,0.371931
7420,34766,0.375590
7430,35067,0.379281
7440,34621,0.382925
7450,34960,0.386605
7460,34738,0.390261
7470,35219,0.393969
7480,35309,0.397685
7490,35363,0.401407
7500,35221,0.405115
7510,35665,0.408869
7520,35282,0.412582
7530,35691,0.416339
7540,35002,0.420023
7550,35694,0.423780
7560,36036,0.427573
7570,35554,0.431316
7580,35943,0.435099
7590,35490,0.438835
7600,36146,0.442639
7610,36382,0.446469
7620,35724,0.450229
7630,35882,0.454006
7640,36370,0.457834
7650,36126,0.461637
7660,36068,0.465433
7670,35966,0.469219
7680,35924,0.473000
7690,35383,0.476724
7700,36263,0.480541
7710,36156,0.484347
7720,36320,0.488170
7730,36317,0.491993
7740,36243,0.495807
7750,36273,0.499625
7760,36447,0.503462
7770,36118,0.507263
7780,36042,0.511057
7790,35881,0.514834
7800,36167,0.518641
7810,36049,0.522435
7820,35932,0.526217
7830,35913,0.529997
7840,36190,0.533807
7850,36478,0.537646
7860,35729,0.541407
7870,36075,0.545204
7880,36077,0.549002
7890,35945,0.552785
7900,35805,0.556554
7910,35610,0.560302
7920,35463,0.564035
7930,35687,0.567791
7940,35341,0.571511
7950,35503,0.575248
7960,35625,0.578998
7970,35114,0.582694
7980,35233,0.586402
7990,34737,0.590059
8000,35199,0.593764
8010,35253,0.597474
8020,34613,0.601117
8030,34473,0.604746
8040,34654,0.608394
8050,34729,0.612049
8060,34247,0.615654
8070,34531,0.619289
8080,34449,0.622915
8090,34173,0.626512
8100,34074,0.630098
8110,34211,0.633699
8120,33856,0.637263
8130,33553,0.640794
8140,33729,0.644345
8150,33566,0.647878
8160,32899,0.651341
8170,32820,0.654795
8180,32691,0.658236
8190,33141,0.661724
8200,32666,0.665163
8210,32417,0.668575
8220,32397,0.671985
8230,32061,0.675360
8240,31603,0.678686
8250,31618,0.682014
8260,31652,0.685346
8270,31678,0.688680
8280,31136,0.691957
8290,31024,0.695223
8300,30925,0.698478
8310,30813,0.701721
8320,30547,0.704937
8330,30352,0.708131
8340,30118,0.711302
8350,30126,0.714472
8360,29563,0.717584
8370,29334,0.720672
8380,29014,0.723726
8390,29044,0.726783
8400,28673,0.729801
8410,28476,0.732798
8420,28160,0.735762
8430,28236,0.738734
8440,27614,0.741641
8450,27643,0.744551
8460,27197,0.747413
8470,27134,0.750269
8480,27031,0.753115
8490,26780,0.755933
8500,26017,0.758672
8510,25970,0.761405
8520,25979,0.764140
8530,25428,0.766816
8540,25461,0.769496
8550,25578,0.772189
8560,24915,0.774811
8570,25117,0.777455
8580,24766,0.780062
8590,24593,0.782650
8600,24171,0.785194
8610,23635,0.787682
8620,23755,0.790183
8630,23566,0.792663
8640,23099,0.795094
8650,23142,0.797530
8660,22676,0.799917
8670,22671,0.802303
8680,22300,0.804651
8690,22293,0.806997
8700,21585,0.809269
8710,21715,0.811555
8720,21436,0.813811
8730,20998,0.816021
8740,20789,0.818210
8750,20616,0.820380
8760,20389,0.822526
8770,20088,0.824640
8780,19888,0.826733
8790,19578,0.828794
8800,19643,0.830862
8810,19484,0.832913
8820,18901,0.834902
8830,18634,0.836863
8840,18750,0.838837
8850,18306,0.840764
8860,18199,0.842679
8870,18015,0.844576
8880,17891,0.846459
8890,17395,0.848290
8900,17016,0.850081
8910,17095,0.851880
8920,16658,0.853634
8930,16237,0.855343
8940,16152,0.857043
8950,15941,0.858721
8960,15766,0.860380
8970,15579,0.862020
8980,15146,0.863614
8990,15206,0.865215
9000,14829,0.866776
9010,14583,0.868311
9020,14652,0.869853
9030,14234,0.871351
9040,14139,0.872839
9050,13898,0.874302
9060,13708,0.875745
9070,13387,0.877154
9080,13076,0.878531
9090,13166,0.879916
9100,12931,0.881277
9110,12689,0.882613
9120,12420,0.883920
9130,12277,0.885213
9140,12070,0.886483
9150,12068,0.887753
9160,11775,0.888993
9170,11607,0.890214
9180,11551,0.891430
9190,11185,0.892608
9200,11058,0.893771
9210,11086,0.894938
9220,10741,0.896069
9230,10544,0.897179
9240,10357,0.898269
9250,10259,0.899349
9260,10017,0.900403
9270,9874,0.901442
9280,9871,0.902481
9290,9451,0.903476
9300,9611,0.904488
9310,9603,0.905499
9320,9252,0.906473
9330,9171,0.907438
9340,8976,0.908383
9350,8912,0.909321
9360,8742,0.910241
9370,8433,0.911128
9380,8315,0.912004
9390,8355,0.912883
9400,8164,0.913742
9410,8026,0.914587
9420,7909,0.915420
9430,7883,0.916249
9440,7592,0.917049
9450,7780,0.917867
9460,7565,0.918664
9470,7341,0.919436
9480,7366,0.920212
9490,7120,0.920961
9500,7051,0.921703
9510,6927,0.922432
9520,6775,0.923146
9530,6680,0.923849
9540,6607,0.924544
9550,6496,0.925228
9560,6397,0.925901
9570,6159,0.926550
9580,6195,0.927202
9590,6251,0.927860
9600,6024,0.928494
9610,6037,0.929129
9620,6087,0.929770
9630,5725,0.930372
9640,5747,0.930977
9650,5700,0.931577
9660,5439,0.932150
9670,5615,0.932741
9680,5406,0.933310
9690,5371,0.933875
9700,5269,0.934430
9710,5220,0.934979
9720,5082,0.935514
9730,4966,0.936037
9740,5053,0.936569
9750,4886,0.937083
9760,4818,0.937590
9770,4825,0.938098
9780,4643,0.938587
9790,4608,0.939072
9800,4631,0.939559
9810,4453,0.940028
9820,4398,0.940491
9830,4375,0.940951
9840,4267,0.941400
9850,4302,0.941853
9860,4226,0.942298
9870,4188,0.942739
9880,4098,0.943170
9890,4090,0.943601
9900,4008,0.944023
9910,3848,0.944428
9920,3874,0.944835
9930,3984,0.945255
9940,3880,0.945663
9950,3800,0.946063
9960,3791,0.946462
9970,3740,0.946856
9980,3665,0.947242
9990,3553,0.947616
10000,3595,0.947994
10010,3594,0.948372
10020,3521,0.948743
10030,3542,0.949116
10040,3548,0.949489
10050,3529,0.949861
10060,3527,0.950232
10070,3416,0.950591
10080,3337,0.950943
10090,3338,0.951294
10100,3286,0.951640
10110,3350,0.951993
10120,3342,0.952344
10130,3158,0.952677
10140,3235,0.953017
10150,3228,0.953357
10160,3089,0.953682
10170,3100,0.954008
10180,3150,0.954340
10190,3066,0.954663
10200,3134,0.954993
10210,3097,0.955319
10220,3066,0.955641
10230,3033,0.955961
10240,2982,0.956274
10250,3021,0.956592
10260,3059,0.956914
10270,2917,0.957221
10280,2950,0.957532
10290,2997,0.957847
10300,2939,0.958157
10310,2909,0.958463
10320,2802,0.958758
10330,2895,0.959063
10340,2841,0.959362
10350,2756,0.959652
10360,2777,0.959944
10370,2811,0.960240
10380,2703,0.960524
10390,2647,0.960803
10400,2678,0.961085
10410,2788,0.961378
10420,2635,0.961656
10430,2700,0.961940
10440,2695,0.962224
10450,2726,0.962511
10460,2567,0.962781
10470,2672,0.963062
10480,2631,0.963339
10490,2570,0.963609
10500,2554,0.963878
10510,2578,0.964150
10520,2606,0.964424
10530,2621,0.964700
10540,2461,0.964959
10550,2567,0.965229
10560,2551,0.965497
10570,2466,0.965757
10580,2622,0.966033
10590,2594,0.966306
10600,2495,0.966569
10610,2469,0.966829
10620,2531,0.967095
10630,2443,0.967352
10640,2566,0.967622
10650,2534,0.967889
10660,2417,0.968143
10670,2316,0.968387
10680,2419,0.968642
10690,2513,0.968906
10700,2489,0.969168
10710,2438,0.969425
10720,2313,0.969668
10730,2414,0.969922
10740,2382,0.970173
10750,2403,0.970426
10760,2301,0.970668
10770,2359,0.970917
10780,2258,0.971154
10790,2317,0.971398
10800,2229,0.971633
10810,2202,0.971865
10820,2250,0.972101
10830,2254,0.972339
10840,2245,0.972575
10850,2272,0.972814
10860,2305,0.973057
10870,2143,0.973282
10880,2167,0.973510
10890,2189,0.973741
10900,2082,0.973960
10910,2130,0.974184
10920,2225,0.974418
10930,2115,0.974641
10940,2192,0.974872
10950,2155,0.975098
10960,2085,0.975318
10970,2045,0.975533
10980,2160,0.975761
10990,2062,0.975978
11000,2090,0.976198
11010,2046,0.976413
11020,2030,0.976627
11030,1991,0.976836
11040,2026,0.977049
11050,2090,0.977269
11060,2047,0.977485
11070,1984,0.977694
11080,2026,0.977907
11090,2062,0.978124
11100,1964,0.978331
11110,2067,0.978548
11120,2030,0.978762
11130,1953,0.978968
11140,1952,0.979173
11150,1951,0.979378
11160,1972,0.979586
11170,1914,0.979787
11180,1830,0.979980
11190,1952,0.980185
11200,1899,0.980385
11210,1849,0.980580
11220,1855,0.980775
11230,1840,0.980969
11240,1901,0.981169
11250,1835,0.981362
11260,1838,0.981556
11270,1782,0.981743
11280,1787,0.981931
11290,1746,0.982115
11300,1771,0.982301
11310,1727,0.982483
11320,1667,0.982659
11330,1862,0.982855
11340,1669,0.983030
11350,1745,0.983214
11360,1661,0.983389
11370,1722,0.983570
11380,1613,0.983740
11390,1611,0.983909
11400,1667,0.984085
11410,1655,0.984259
11420,1579,0.984425
11430,1657,0.984600
11440,1546,0.984762
11450,1562,0.984927
11460,1605,0.985096
11470,1538,0.985258
11480,1542,0.985420
11490,1522,0.985580
11500,1533,0.985742
11510,1510,0.985901
11520,1499,0.986058
11530,1486,0.986215
11540,1559,0.986379
11550,1485,0.986535
11560,1487,0.986692
11570,1505,0.986850
11580,1467,0.987004
11590,1412,0.987153
11600,1440,0.987305
11610,1435,0.987456
11620,1441,0.987607
11630,1443,0.987759
11640,1442,0.987911
11650,1402,0.988059
11660,1417,0.988208
11670,1422,0.988357
11680,1325,0.988497
11690,1397,0.988644
11700,1333,0.988784
11710,1341,0.988925
11720,1341,0.989067
11730,1347,0.989208
11740,1334,0.989349
11750,1300,0.989486
11760,1259,0.989618
11770,1310,0.989756
11780,1273,0.989890
11790,1249,0.990021
11800,1280,0.990156
11810,1243,0.990287
11820,1244,0.990418
11830,1247,0.990549
11840,1188,0.990674
11850,1250,0.990806
11860,1173,0.990929
11870,1120,0.991047
11880,1130,0.991166
11890,1145,0.991287
11900,1121,0.991405
11910,1135,0.991524
11920,1149,0.991645
11930,1081,0.991759
11940,1187,0.991884
11950,1066,0.991996
11960,1051,0.992107
11970,1047,0.992217
11980,1076,0.992330
11990,1054,0.992441
12000,1081,0.992555
12010,987,0.992659
12020,1008,0.992765
12030,998,0.992870
12040,953,0.992970
12050,949,0.993070
12060,991,0.993174
12070,962,0.993276
12080,969,0.993378
12090,953,0.993478
12100,944,0.993577
12110,953,0.993678
12120,944,0.993777
12130,929,0.993875
12140,903,0.993970
12150,872,0.994062
12160,862,0.994152
12170,893,0.994246
12180,859,0.994337
12190,865,0.994428
12200,826,0.994515
12210,819,0.994601
12220,849,0.994690
12230,796,0.994774
12240,832,0.994862
12250,764,0.994942
12260,814,0.995028
12270,811,0.995113
12280,760,0.995193
12290,736,0.995271
12300,702,0.995344
12310,725,0.995421
12320,704,0.995495
12330,661,0.995564
12340,667,0.995635
12350,719,0.995710
12360,658,0.995780
12370,673,0.995850
12380,689,0.995923
12390,648,0.995991
12400,625,0.996057
12410,673,0.996128
12420,598,0.996191
12430,663,0.996261
12440,637,0.996328
12450,594,0.996390
12460,602,0.996453
12470,548,0.996511
12480,547,0.996569
12490,566,0.996628
12500,537,0.996685
12510,573,0.996745
12520,542,0.996802
12530,533,0.996858
12540,506,0.996912
12550,513,0.996966
12560,469,0.997015
12570,507,0.997068
12580,497,0.997121
12590,506,0.997174
12600,491,0.997226
12610,454,0.997273
12620,436,0.997319
12630,478,0.997370
12640,420,0.997414
12650,504,0.997467
12660,431,0.997512
12670,415,0.997556
12680,427,0.997601
12690,407,0.997644
12700,445,0.997690
12710,378,0.997730
12720,395,0.997772
12730,396,0.997813
12740,358,0.997851
12750,354,0.997888
12760,354,0.997926
12770,360,0.997964
12780,341,0.997999
12790,354,0.998037
12800,333,0.998072
12810,341,0.998108
12820,337,0.998143
12830,314,0.998176
12840,317,0.998210
12850,325,0.998244
12860,295,0.998275
12870,289,0.998305
12880,318,0.998339
12890,295,0.998370
12900,286,0.998400
12910,314,0.998433
12920,280,0.998462
12930,242,0.998488
12940,270,0.998516
12950,248,0.998542
12960,250,0.998569
12970,223,0.998592
12980,237,0.998617
12990,254,0.998644
13000,229,0.998668
13010,234,0.998693
13020,234,0.998717
13030,204,0.998739
13040,220,0.998762
13050,211,0.998784
13060,266,0.998812
13070,212,0.998834
13080,203,0.998856
13090,184,0.998875
13100,203,0.998896
13110,167,0.998914
13120,206,0.998936
13130,170,0.998954
13140,186,0.998973
13150,191,0.998993
13160,153,0.999009
13170,171,0.999027
13180,152,0.999043
13190,153,0.999059
13200,160,0.999076
13210,141,0.999091
13220,157,0.999108
13230,170,0.999126
13240,123,0.999139
13250,136,0.999153
13260,164,0.999170
13270,152,0.999186
13280,129,0.999200
13290,141,0.999215
13300,132,0.999228
13310,130,0.999242
13320,120,0.999255
13330,129,0.999268
13340,140,0.999283
13350,137,0.999297
13360,119,0.999310
13370,109,0.999322
13380,137,0.999336
13390,104,0.999347
13400,117,0.999359
13410,117,0.999372
13420,95,0.999381
13430,111,0.999393
13440,100,0.999404
13450,91,0.999413
13460,128,0.999427
13470,107,0.999438
13480,98,0.999448
13490,100,0.999459
13500,87,0.999468
13510,88,0.999477
13520,86,0.999486
13530,78,0.999495
13540,79,0.999503
13550,70,0.999510
13560,80,0.999519
13570,79,0.999527
13580,74,0.999535
13590,71,0.999542
13600,70,0.999550
13610,53,0.999555
13620,91,0.999565
13630,74,0.999573
13640,83,0.999581
13650,65,0.999588
13660,67,0.999595
13670,57,0.999601
13680,66,0.999608
13690,64,0.999615
13700,74,0.999623
13710,56,0.999629
13720,53,0.999634
13730,60,0.999640
13740,45,0.999645
13750,57,0.999651
13760,54,0.999657
13770,57,0.999663
13780,40,0.999667
13790,47,0.999672
13800,50,0.999677
13810,40,0.999681
13820,27,0.999684
13830,44,0.999689
13840,43,0.999694
13850,48,0.999699
13860,36,0.999702
13870,39,0.999706
13880,37,0.999710
13890,42,0.999715
13900,36,0.999719
13910,31,0.999722
13920,37,0.999726
13930,37,0.999730
13940,24,0.999732
13950,29,0.999735
13960,28,0.999738
13970,25,0.999741
13980,36,0.999745
13990,33,0.999748
14000,23,0.999750
14010,25,0.999753
14020,29,0.999756
14030,22,0.999758
14040,26,0.999761
14050,29,0.999764
14060,31,0.999767
14070,25,0.999770
14080,19,0.999772
14090,27,0.999775
14100,27,0.999778
14110,26,0.999781
14120,22,0.999783
14130,22,0.999785
14140,30,0.999788
14150,16,0.999790
14160,16,0.999792
14170,19,0.999794
14180,20,0.999796
14190,26,0.999799
14200,10,0.999800
14210,22,0.999802
14220,16,0.999804
14230,12,0.999805
14240,15,0.999806
14250,23,0.999809
14260,15,0.999810
14270,14,0.999812
14280,10,0.999813
14290,19,0.999815
14300,15,0.999817
14310,15,0.999818
14320,13,0.999819
14330,19,0.999821
14340,9,0.999822
14350,14,0.999824
14360,7,0.999825
14370,8,0.999825
14380,12,0.999827
14390,13,0.999828
14400,9,0.999829
14410,13,0.999830
14420,12,0.999832
14430,5,0.999832
14440,9,0.999833
14450,7,0.999834
14460,10,0.999835
14470,9,0.999836
14480,7,0.999837
14490,20,0.999839
14500,13,0.999840
14510,8,0.999841
14520,7,0.999842
14530,5,0.999842
14540,10,0.999843
14550,9,0.999844
14560,11,0.999845
14570,9,0.999846
14580,10,0.999847
14590,7,0.999848
14600,8,0.999849
14610,4,0.999849
14620,9,0.999850
14630,7,0.999851
14640,9,0.999852
14650,13,0.999853
14660,9,0.999854
14670,7,0.999855
14680,7,0.999856
14690,5,0.999856
14700,12,0.999858
14710,11,0.999859
14720,8,0.999860
14730,11,0.999861
14740,8,0.999862
14750,6,0.999862
14760,11,0.999863
14770,9,0.999864
14780,7,0.999865
14790,15,0.999867
14800,5,0.999867
14810,4,0.999868
14820,8,0.999868
14830,6,0.999869
14840,7,0.999870
14850,4,0.999870
14860,12,0.999871
14870,7,0.999872
14880,6,0.999873
14890,10,0.999874
14900,4,0.999874
14910,4,0.999875
14920,5,0.999875
14930,9,0.999876
14940,13,0.999878
14950,8,0.999878
14960,8,0.999879
14970,14,0.999881
14980,8,0.999882
14990,5,0.999882
15000,13,0.999883
15010,14,0.999885
15020,6,0.999886
15030,9,0.999887
15040,4,0.999887
15050,10,0.999888
15060,10,0.999889
15070,10,0.999890
15080,11,0.999891
15090,11,0.999892
15100,5,0.999893
15110,11,0.999894
15120,7,0.999895
15130,12,0.999896
15140,6,0.999897
15150,14,0.999898
15160,7,0.999899
15170,2,0.999899
15180,11,0.999900
15190,11,0.999901
15200,8,0.999902
15210,4,0.999903
15220,8,0.999904
15230,7,0.999904
15240,10,0.999905
15250,3,0.999906
15260,10,0.999907
15270,12,0.999908
15280,8,0.999909
15290,4,0.999909
15300,7,0.999910
15310,13,0.999911
15320,3,0.999912
15330,6,0.999912
15340,6,0.999913
15350,7,0.999914
15360,9,0.999915
15370,5,0.999915
15380,9,0.999916
15390,6,0.999917
15400,6,0.999917
15410,7,0.999918
15420,10,0.999919
15430,5,0.999920
15440,7,0.999920
15450,10,0.999922
15460,8,0.999922
15470,7,0.999923
15480,4,0.999923
15490,9,0.999924
15500,5,0.999925
15510,4,0.999925
15520,6,0.999926
15530,11,0.999927
15540,4,0.999928
15550,8,0.999928
15560,7,0.999929
15570,7,0.999930
15580,10,0.999931
15590,7,0.999932
15600,3,0.999932
15610,7,0.999933
15620,7,0.999933
15630,6,0.999934
15640,8,0.999935
15650,7,0.999936
15660,5,0.999936
15670,7,0.999937
15680,4,0.999937
15690,12,0.999939
15700,2,0.999939
15710,7,0.999940
15720,7,0.999940
15730,2,0.999941
15740,3,0.999941
15750,7,0.999942
15760,2,0.999942
15770,4,0.999942
15780,3,0.999943
15790,4,0.999943
15800,8,0.999944
15810,4,0.999944
15820,5,0.999945
15830,4,0.999945
15840,3,0.999945
15850,5,0.999946
15860,6,0.999947
15870,5,0.999947
15880,6,0.999948
15890,4,0.999948
15900,6,0.999949
15910,5,0.999949
15920,3,0.999950
15930,4,0.999950
15940,3,0.999950
15950,3,0.999951
15960,4,0.999951
15970,4,0.999952
15980,4,0.999952
15990,5,0.999953
16000,5,0.999953
16010,4,0.999953
16020,5,0.999954
16030,4,0.999954
16040,3,0.999955
16050,3,0.999955
16060,1,0.999955
16070,2,0.999955
16080,7,0.999956
16090,1,0.999956
16100,3,0.999957
16110,5,0.999957
16120,2,0.999957
16130,2,0.999958
16140,4,0.999958
16150,4,0.999958
16160,4,0.999959
16170,2,0.999959
16180,4,0.999959
16190,5,0.999960
16200,7,0.999961
16210,3,0.999961
16220,2,0.999961
16230,6,0.999962
16250,1,0.999962
16260,1,0.999962
16270,3,0.999962
16280,2,0.999963
16290,4,0.999963
16300,4,0.999963
16310,6,0.999964
16320,2,0.999964
16330,2,0.999964
16340,4,0.999965
16350,4,0.999965
16360,3,0.999966
16370,1,0.999966
16380,3,0.999966
16390,2,0.999966
16400,3,0.999967
16410,2,0.999967
16420,1,0.999967
16430,2,0.999967
16440,2,0.999967
16450,3,0.999968
16460,4,0.999968
16470,2,0.999968
16480,1,0.999968
16490,2,0.999969
16500,4,0.999969
16510,1,0.999969
16520,2,0.999969
16530,1,0.999969
16550,2,0.999970
16560,3,0.999970
16570,2,0.999970
16580,2,0.999970
16590,1,0.999970
16600,4,0.999971
16610,1,0.999971
16620,2,0.999971
16630,6,0.999972
16640,1,0.999972
16670,1,0.999972
16690,2,0.999972
16710,1,0.999972
16720,2,0.999973
16730,1,0.999973
16740,2,0.999973
16750,1,0.999973
16760,1,0.999973
16770,2,0.999973
16780,2,0.999973
16790,3,0.999974
16800,4,0.999974
16810,2,0.999974
16820,1,0.999975
16830,1,0.999975
16840,2,0.999975
16860,1,0.999975
16870,2,0.999975
16900,2,0.999975
16920,1,0.999976
16950,1,0.999976
16960,1,0.999976
16970,1,0.999976
16980,3,0.999976
17000,1,0.999976
17020,1,0.999976
17030,2,0.999977
17050,1,0.999977
17070,2,0.999977
17090,1,0.999977
17110,1,0.999977
17120,1,0.999977
17140,4,0.999978
17160,1,0.999978
17170,2,0.999978
17200,2,0.999978
17230,2,0.999978
17240,4,0.999979
17260,1,0.999979
17270,1,0.999979
17290,2,0.999979
17300,1,0.999979
17310,1,0.999979
17320,1,0.999979
17330,2,0.999980
17350,3,0.999980
17360,1,0.999980
17370,3,0.999980
17380,1,0.999981
17400,4,0.999981
17410,1,0.999981
17420,2,0.999981
17430,1,0.999981
17440,1,0.999981
17450,1,0.999982
17460,2,0.999982
17470,2,0.999982
17480,1,0.999982
17490,2,0.999982
17500,5,0.999983
17510,5,0.999983
17520,4,0.999984
17530,3,0.999984
17540,3,0.999984
17550,2,0.999985
17560,3,0.999985
17570,1,0.999985
17580,6,0.999986
17590,2,0.999986
17600,1,0.999986
17610,3,0.999986
17620,4,0.999987
17640,1,0.999987
17660,2,0.999987
17670,1,0.999987
17690,2,0.999987
17720,1,0.999987
17740,1,0.999988
17750,1,0.999988
17760,1,0.999988
17770,2,0.999988
17790,2,0.999988
17810,1,0.999988
17820,1,0.999988
17830,3,0.999989
17840,2,0.999989
17850,1,0.999989
17860,2,0.999989
17870,3,0.999990
17880,1,0.999990
17890,3,0.999990
17900,4,0.999990
17910,3,0.999991
17920,5,0.999991
17930,4,0.999992
17940,2,0.999992
17960,2,0.999992
17970,5,0.999993
17980,2,0.999993
17990,3,0.999993
18000,1,0.999993
18010,2,0.999994
18020,2,0.999994
18030,1,0.999994
18040,1,0.999994
18060,1,0.999994
18070,4,0.999994
18090,4,0.999995
18110,3,0.999995
18120,1,0.999995
18130,1,0.999995
18140,1,0.999995
18160,3,0.999996
18170,2,0.999996
18180,3,0.999996
18190,1,0.999996
18200,4,0.999997
18220,1,0.999997
18230,4,0.999997
18250,1,0.999997
18270,2,0.999998
18290,1,0.999998
18300,2,0.999998
18320,2,0.999998
18330,1,0.999998
18350,1,0.999998
18360,3,0.999999
18370,1,0.999999
18410,1,0.999999
18450,1,0.999999
18470,1,0.999999
18480,1,0.999999
18520,1,0.999999
18570,1,0.999999
18590,1,1.000000
18600,2,1.000000
18690,1,1.000000
18740,1,1.000000
