#latency,cnt,cdf
0,63,0.000031
10,101,0.000082
20,2004,0.001084
30,313,0.001241
40,12,0.001246
50,44,0.001268
60,31,0.001284
70,400,0.001484
80,147,0.001557
90,570,0.001842
100,929,0.002307
110,9071,0.006843
120,5462,0.009573
130,16769,0.017958
140,308202,0.172059
150,253056,0.298587
160,36151,0.316662
170,192986,0.413155
180,326620,0.576465
190,32178,0.592555
200,7071,0.596090
210,29627,0.610904
220,87963,0.654885
230,370926,0.840348
240,97402,0.889049
250,38269,0.908184
260,7958,0.912162
270,25012,0.924668
280,20005,0.934671
290,2648,0.935995
300,1269,0.936629
310,935,0.937097
320,720,0.937457
330,583,0.937748
340,477,0.937987
350,439,0.938206
360,369,0.938391
370,333,0.938558
380,247,0.938681
390,272,0.938817
400,288,0.938961
410,1274,0.939598
420,1286,0.940241
430,274,0.940378
440,148,0.940452
450,130,0.940517
460,136,0.940585
470,102,0.940636
480,135,0.940704
490,98,0.940753
500,94,0.940799
510,104,0.940852
520,121,0.940912
530,106,0.940965
540,116,0.941023
550,115,0.941081
560,111,0.941136
570,111,0.941191
580,118,0.941251
590,87,0.941294
600,116,0.941352
610,104,0.941404
620,83,0.941446
630,71,0.941481
640,77,0.941519
650,80,0.941559
660,74,0.941597
670,72,0.941633
680,61,0.941663
690,62,0.941694
700,50,0.941719
710,30,0.941734
720,76,0.941772
730,36,0.941790
740,37,0.941809
750,41,0.941829
760,44,0.941851
770,36,0.941869
780,37,0.941887
790,34,0.941904
800,32,0.941921
810,28,0.941935
820,45,0.941957
830,42,0.941978
840,47,0.942002
850,61,0.942032
860,76,0.942070
870,62,0.942101
880,75,0.942138
890,79,0.942178
900,98,0.942227
910,79,0.942267
920,75,0.942304
930,92,0.942350
940,99,0.942400
950,76,0.942438
960,84,0.942479
970,95,0.942527
980,75,0.942564
990,90,0.942609
1000,93,0.942656
1010,78,0.942695
1020,81,0.942735
1030,80,0.942775
1040,77,0.942814
1050,77,0.942852
1060,64,0.942885
1070,72,0.942921
1080,57,0.942949
1090,64,0.942981
1100,70,0.943016
1110,59,0.943045
1120,48,0.943070
1130,34,0.943087
1140,40,0.943106
1150,32,0.943123
1160,30,0.943138
1170,30,0.943152
1180,30,0.943168
1190,29,0.943182
1200,28,0.943196
1210,19,0.943205
1220,27,0.943219
1230,21,0.943229
1240,21,0.943240
1250,18,0.943249
1260,19,0.943259
1270,16,0.943267
1280,8,0.943271
1290,14,0.943277
1300,18,0.943286
1310,22,0.943298
1320,18,0.943307
1330,25,0.943319
1340,16,0.943327
1350,20,0.943337
1360,15,0.943344
1370,22,0.943356
1380,22,0.943367
1390,14,0.943374
1400,20,0.943384
1410,23,0.943395
1420,17,0.943403
1430,19,0.943413
1440,25,0.943425
1450,12,0.943431
1460,23,0.943443
1470,23,0.943455
1480,17,0.943463
1490,23,0.943474
1500,17,0.943483
1510,21,0.943493
1520,25,0.943506
1530,21,0.943516
1540,39,0.943536
1550,30,0.943551
1560,18,0.943560
1570,28,0.943574
1580,36,0.943592
1590,20,0.943602
1600,17,0.943610
1610,24,0.943623
1620,16,0.943631
1630,10,0.943636
1640,25,0.943648
1650,26,0.943661
1660,29,0.943676
1670,12,0.943681
1680,22,0.943693
1690,27,0.943706
1700,22,0.943717
1710,26,0.943730
1720,24,0.943742
1730,29,0.943757
1740,17,0.943765
1750,32,0.943781
1760,25,0.943793
1770,26,0.943807
1780,26,0.943820
1790,25,0.943832
1800,29,0.943847
1810,28,0.943860
1820,25,0.943873
1830,28,0.943887
1840,26,0.943900
1850,31,0.943915
1860,25,0.943928
1870,29,0.943942
1880,27,0.943956
1890,29,0.943971
1900,12,0.943977
1910,24,0.943989
1920,25,0.944001
1930,27,0.944014
1940,23,0.944026
1950,35,0.944044
1960,26,0.944057
1970,27,0.944070
1980,24,0.944082
1990,33,0.944098
2000,29,0.944113
2010,20,0.944123
2020,19,0.944133
2030,20,0.944143
2040,21,0.944153
2050,25,0.944166
2060,29,0.944180
2070,19,0.944189
2080,20,0.944200
2090,13,0.944206
2100,11,0.944211
2110,26,0.944224
2120,21,0.944235
2130,31,0.944251
2140,15,0.944258
2150,16,0.944266
2160,15,0.944273
2170,29,0.944288
2180,17,0.944296
2190,13,0.944303
2200,25,0.944315
2210,19,0.944325
2220,18,0.944334
2230,21,0.944345
2240,22,0.944355
2250,21,0.944366
2260,19,0.944376
2270,24,0.944387
2280,24,0.944399
2290,18,0.944408
2300,22,0.944420
2310,21,0.944430
2320,20,0.944440
2330,21,0.944450
2340,22,0.944462
2350,11,0.944467
2360,17,0.944475
2370,19,0.944485
2380,27,0.944498
2390,17,0.944507
2400,23,0.944519
2410,26,0.944532
2420,23,0.944543
2430,17,0.944552
2440,15,0.944559
2450,21,0.944570
2460,18,0.944579
2470,15,0.944586
2480,15,0.944593
2490,14,0.944601
2500,12,0.944606
2510,21,0.944617
2520,20,0.944627
2530,14,0.944634
2540,14,0.944641
2550,9,0.944646
2560,15,0.944653
2570,10,0.944658
2580,16,0.944666
2590,13,0.944673
2600,15,0.944680
2610,14,0.944687
2620,15,0.944695
2630,19,0.944704
2640,13,0.944710
2650,17,0.944719
2660,17,0.944727
2670,12,0.944734
2680,20,0.944744
2690,17,0.944752
2700,17,0.944761
2710,13,0.944767
2720,4,0.944769
2730,16,0.944777
2740,8,0.944781
2750,12,0.944787
2760,13,0.944794
2770,17,0.944802
2780,21,0.944812
2790,14,0.944820
2800,13,0.944826
2810,8,0.944830
2820,16,0.944838
2830,15,0.944845
2840,18,0.944854
2850,13,0.944861
2860,16,0.944869
2870,13,0.944875
2880,14,0.944883
2890,8,0.944887
2900,14,0.944893
2910,11,0.944899
2920,10,0.944904
2930,17,0.944912
2940,13,0.944919
2950,17,0.944928
2960,24,0.944939
2970,15,0.944947
2980,15,0.944955
2990,22,0.944965
3000,14,0.944973
3010,9,0.944977
3020,16,0.944985
3030,11,0.944991
3040,14,0.944997
3050,15,0.945005
3060,12,0.945011
3070,16,0.945019
3080,14,0.945026
3090,12,0.945032
3100,17,0.945041
3110,16,0.945049
3120,13,0.945055
3130,14,0.945062
3140,6,0.945065
3150,14,0.945072
3160,10,0.945077
3170,14,0.945084
3180,13,0.945090
3190,14,0.945098
3200,14,0.945104
3210,15,0.945112
3220,10,0.945117
3230,15,0.945125
3240,14,0.945131
3250,13,0.945138
3260,11,0.945144
3270,12,0.945149
3280,15,0.945157
3290,13,0.945163
3300,14,0.945171
3310,11,0.945176
3320,21,0.945186
3330,15,0.945194
3340,15,0.945202
3350,12,0.945207
3360,17,0.945216
3370,17,0.945225
3380,25,0.945237
3390,10,0.945242
3400,14,0.945249
3410,15,0.945256
3420,14,0.945264
3430,20,0.945274
3440,20,0.945283
3450,23,0.945295
3460,16,0.945303
3470,25,0.945315
3480,26,0.945328
3490,27,0.945342
3500,43,0.945364
3510,26,0.945377
3520,30,0.945391
3530,27,0.945405
3540,36,0.945423
3550,30,0.945438
3560,44,0.945460
3570,25,0.945472
3580,39,0.945492
3590,32,0.945508
3600,33,0.945525
3610,32,0.945540
3620,31,0.945556
3630,34,0.945573
3640,37,0.945592
3650,30,0.945607
3660,36,0.945624
3670,35,0.945642
3680,42,0.945663
3690,46,0.945686
3700,36,0.945704
3710,47,0.945728
3720,44,0.945750
3730,52,0.945776
3740,55,0.945803
3750,45,0.945826
3760,47,0.945849
3770,54,0.945876
3780,52,0.945902
3790,48,0.945926
3800,54,0.945953
3810,62,0.945984
3820,66,0.946017
3830,67,0.946051
3840,55,0.946078
3850,47,0.946101
3860,50,0.946127
3870,57,0.946155
3880,61,0.946186
3890,70,0.946221
3900,64,0.946253
3910,39,0.946272
3920,54,0.946299
3930,69,0.946334
3940,49,0.946358
3950,65,0.946391
3960,63,0.946422
3970,65,0.946455
3980,72,0.946491
3990,74,0.946527
4000,66,0.946561
4010,59,0.946590
4020,73,0.946626
4030,88,0.946670
4040,63,0.946702
4050,68,0.946736
4060,74,0.946773
4070,69,0.946808
4080,66,0.946841
4090,78,0.946880
4100,98,0.946929
4110,73,0.946965
4120,77,0.947003
4130,66,0.947037
4140,80,0.947076
4150,88,0.947120
4160,76,0.947159
4170,75,0.947196
4180,82,0.947237
4190,108,0.947291
4200,84,0.947333
4210,112,0.947389
4220,81,0.947429
4230,111,0.947485
4240,102,0.947536
4250,85,0.947578
4260,118,0.947637
4270,99,0.947687
4280,121,0.947748
4290,130,0.947812
4300,121,0.947873
4310,129,0.947937
4320,155,0.948015
4330,134,0.948082
4340,139,0.948152
4350,131,0.948217
4360,141,0.948287
4370,151,0.948363
4380,163,0.948444
4390,171,0.948530
4400,157,0.948609
4410,156,0.948686
4420,173,0.948773
4430,183,0.948865
4440,188,0.948959
4450,227,0.949072
4460,187,0.949166
4470,204,0.949268
4480,184,0.949359
4490,223,0.949471
4500,231,0.949587
4510,205,0.949689
4520,227,0.949803
4530,223,0.949914
4540,253,0.950041
4550,243,0.950162
4560,276,0.950300
4570,274,0.950437
4580,292,0.950583
4590,299,0.950733
4600,259,0.950862
4610,290,0.951007
4620,261,0.951137
4630,284,0.951280
4640,281,0.951420
4650,282,0.951561
4660,295,0.951708
4670,302,0.951859
4680,308,0.952013
4690,301,0.952164
4700,325,0.952326
4710,357,0.952505
4720,315,0.952663
4730,318,0.952821
4740,285,0.952964
4750,348,0.953138
4760,310,0.953293
4770,346,0.953466
4780,337,0.953635
4790,333,0.953801
4800,317,0.953960
4810,327,0.954123
4820,309,0.954278
4830,324,0.954440
4840,353,0.954616
4850,329,0.954781
4860,317,0.954939
4870,364,0.955121
4880,339,0.955290
4890,328,0.955455
4900,331,0.955620
4910,372,0.955806
4920,375,0.955993
4930,354,0.956170
4940,362,0.956352
4950,356,0.956529
4960,367,0.956713
4970,368,0.956897
4980,414,0.957104
4990,364,0.957286
5000,366,0.957469
5010,358,0.957648
5020,364,0.957830
5030,371,0.958016
5040,418,0.958224
5050,363,0.958406
5060,423,0.958618
5070,381,0.958808
5080,372,0.958994
5090,364,0.959176
5100,394,0.959373
5110,423,0.959584
5120,438,0.959804
5130,420,0.960014
5140,403,0.960215
5150,406,0.960418
5160,421,0.960629
5170,402,0.960829
5180,437,0.961048
5190,445,0.961271
5200,470,0.961505
5210,410,0.961711
5220,483,0.961952
5230,413,0.962159
5240,398,0.962358
5250,422,0.962569
5260,436,0.962786
5270,452,0.963013
5280,466,0.963246
5290,446,0.963468
5300,477,0.963707
5310,468,0.963941
5320,453,0.964167
5330,496,0.964415
5340,454,0.964643
5350,482,0.964884
5360,472,0.965119
5370,530,0.965384
5380,475,0.965622
5390,518,0.965881
5400,554,0.966158
5410,516,0.966416
5420,498,0.966665
5430,509,0.966919
5440,467,0.967153
5450,543,0.967425
5460,540,0.967695
5470,494,0.967942
5480,555,0.968219
5490,553,0.968495
5500,494,0.968742
5510,513,0.968999
5520,518,0.969258
5530,554,0.969535
5540,545,0.969808
5550,537,0.970076
5560,553,0.970352
5570,547,0.970626
5580,499,0.970876
5590,538,0.971144
5600,521,0.971405
5610,556,0.971683
5620,547,0.971956
5630,533,0.972223
5640,546,0.972496
5650,529,0.972760
5660,531,0.973026
5670,557,0.973305
5680,528,0.973568
5690,578,0.973858
5700,522,0.974118
5710,516,0.974376
5720,531,0.974642
5730,578,0.974931
5740,511,0.975187
5750,580,0.975477
5760,564,0.975758
5770,583,0.976050
5780,540,0.976320
5790,553,0.976596
5800,599,0.976896
5810,604,0.977198
5820,570,0.977483
5830,583,0.977775
5840,592,0.978070
5850,595,0.978368
5860,536,0.978636
5870,555,0.978913
5880,563,0.979195
5890,581,0.979486
5900,575,0.979773
5910,558,0.980052
5920,580,0.980342
5930,570,0.980627
5940,516,0.980885
5950,507,0.981139
5960,556,0.981417
5970,506,0.981669
5980,531,0.981935
5990,557,0.982213
6000,566,0.982497
6010,555,0.982774
6020,563,0.983055
6030,593,0.983352
6040,523,0.983613
6050,561,0.983894
6060,534,0.984161
6070,502,0.984412
6080,520,0.984672
6090,539,0.984941
6100,476,0.985179
6110,492,0.985425
6120,524,0.985687
6130,483,0.985929
6140,512,0.986185
6150,472,0.986421
6160,459,0.986651
6170,528,0.986915
6180,499,0.987164
6190,496,0.987412
6200,457,0.987641
6210,468,0.987875
6220,423,0.988086
6230,455,0.988313
6240,466,0.988546
6250,469,0.988781
6260,377,0.988970
6270,420,0.989179
6280,428,0.989393
6290,398,0.989592
6300,420,0.989802
6310,376,0.989990
6320,401,0.990191
6330,382,0.990382
6340,377,0.990570
6350,380,0.990761
6360,361,0.990941
6370,336,0.991109
6380,374,0.991296
6390,305,0.991449
6400,335,0.991616
6410,294,0.991763
6420,335,0.991930
6430,299,0.992080
6440,298,0.992229
6450,288,0.992373
6460,307,0.992526
6470,275,0.992664
6480,266,0.992797
6490,258,0.992926
6500,256,0.993054
6510,269,0.993189
6520,271,0.993324
6530,252,0.993450
6540,236,0.993568
6550,231,0.993684
6560,238,0.993802
6570,244,0.993924
6580,205,0.994027
6590,237,0.994146
6600,181,0.994236
6610,191,0.994331
6620,211,0.994437
6630,178,0.994526
6640,214,0.994633
6650,190,0.994728
6660,178,0.994817
6670,171,0.994902
6680,183,0.994994
6690,195,0.995091
6700,154,0.995169
6710,165,0.995251
6720,171,0.995336
6730,144,0.995408
6740,153,0.995485
6750,154,0.995562
6760,139,0.995632
6770,127,0.995695
6780,152,0.995771
6790,132,0.995837
6800,169,0.995921
6810,121,0.995982
6820,118,0.996041
6830,108,0.996095
6840,125,0.996158
6850,108,0.996212
6860,102,0.996262
6870,114,0.996319
6880,118,0.996378
6890,81,0.996419
6900,97,0.996467
6910,94,0.996514
6920,85,0.996557
6930,101,0.996607
6940,83,0.996649
6950,77,0.996687
6960,89,0.996732
6970,97,0.996781
6980,74,0.996818
6990,83,0.996859
7000,62,0.996890
7010,70,0.996925
7020,78,0.996964
7030,82,0.997005
7040,72,0.997041
7050,56,0.997069
7060,66,0.997102
7070,66,0.997135
7080,57,0.997163
7090,67,0.997197
7100,65,0.997230
7110,47,0.997253
7120,53,0.997280
7130,54,0.997307
7140,48,0.997330
7150,49,0.997355
7160,47,0.997379
7170,50,0.997404
7180,39,0.997423
7190,51,0.997449
7200,47,0.997472
7210,56,0.997500
7220,39,0.997519
7230,41,0.997540
7240,25,0.997553
7250,47,0.997576
7260,38,0.997595
7270,36,0.997613
7280,42,0.997634
7290,27,0.997648
7300,32,0.997663
7310,33,0.997680
7320,31,0.997696
7330,18,0.997705
7340,22,0.997715
7350,36,0.997733
7360,26,0.997747
7370,27,0.997760
7380,28,0.997774
7390,25,0.997787
7400,34,0.997804
7410,24,0.997815
7420,27,0.997829
7430,39,0.997849
7440,25,0.997861
7450,23,0.997872
7460,20,0.997882
7470,25,0.997895
7480,27,0.997908
7490,19,0.997918
7500,23,0.997930
7510,23,0.997941
7520,27,0.997954
7530,20,0.997965
7540,22,0.997976
7550,24,0.997988
7560,12,0.997994
7570,22,0.998004
7580,23,0.998016
7590,21,0.998026
7600,20,0.998037
7610,15,0.998044
7620,23,0.998056
7630,17,0.998064
7640,23,0.998075
7650,17,0.998084
7660,22,0.998095
7670,26,0.998108
7680,16,0.998116
7690,13,0.998123
7700,8,0.998127
7710,13,0.998133
7720,14,0.998140
7730,14,0.998147
7740,21,0.998158
7750,17,0.998166
7760,17,0.998174
7770,16,0.998182
7780,15,0.998190
7790,10,0.998195
7800,17,0.998204
7810,12,0.998209
7820,21,0.998220
7830,14,0.998227
7840,13,0.998233
7850,16,0.998241
7860,5,0.998244
7870,8,0.998248
7880,13,0.998254
7890,13,0.998261
7900,8,0.998265
7910,5,0.998267
7920,10,0.998272
7930,11,0.998278
7940,13,0.998285
7950,16,0.998293
7960,9,0.998297
7970,11,0.998303
7980,14,0.998309
7990,13,0.998316
8000,14,0.998323
8010,9,0.998327
8020,12,0.998334
8030,15,0.998341
8040,8,0.998345
8050,11,0.998351
8060,10,0.998356
8070,15,0.998363
8080,10,0.998368
8090,9,0.998372
8100,7,0.998376
8110,9,0.998380
8120,14,0.998388
8130,6,0.998390
8140,13,0.998397
8150,9,0.998402
8160,7,0.998405
8170,6,0.998408
8180,5,0.998411
8190,4,0.998412
8200,10,0.998417
8210,7,0.998421
8220,7,0.998424
8230,7,0.998428
8240,6,0.998431
8250,6,0.998434
8260,11,0.998439
8270,6,0.998442
8280,7,0.998446
8290,12,0.998452
8300,6,0.998455
8310,6,0.998458
8320,6,0.998461
8330,6,0.998464
8340,4,0.998466
8350,6,0.998469
8360,6,0.998472
8370,5,0.998474
8380,5,0.998477
8390,4,0.998479
8400,6,0.998482
8410,8,0.998486
8420,3,0.998487
8430,4,0.998489
8440,9,0.998494
8450,4,0.998496
8460,6,0.998499
8470,5,0.998501
8480,2,0.998502
8490,6,0.998505
8500,8,0.998510
8510,7,0.998513
8520,1,0.998514
8530,6,0.998516
8540,4,0.998519
8550,1,0.998519
8560,6,0.998522
8570,5,0.998524
8580,8,0.998528
8590,3,0.998530
8600,5,0.998532
8610,4,0.998535
8620,8,0.998538
8630,4,0.998541
8640,1,0.998541
8650,2,0.998542
8660,5,0.998545
8670,10,0.998550
8680,4,0.998551
8690,4,0.998554
8700,4,0.998555
8710,2,0.998556
8720,4,0.998559
8730,6,0.998562
8740,6,0.998564
8750,5,0.998567
8760,5,0.998569
8770,6,0.998573
8780,2,0.998573
8790,7,0.998577
8800,2,0.998578
8810,2,0.998579
8820,4,0.998581
8830,3,0.998582
8840,8,0.998586
8850,2,0.998587
8860,3,0.998589
8870,1,0.998590
8880,3,0.998591
8890,3,0.998592
8900,8,0.998596
8910,6,0.998600
8920,6,0.998603
8940,5,0.998605
8950,11,0.998610
8960,2,0.998612
8970,3,0.998613
8980,4,0.998615
8990,3,0.998617
9000,1,0.998617
9010,3,0.998618
9020,5,0.998621
9040,6,0.998624
9050,4,0.998626
9060,7,0.998630
9070,9,0.998634
9080,4,0.998636
9090,7,0.998640
9100,5,0.998642
9110,5,0.998644
9120,7,0.998648
9130,8,0.998652
9140,2,0.998653
9150,5,0.998655
9160,3,0.998657
9170,2,0.998658
9180,5,0.998661
9190,8,0.998664
9200,5,0.998667
9210,4,0.998669
9220,4,0.998671
9230,3,0.998672
9240,12,0.998679
9250,9,0.998683
9260,6,0.998686
9270,4,0.998688
9280,4,0.998690
9290,6,0.998693
9300,5,0.998695
9310,5,0.998698
9320,9,0.998703
9330,8,0.998707
9340,10,0.998712
9350,10,0.998716
9360,5,0.998719
9370,4,0.998721
9380,7,0.998725
9390,5,0.998727
9400,4,0.998729
9410,3,0.998730
9420,8,0.998734
9430,6,0.998738
9440,9,0.998742
9450,9,0.998747
9460,8,0.998751
9470,9,0.998755
9480,7,0.998758
9490,10,0.998764
9500,9,0.998768
9510,7,0.998771
9520,10,0.998776
9530,7,0.998780
9540,9,0.998784
9550,7,0.998788
9560,7,0.998792
9570,15,0.998799
9580,5,0.998802
9590,7,0.998805
9600,7,0.998809
9610,8,0.998812
9620,14,0.998819
9630,8,0.998824
9640,11,0.998829
9650,6,0.998832
9660,13,0.998838
9670,7,0.998842
9680,4,0.998844
9690,9,0.998848
9700,8,0.998852
9710,17,0.998861
9720,9,0.998865
9730,7,0.998869
9740,16,0.998877
9750,15,0.998884
9760,6,0.998887
9770,10,0.998892
9780,6,0.998896
9790,11,0.998901
9800,9,0.998905
9810,8,0.998909
9820,11,0.998915
9830,15,0.998923
9840,17,0.998931
9850,12,0.998937
9860,19,0.998946
9870,9,0.998951
9880,12,0.998957
9890,14,0.998964
9900,12,0.998970
9910,9,0.998975
9920,9,0.998979
9930,11,0.998985
9940,16,0.998993
9950,19,0.999002
9960,11,0.999008
9970,16,0.999016
9980,15,0.999023
9990,15,0.999030
10000,15,0.999038
10010,16,0.999046
10020,6,0.999049
10030,12,0.999055
10040,13,0.999062
10050,8,0.999066
10060,11,0.999071
10070,14,0.999078
10080,12,0.999084
10090,17,0.999093
10100,12,0.999098
10110,13,0.999105
10120,7,0.999108
10130,18,0.999117
10140,10,0.999123
10150,9,0.999127
10160,13,0.999134
10170,8,0.999138
10180,13,0.999144
10190,21,0.999155
10200,17,0.999163
10210,14,0.999170
10220,12,0.999176
10230,12,0.999182
10240,15,0.999189
10250,15,0.999197
10260,11,0.999202
10270,21,0.999213
10280,8,0.999217
10290,14,0.999224
10300,16,0.999232
10310,11,0.999237
10320,10,0.999242
10330,12,0.999249
10340,13,0.999255
10350,14,0.999262
10360,22,0.999273
10370,15,0.999281
10380,14,0.999287
10390,12,0.999294
10400,7,0.999297
10410,9,0.999301
10420,15,0.999309
10430,16,0.999317
10440,12,0.999323
10450,12,0.999329
10460,9,0.999334
10470,10,0.999339
10480,10,0.999344
10490,17,0.999352
10500,12,0.999358
10510,11,0.999363
10520,9,0.999368
10530,16,0.999376
10540,9,0.999381
10550,12,0.999386
10560,20,0.999397
10570,12,0.999403
10580,15,0.999410
10590,7,0.999413
10600,20,0.999424
10610,9,0.999428
10620,17,0.999436
10630,17,0.999445
10640,15,0.999452
10650,10,0.999457
10660,13,0.999464
10670,6,0.999467
10680,11,0.999472
10690,11,0.999478
10700,8,0.999482
10710,11,0.999488
10720,16,0.999496
10730,7,0.999499
10740,8,0.999503
10750,9,0.999507
10760,6,0.999511
10770,8,0.999515
10780,6,0.999518
10790,15,0.999525
10800,7,0.999529
10810,6,0.999532
10820,15,0.999539
10830,15,0.999547
10840,5,0.999549
10850,18,0.999558
10860,12,0.999564
10870,13,0.999570
10880,12,0.999577
10890,11,0.999582
10900,4,0.999584
10910,13,0.999591
10920,5,0.999593
10930,6,0.999596
10940,7,0.999600
10950,10,0.999605
10960,10,0.999609
10970,9,0.999614
10980,13,0.999620
10990,8,0.999624
11000,14,0.999632
11010,11,0.999637
11020,10,0.999642
11030,13,0.999649
11040,6,0.999651
11050,10,0.999656
11060,5,0.999659
11070,6,0.999662
11080,10,0.999667
11090,4,0.999669
11100,13,0.999676
11110,8,0.999680
11120,7,0.999683
11130,7,0.999686
11140,10,0.999691
11150,9,0.999696
11160,9,0.999700
11170,4,0.999703
11180,7,0.999706
11190,5,0.999708
11200,10,0.999713
11210,5,0.999716
11220,6,0.999719
11230,6,0.999722
11240,10,0.999727
11250,8,0.999731
11260,7,0.999735
11270,6,0.999738
11280,2,0.999739
11290,3,0.999740
11300,8,0.999744
11310,1,0.999744
11320,3,0.999746
11330,3,0.999748
11340,5,0.999750
11350,1,0.999750
11360,5,0.999753
11370,6,0.999756
11380,8,0.999760
11390,2,0.999761
11400,5,0.999763
11410,1,0.999764
11420,1,0.999765
11430,3,0.999766
11440,5,0.999768
11450,4,0.999771
11460,2,0.999771
11470,2,0.999772
11480,4,0.999775
11490,3,0.999776
11500,1,0.999776
11510,5,0.999779
11520,4,0.999781
11530,5,0.999784
11540,2,0.999785
11550,5,0.999787
11560,4,0.999789
11570,4,0.999791
11580,2,0.999792
11590,2,0.999793
11600,2,0.999794
11610,4,0.999796
11620,3,0.999798
11630,1,0.999798
11640,6,0.999801
11650,3,0.999802
11660,2,0.999803
11670,4,0.999806
11680,1,0.999806
11690,2,0.999807
11700,1,0.999807
11710,3,0.999809
11720,1,0.999810
11730,3,0.999811
11740,2,0.999812
11750,2,0.999813
11760,3,0.999815
11770,2,0.999816
11780,3,0.999817
11790,4,0.999819
11800,4,0.999821
11810,2,0.999822
11820,3,0.999824
11830,1,0.999824
11840,4,0.999826
11850,3,0.999828
11860,3,0.999829
11870,4,0.999831
11880,3,0.999833
11900,3,0.999834
11910,2,0.999835
11920,3,0.999837
11930,4,0.999838
11940,2,0.999839
11950,1,0.999840
11960,2,0.999841
11980,2,0.999842
11990,4,0.999844
12000,2,0.999845
12010,3,0.999847
12020,3,0.999848
12040,2,0.999849
12050,2,0.999850
12060,4,0.999852
12070,3,0.999853
12080,1,0.999854
12090,1,0.999855
12100,4,0.999856
12120,1,0.999857
12130,4,0.999859
12140,1,0.999860
12150,3,0.999861
12160,1,0.999861
12170,1,0.999862
12180,2,0.999863
12200,1,0.999864
12210,1,0.999864
12240,2,0.999865
12250,3,0.999866
12270,2,0.999867
12290,1,0.999868
12300,1,0.999869
12310,2,0.999870
12330,3,0.999871
12340,2,0.999872
12360,2,0.999873
12370,1,0.999874
12390,2,0.999874
12400,1,0.999875
12410,1,0.999875
12420,2,0.999876
12430,1,0.999877
12440,1,0.999878
12450,2,0.999879
12460,1,0.999879
12480,1,0.999879
12490,1,0.999880
12500,3,0.999882
12520,1,0.999882
12530,1,0.999883
12560,1,0.999883
12570,1,0.999883
12580,1,0.999884
12600,2,0.999885
12620,1,0.999885
12630,1,0.999886
12640,2,0.999887
12650,1,0.999888
12690,1,0.999888
12710,1,0.999888
12760,1,0.999889
12810,2,0.999890
12840,3,0.999892
12850,1,0.999892
12860,1,0.999892
12870,1,0.999893
12880,2,0.999894
12890,1,0.999894
12900,1,0.999895
12910,2,0.999896
12920,3,0.999897
12930,2,0.999898
12940,1,0.999899
12950,1,0.999900
12960,2,0.999901
12970,2,0.999901
13000,3,0.999903
13010,2,0.999904
13030,1,0.999905
13040,1,0.999905
13070,2,0.999906
13090,2,0.999907
13100,1,0.999907
13120,1,0.999908
13130,1,0.999909
13140,1,0.999909
13150,1,0.999910
13180,1,0.999910
13190,1,0.999910
13200,1,0.999911
13210,4,0.999913
13220,1,0.999914
13230,2,0.999915
13240,2,0.999915
13250,2,0.999916
13260,1,0.999917
13270,3,0.999919
13280,2,0.999919
13290,1,0.999920
13300,2,0.999921
13310,1,0.999922
13320,1,0.999922
13330,2,0.999923
13340,3,0.999924
13350,1,0.999925
13360,1,0.999925
13390,2,0.999927
13400,2,0.999928
13410,2,0.999928
13420,1,0.999929
13430,3,0.999931
13440,3,0.999932
13460,1,0.999933
13470,1,0.999933
13480,1,0.999933
13500,2,0.999934
13510,3,0.999936
13520,1,0.999937
13530,1,0.999937
13540,2,0.999938
13550,2,0.999939
13580,2,0.999940
13590,1,0.999941
13610,1,0.999941
13620,1,0.999942
13640,2,0.999942
13680,3,0.999944
13690,3,0.999946
13700,1,0.999946
13710,2,0.999947
13730,2,0.999948
13750,1,0.999949
13760,1,0.999949
13770,1,0.999950
13780,1,0.999950
13790,1,0.999951
13800,2,0.999951
13810,1,0.999952
13840,2,0.999953
13850,1,0.999954
13860,1,0.999954
13870,2,0.999955
13880,2,0.999956
13890,2,0.999957
13930,2,0.999958
13940,1,0.999959
13950,2,0.999960
13970,2,0.999960
13980,1,0.999961
13990,1,0.999961
14000,2,0.999963
14020,1,0.999963
14030,1,0.999964
14040,1,0.999964
14060,1,0.999964
14070,4,0.999967
14080,1,0.999967
14090,2,0.999968
14100,1,0.999969
14130,1,0.999969
14140,1,0.999969
14150,1,0.999970
14190,1,0.999970
14210,2,0.999972
14220,3,0.999973
14250,1,0.999973
14260,2,0.999974
14300,1,0.999975
14310,2,0.999976
14320,2,0.999977
14340,1,0.999978
14350,3,0.999979
14420,1,0.999979
14470,2,0.999981
14480,1,0.999981
14500,1,0.999982
14520,2,0.999982
14530,1,0.999983
14540,1,0.999983
14550,1,0.999984
14600,1,0.999985
14610,1,0.999985
14620,1,0.999986
14640,1,0.999986
14670,2,0.999987
14710,1,0.999987
14720,1,0.999988
14760,1,0.999988
14780,1,0.999989
14790,2,0.999990
14810,1,0.999991
14830,1,0.999991
14870,2,0.999992
14880,1,0.999992
14950,1,0.999993
15040,1,0.999994
15110,1,0.999994
15410,1,0.999995
15430,1,0.999995
15480,1,0.999996
15720,1,0.999996
15770,1,0.999996
15860,1,0.999997
16030,1,0.999997
16550,1,0.999998
21470,1,0.999999
39380,1,0.999999
50630,1,1.000000
50870,1,1.000000
