#latency,cnt,cdf
0,1340893,0.134089
10,7409,0.134830
20,447,0.134875
30,24062,0.137281
40,358,0.137317
50,1972,0.137514
60,271271,0.164641
70,38501,0.168491
80,267478,0.195239
90,11633,0.196402
100,274973,0.223900
110,86835,0.232583
120,212356,0.253819
130,255323,0.279351
140,117601,0.291111
150,216810,0.312792
160,27773,0.315569
170,670892,0.382659
180,453136,0.427972
190,927439,0.520716
200,443738,0.565090
210,415764,0.606666
220,242747,0.630941
230,1003011,0.731242
240,388804,0.770123
250,145728,0.784695
260,142381,0.798934
270,568925,0.855826
280,198661,0.875692
290,262331,0.901925
300,133398,0.915265
310,142425,0.929507
320,259536,0.955461
330,90593,0.964520
340,162648,0.980785
350,12685,0.982054
360,13622,0.983416
370,11699,0.984586
380,25876,0.987173
390,61962,0.993370
400,12393,0.994609
410,4821,0.995091
420,3806,0.995472
430,6655,0.996137
440,4618,0.996599
450,667,0.996666
460,575,0.996723
470,996,0.996823
480,5543,0.997377
490,645,0.997441
500,634,0.997505
510,607,0.997566
520,304,0.997596
530,426,0.997639
540,156,0.997654
550,178,0.997672
560,160,0.997688
570,206,0.997709
580,507,0.997759
590,224,0.997782
600,258,0.997808
610,225,0.997830
620,232,0.997853
630,310,0.997884
640,315,0.997916
650,229,0.997939
660,239,0.997962
670,226,0.997985
680,167,0.998002
690,203,0.998022
700,205,0.998043
710,201,0.998063
720,227,0.998085
730,187,0.998104
740,153,0.998119
750,139,0.998133
760,135,0.998147
770,112,0.998158
780,138,0.998172
790,104,0.998182
800,101,0.998192
810,104,0.998203
820,97,0.998212
830,95,0.998222
840,87,0.998231
850,110,0.998242
860,95,0.998251
870,100,0.998261
880,105,0.998272
890,110,0.998283
900,132,0.998296
910,170,0.998313
920,117,0.998325
930,131,0.998338
940,135,0.998351
950,128,0.998364
960,123,0.998376
970,132,0.998389
980,130,0.998402
990,128,0.998415
1000,112,0.998426
1010,129,0.998439
1020,110,0.998450
1030,112,0.998461
1040,91,0.998471
1050,92,0.998480
1060,111,0.998491
1070,98,0.998501
1080,105,0.998511
1090,84,0.998520
1100,64,0.998526
1110,115,0.998537
1120,91,0.998547
1130,89,0.998555
1140,79,0.998563
1150,65,0.998570
1160,83,0.998578
1170,63,0.998585
1180,83,0.998593
1190,67,0.998600
1200,72,0.998607
1210,70,0.998614
1220,69,0.998621
1230,100,0.998631
1240,81,0.998639
1250,113,0.998650
1260,121,0.998662
1270,144,0.998676
1280,179,0.998694
1290,157,0.998710
1300,174,0.998728
1310,171,0.998745
1320,178,0.998762
1330,168,0.998779
1340,161,0.998795
1350,136,0.998809
1360,134,0.998822
1370,139,0.998836
1380,147,0.998851
1390,123,0.998863
1400,132,0.998876
1410,101,0.998887
1420,102,0.998897
1430,86,0.998905
1440,69,0.998912
1450,62,0.998918
1460,65,0.998925
1470,49,0.998930
1480,53,0.998935
1490,49,0.998940
1500,53,0.998945
1510,40,0.998949
1520,45,0.998954
1530,30,0.998957
1540,39,0.998961
1550,39,0.998965
1560,24,0.998967
1570,26,0.998970
1580,45,0.998974
1590,32,0.998977
1600,27,0.998980
1610,26,0.998983
1620,30,0.998986
1630,27,0.998988
1640,35,0.998992
1650,26,0.998994
1660,32,0.998998
1670,34,0.999001
1680,36,0.999005
1690,28,0.999007
1700,30,0.999010
1710,23,0.999013
1720,32,0.999016
1730,18,0.999018
1740,27,0.999020
1750,36,0.999024
1760,29,0.999027
1770,28,0.999030
1780,85,0.999038
1790,70,0.999045
1800,174,0.999063
1810,260,0.999089
1820,39,0.999093
1830,64,0.999099
1840,45,0.999103
1850,65,0.999110
1860,85,0.999118
1870,112,0.999130
1880,83,0.999138
1890,60,0.999144
1900,92,0.999153
1910,361,0.999189
1920,143,0.999204
1930,43,0.999208
1940,164,0.999224
1950,65,0.999231
1960,89,0.999240
1970,111,0.999251
1980,81,0.999259
1990,76,0.999266
2000,67,0.999273
2010,52,0.999278
2020,80,0.999286
2030,45,0.999291
2040,28,0.999294
2050,30,0.999297
2060,29,0.999300
2070,32,0.999303
2080,36,0.999306
2090,19,0.999308
2100,20,0.999310
2110,24,0.999313
2120,22,0.999315
2130,24,0.999317
2140,27,0.999320
2150,21,0.999322
2160,19,0.999324
2170,28,0.999327
2180,34,0.999330
2190,75,0.999338
2200,24,0.999340
2210,22,0.999342
2220,26,0.999345
2230,18,0.999347
2240,35,0.999350
2250,31,0.999353
2260,29,0.999356
2270,53,0.999361
2280,46,0.999366
2290,28,0.999369
2300,46,0.999373
2310,24,0.999376
2320,16,0.999377
2330,20,0.999379
2340,17,0.999381
2350,19,0.999383
2360,20,0.999385
2370,28,0.999388
2380,24,0.999390
2390,25,0.999393
2400,28,0.999395
2410,35,0.999399
2420,53,0.999404
2430,24,0.999407
2440,17,0.999408
2450,25,0.999411
2460,25,0.999413
2470,17,0.999415
2480,24,0.999417
2490,32,0.999421
2500,24,0.999423
2510,21,0.999425
2520,21,0.999427
2530,14,0.999429
2540,17,0.999430
2550,27,0.999433
2560,22,0.999435
2570,18,0.999437
2580,13,0.999438
2590,19,0.999440
2600,10,0.999441
2610,15,0.999443
2620,15,0.999444
2630,15,0.999446
2640,21,0.999448
2650,17,0.999450
2660,15,0.999451
2670,18,0.999453
2680,12,0.999454
2690,13,0.999455
2700,13,0.999457
2710,15,0.999458
2720,8,0.999459
2730,14,0.999460
2740,14,0.999462
2750,16,0.999463
2760,25,0.999466
2770,17,0.999468
2780,11,0.999469
2790,16,0.999470
2800,13,0.999472
2810,27,0.999474
2820,18,0.999476
2830,21,0.999478
2840,29,0.999481
2850,18,0.999483
2860,14,0.999484
2870,15,0.999486
2880,23,0.999488
2890,13,0.999489
2900,23,0.999492
2910,20,0.999494
2920,19,0.999496
2930,17,0.999497
2940,19,0.999499
2950,17,0.999501
2960,22,0.999503
2970,26,0.999506
2980,10,0.999507
2990,22,0.999509
3000,27,0.999512
3010,16,0.999513
3020,21,0.999515
3030,20,0.999517
3040,33,0.999521
3050,30,0.999524
3060,33,0.999527
3070,32,0.999530
3080,33,0.999533
3090,26,0.999536
3100,22,0.999538
3110,25,0.999541
3120,32,0.999544
3130,19,0.999546
3140,22,0.999548
3150,26,0.999551
3160,14,0.999552
3170,20,0.999554
3180,22,0.999556
3190,31,0.999559
3200,25,0.999562
3210,15,0.999563
3220,23,0.999566
3230,15,0.999567
3240,15,0.999569
3250,30,0.999572
3260,22,0.999574
3270,17,0.999575
3280,19,0.999577
3290,19,0.999579
3300,25,0.999582
3310,11,0.999583
3320,27,0.999586
3330,23,0.999588
3340,24,0.999590
3350,23,0.999593
3360,26,0.999595
3370,25,0.999598
3380,20,0.999600
3390,21,0.999602
3400,14,0.999603
3410,20,0.999605
3420,7,0.999606
3430,22,0.999608
3440,20,0.999610
3450,24,0.999613
3460,22,0.999615
3470,17,0.999616
3480,23,0.999619
3490,29,0.999622
3500,23,0.999624
3510,31,0.999627
3520,25,0.999629
3530,23,0.999632
3540,20,0.999634
3550,19,0.999636
3560,24,0.999638
3570,19,0.999640
3580,30,0.999643
3590,28,0.999646
3600,20,0.999648
3610,32,0.999651
3620,18,0.999653
3630,24,0.999655
3640,23,0.999658
3650,26,0.999660
3660,17,0.999662
3670,23,0.999664
3680,26,0.999667
3690,15,0.999668
3700,22,0.999670
3710,24,0.999673
3720,17,0.999674
3730,21,0.999677
3740,22,0.999679
3750,22,0.999681
3760,17,0.999683
3770,16,0.999684
3780,17,0.999686
3790,19,0.999688
3800,12,0.999689
3810,16,0.999691
3820,15,0.999692
3830,22,0.999694
3840,18,0.999696
3850,11,0.999697
3860,10,0.999698
3870,17,0.999700
3880,11,0.999701
3890,14,0.999703
3900,14,0.999704
3910,15,0.999705
3920,27,0.999708
3930,8,0.999709
3940,14,0.999710
3950,14,0.999712
3960,12,0.999713
3970,18,0.999715
3980,22,0.999717
3990,16,0.999718
4000,8,0.999719
4010,14,0.999721
4020,17,0.999722
4030,16,0.999724
4040,15,0.999726
4050,10,0.999726
4060,10,0.999727
4070,21,0.999730
4080,17,0.999731
4090,12,0.999732
4100,13,0.999734
4110,18,0.999736
4120,14,0.999737
4130,13,0.999738
4140,8,0.999739
4150,16,0.999741
4160,8,0.999741
4170,8,0.999742
4180,15,0.999744
4190,9,0.999745
4200,16,0.999746
4210,13,0.999748
4220,10,0.999749
4230,10,0.999750
4240,11,0.999751
4250,11,0.999752
4260,16,0.999753
4270,12,0.999755
4280,6,0.999755
4290,8,0.999756
4300,5,0.999757
4310,8,0.999757
4320,9,0.999758
4330,12,0.999759
4340,7,0.999760
4350,5,0.999761
4360,8,0.999761
4370,15,0.999763
4380,13,0.999764
4390,6,0.999765
4400,6,0.999765
4410,10,0.999766
4420,14,0.999768
4430,11,0.999769
4440,7,0.999770
4450,4,0.999770
4460,5,0.999771
4470,12,0.999772
4480,10,0.999773
4490,6,0.999773
4500,7,0.999774
4510,12,0.999775
4520,21,0.999777
4530,7,0.999778
4540,17,0.999780
4550,25,0.999782
4560,16,0.999784
4570,15,0.999785
4580,15,0.999787
4590,15,0.999788
4600,29,0.999791
4610,35,0.999795
4620,15,0.999796
4630,13,0.999798
4640,17,0.999799
4650,13,0.999801
4660,17,0.999802
4670,12,0.999803
4680,15,0.999805
4690,15,0.999806
4700,8,0.999807
4710,21,0.999809
4720,17,0.999811
4730,14,0.999812
4740,17,0.999814
4750,25,0.999817
4760,13,0.999818
4770,26,0.999820
4780,20,0.999822
4790,18,0.999824
4800,24,0.999827
4810,18,0.999829
4820,25,0.999831
4830,31,0.999834
4840,21,0.999836
4850,33,0.999839
4860,23,0.999842
4870,13,0.999843
4880,38,0.999847
4890,28,0.999850
4900,26,0.999852
4910,30,0.999855
4920,28,0.999858
4930,30,0.999861
4940,29,0.999864
4950,39,0.999868
4960,33,0.999871
4970,38,0.999875
4980,30,0.999878
4990,22,0.999880
5000,30,0.999883
5010,29,0.999886
5020,26,0.999889
5030,24,0.999891
5040,27,0.999894
5050,12,0.999895
5060,20,0.999897
5070,16,0.999899
5080,29,0.999901
5090,21,0.999904
5100,25,0.999906
5110,31,0.999909
5120,13,0.999910
5130,20,0.999913
5140,28,0.999915
5150,15,0.999917
5160,17,0.999919
5170,13,0.999920
5180,10,0.999921
5190,20,0.999923
5200,37,0.999927
5210,26,0.999929
5220,12,0.999930
5230,13,0.999932
5240,12,0.999933
5250,9,0.999934
5260,14,0.999935
5270,9,0.999936
5280,9,0.999937
5290,10,0.999938
5300,6,0.999938
5310,9,0.999939
5320,15,0.999941
5330,18,0.999943
5340,10,0.999944
5350,16,0.999945
5360,14,0.999947
5370,9,0.999948
5380,8,0.999948
5390,14,0.999950
5400,10,0.999951
5410,10,0.999952
5420,8,0.999953
5430,11,0.999954
5440,13,0.999955
5450,7,0.999956
5460,6,0.999956
5470,11,0.999957
5480,11,0.999959
5490,12,0.999960
5500,11,0.999961
5510,2,0.999961
5520,6,0.999962
5530,7,0.999962
5540,5,0.999963
5550,7,0.999964
5560,6,0.999964
5570,8,0.999965
5580,7,0.999966
5590,4,0.999966
5600,6,0.999967
5610,3,0.999967
5620,11,0.999968
5630,12,0.999969
5640,7,0.999970
5650,8,0.999971
5660,4,0.999971
5670,7,0.999972
5680,3,0.999972
5690,4,0.999973
5700,3,0.999973
5710,5,0.999973
5720,7,0.999974
5730,6,0.999975
5740,6,0.999975
5750,8,0.999976
5760,7,0.999977
5770,2,0.999977
5780,4,0.999977
5790,4,0.999978
5800,3,0.999978
5810,4,0.999978
5820,3,0.999979
5830,3,0.999979
5840,3,0.999979
5850,4,0.999980
5860,4,0.999980
5870,2,0.999980
5880,7,0.999981
5890,5,0.999982
5900,5,0.999982
5910,2,0.999982
5920,3,0.999982
5930,1,0.999983
5950,4,0.999983
5960,5,0.999983
5970,2,0.999984
5980,1,0.999984
5990,5,0.999984
6000,5,0.999985
6010,4,0.999985
6020,2,0.999985
6030,3,0.999986
6040,2,0.999986
6050,4,0.999986
6070,4,0.999987
6080,1,0.999987
6090,5,0.999987
6110,4,0.999988
6120,2,0.999988
6130,1,0.999988
6140,4,0.999988
6150,3,0.999989
6160,2,0.999989
6170,3,0.999989
6180,3,0.999990
6190,5,0.999990
6200,1,0.999990
6210,3,0.999990
6230,1,0.999991
6250,1,0.999991
6260,4,0.999991
6270,1,0.999991
6280,3,0.999991
6300,1,0.999991
6310,2,0.999992
6320,1,0.999992
6330,5,0.999992
6370,2,0.999992
6380,1,0.999993
6400,1,0.999993
6420,1,0.999993
6430,1,0.999993
6440,2,0.999993
6460,1,0.999993
6470,2,0.999993
6490,2,0.999994
6500,1,0.999994
6510,3,0.999994
6530,2,0.999994
6540,1,0.999994
6550,2,0.999995
6560,2,0.999995
6570,1,0.999995
6610,2,0.999995
6620,1,0.999995
6670,1,0.999995
6690,1,0.999995
6710,1,0.999995
6720,1,0.999996
6750,2,0.999996
6780,1,0.999996
6790,2,0.999996
6800,1,0.999996
6920,1,0.999996
6960,1,0.999996
6990,1,0.999996
7060,1,0.999996
7080,1,0.999997
7090,1,0.999997
7230,1,0.999997
7290,1,0.999997
7300,1,0.999997
7310,1,0.999997
7330,1,0.999997
7340,1,0.999997
7400,1,0.999997
7410,1,0.999997
7420,1,0.999998
7640,1,0.999998
7840,1,0.999998
7920,1,0.999998
7960,1,0.999998
8010,1,0.999998
8030,1,0.999998
8090,1,0.999998
8130,1,0.999998
8190,1,0.999999
8460,1,0.999999
8770,1,0.999999
8790,1,0.999999
8830,1,0.999999
9120,1,0.999999
9320,1,0.999999
9450,1,0.999999
9460,1,0.999999
9770,1,0.999999
9790,1,1.000000
10220,1,1.000000
10300,1,1.000000
10480,1,1.000000
10540,1,1.000000
10680,1,1.000000
