#latency,cnt,cdf
20,1015,0.000102
30,153955,0.015497
40,1600,0.015657
50,1941,0.015851
60,731158,0.088967
70,81488,0.097116
80,751622,0.172278
90,19715,0.174249
100,179191,0.192169
110,149547,0.207123
120,593013,0.266425
130,126257,0.279050
140,86971,0.287747
150,189581,0.306705
160,28286,0.309534
170,988720,0.408406
180,436261,0.452032
190,1253309,0.577363
200,390985,0.616462
210,424103,0.658872
220,307712,0.689643
230,464396,0.736083
240,401978,0.776280
250,104910,0.786771
260,251460,0.811917
270,553000,0.867217
280,182319,0.885449
290,296756,0.915125
300,103773,0.925502
310,164879,0.941990
320,231549,0.965145
330,87308,0.973876
340,140504,0.987926
350,9132,0.988839
360,6387,0.989478
370,1534,0.989631
380,10332,0.990665
390,44935,0.995158
400,24981,0.997656
410,2062,0.997863
420,2547,0.998117
430,6768,0.998794
440,240,0.998818
450,150,0.998833
460,85,0.998842
470,156,0.998857
480,6152,0.999472
490,863,0.999559
500,67,0.999565
510,31,0.999568
520,18,0.999570
530,34,0.999574
540,32,0.999577
550,18,0.999579
560,10,0.999580
570,13,0.999581
580,23,0.999583
590,21,0.999585
600,8,0.999586
610,7,0.999587
620,10,0.999588
630,9,0.999589
640,9,0.999590
650,12,0.999591
660,10,0.999592
670,13,0.999593
680,12,0.999594
690,8,0.999595
700,7,0.999596
710,5,0.999596
720,12,0.999597
730,9,0.999598
740,9,0.999599
750,11,0.999600
760,7,0.999601
770,6,0.999602
780,7,0.999602
790,7,0.999603
800,3,0.999603
810,7,0.999604
820,11,0.999605
830,6,0.999606
840,8,0.999607
850,4,0.999607
860,7,0.999608
870,2,0.999608
880,8,0.999609
890,6,0.999609
900,5,0.999610
910,5,0.999610
920,7,0.999611
930,7,0.999612
940,2,0.999612
950,7,0.999613
960,7,0.999613
970,12,0.999614
980,3,0.999615
990,14,0.999616
1000,11,0.999617
1010,10,0.999618
1020,15,0.999620
1030,14,0.999621
1040,8,0.999622
1050,12,0.999623
1060,6,0.999624
1070,9,0.999625
1080,5,0.999625
1090,11,0.999626
1100,9,0.999627
1110,10,0.999628
1120,9,0.999629
1130,15,0.999631
1140,10,0.999632
1150,9,0.999632
1160,10,0.999633
1170,7,0.999634
1180,9,0.999635
1190,10,0.999636
1200,13,0.999637
1210,11,0.999638
1220,9,0.999639
1230,8,0.999640
1240,5,0.999641
1250,10,0.999642
1260,8,0.999642
1270,11,0.999644
1280,15,0.999645
1290,10,0.999646
1300,13,0.999647
1310,10,0.999648
1320,9,0.999649
1330,12,0.999650
1340,11,0.999652
1350,10,0.999653
1360,6,0.999653
1370,11,0.999654
1380,5,0.999655
1390,4,0.999655
1400,8,0.999656
1410,9,0.999657
1420,7,0.999658
1430,4,0.999658
1440,7,0.999659
1450,11,0.999660
1460,7,0.999660
1470,4,0.999661
1480,2,0.999661
1490,5,0.999662
1500,7,0.999662
1510,5,0.999663
1520,3,0.999663
1530,3,0.999663
1540,6,0.999664
1550,10,0.999665
1560,5,0.999665
1570,7,0.999666
1580,3,0.999667
1590,4,0.999667
1600,4,0.999667
1610,6,0.999668
1620,1,0.999668
1630,2,0.999668
1640,1,0.999668
1650,1,0.999668
1660,3,0.999669
1670,2,0.999669
1680,3,0.999669
1700,2,0.999669
1710,7,0.999670
1720,2,0.999670
1730,5,0.999671
1740,2,0.999671
1750,1,0.999671
1770,2,0.999671
1780,2,0.999672
1800,1,0.999672
1810,3,0.999672
1820,2,0.999672
1830,5,0.999673
1840,8,0.999673
1850,39,0.999677
1860,63,0.999684
1870,73,0.999691
1880,63,0.999697
1890,191,0.999716
1900,109,0.999727
1910,44,0.999732
1920,68,0.999738
1930,25,0.999741
1940,4,0.999741
1950,4,0.999742
1960,2,0.999742
1970,3,0.999742
1980,11,0.999743
1990,5,0.999744
2000,20,0.999746
2010,34,0.999749
2020,26,0.999752
2030,70,0.999759
2040,16,0.999760
2050,3,0.999761
2060,4,0.999761
2070,1,0.999761
2080,2,0.999761
2100,1,0.999762
2120,1,0.999762
2130,2,0.999762
2140,4,0.999762
2150,7,0.999763
2160,3,0.999763
2170,5,0.999764
2180,9,0.999765
2190,5,0.999765
2200,3,0.999765
2210,2,0.999766
2220,2,0.999766
2240,2,0.999766
2250,18,0.999768
2260,19,0.999770
2270,20,0.999772
2280,35,0.999775
2290,50,0.999780
2300,26,0.999783
2310,29,0.999786
2320,31,0.999789
2330,25,0.999791
2340,4,0.999792
2350,3,0.999792
2360,13,0.999793
2370,11,0.999794
2380,10,0.999795
2390,13,0.999797
2400,32,0.999800
2410,19,0.999802
2420,14,0.999803
2430,11,0.999804
2440,12,0.999806
2450,24,0.999808
2460,7,0.999809
2470,2,0.999809
2480,2,0.999809
2490,2,0.999809
2500,3,0.999810
2510,6,0.999810
2520,9,0.999811
2530,5,0.999811
2540,1,0.999812
2550,2,0.999812
2560,4,0.999812
2570,1,0.999812
2580,1,0.999812
2610,2,0.999813
2630,2,0.999813
2640,2,0.999813
2670,1,0.999813
2680,2,0.999813
2710,2,0.999813
2720,1,0.999814
2730,1,0.999814
2740,1,0.999814
2750,2,0.999814
2760,1,0.999814
2770,1,0.999814
2780,1,0.999814
2790,5,0.999815
2800,4,0.999815
2810,8,0.999816
2820,2,0.999816
2830,7,0.999817
2840,6,0.999817
2850,4,0.999818
2860,8,0.999819
2870,8,0.999820
2880,7,0.999820
2890,4,0.999821
2900,14,0.999822
2910,10,0.999823
2920,9,0.999824
2930,6,0.999825
2940,13,0.999826
2950,11,0.999827
2960,8,0.999828
2970,15,0.999829
2980,13,0.999830
2990,8,0.999831
3000,16,0.999833
3010,25,0.999835
3020,11,0.999837
3030,21,0.999839
3040,9,0.999839
3050,10,0.999840
3060,7,0.999841
3070,19,0.999843
3080,5,0.999844
3090,19,0.999846
3100,13,0.999847
3110,13,0.999848
3120,12,0.999849
3130,8,0.999850
3140,13,0.999851
3150,15,0.999853
3160,3,0.999853
3170,8,0.999854
3180,4,0.999854
3190,2,0.999855
3200,2,0.999855
3210,7,0.999856
3220,1,0.999856
3230,1,0.999856
3240,2,0.999856
3250,1,0.999856
3260,1,0.999856
3270,1,0.999856
3280,1,0.999856
3300,1,0.999856
3310,2,0.999857
3330,1,0.999857
3360,2,0.999857
3370,3,0.999857
3390,1,0.999857
3400,1,0.999857
3410,3,0.999858
3420,3,0.999858
3440,2,0.999858
3450,3,0.999858
3500,1,0.999859
3510,1,0.999859
3540,2,0.999859
3550,1,0.999859
3600,4,0.999859
3610,1,0.999860
3620,1,0.999860
3630,1,0.999860
3640,1,0.999860
3720,2,0.999860
3740,1,0.999860
3770,1,0.999860
3780,1,0.999860
3810,2,0.999861
3830,1,0.999861
3840,1,0.999861
3860,1,0.999861
3910,1,0.999861
3920,2,0.999861
3940,1,0.999861
3980,3,0.999861
3990,1,0.999862
4010,3,0.999862
4030,1,0.999862
4060,1,0.999862
4070,1,0.999862
4150,1,0.999862
4160,1,0.999862
4180,1,0.999862
4200,1,0.999863
4210,2,0.999863
4230,1,0.999863
4250,1,0.999863
4330,2,0.999863
4340,2,0.999863
4360,1,0.999864
4390,1,0.999864
4400,1,0.999864
4410,1,0.999864
4450,1,0.999864
4490,1,0.999864
4500,2,0.999864
4520,1,0.999864
4530,2,0.999865
4540,5,0.999865
4550,1,0.999865
4560,3,0.999865
4570,2,0.999866
4580,6,0.999866
4590,17,0.999868
4600,12,0.999869
4610,6,0.999870
4620,12,0.999871
4630,11,0.999872
4640,12,0.999873
4650,33,0.999876
4660,17,0.999878
4670,10,0.999879
4680,15,0.999881
4690,14,0.999882
4700,7,0.999883
4710,12,0.999884
4720,52,0.999889
4730,43,0.999893
4740,5,0.999894
4750,20,0.999896
4760,21,0.999898
4770,9,0.999899
4780,19,0.999901
4790,25,0.999903
4800,29,0.999906
4810,20,0.999908
4820,46,0.999913
4830,67,0.999920
4840,45,0.999924
4850,30,0.999927
4860,52,0.999932
4870,70,0.999939
4880,37,0.999943
4890,45,0.999947
4900,43,0.999952
4910,39,0.999956
4920,82,0.999964
4930,33,0.999967
4940,14,0.999969
4950,55,0.999974
4960,58,0.999980
4970,25,0.999982
4980,28,0.999985
4990,2,0.999985
5000,2,0.999986
5010,6,0.999986
5020,7,0.999987
5030,19,0.999989
5040,26,0.999991
5050,7,0.999992
5060,7,0.999993
5070,12,0.999994
5080,29,0.999997
5090,11,0.999998
5100,5,0.999999
5110,1,0.999999
5120,3,0.999999
5130,1,0.999999
5140,2,0.999999
5150,2,0.999999
5220,1,1.000000
5230,1,1.000000
5280,1,1.000000
5770,1,1.000000
5950,1,1.000000
8620,1,1.000000
