#latency,cnt,cdf
0,2383260,0.250949
10,315495,0.284170
20,58131,0.290291
30,12187,0.291574
40,3322,0.291924
50,4478,0.292395
60,8984,0.293341
70,8297,0.294215
80,8599,0.295120
90,10803,0.296258
100,12985,0.297625
110,13505,0.299047
120,12440,0.300357
130,15926,0.302034
140,10908,0.303182
150,9297,0.304161
160,32463,0.307580
170,40172,0.311810
180,61685,0.318305
190,36881,0.322188
200,25444,0.324867
210,24152,0.327411
220,44406,0.332086
230,53945,0.337767
240,35413,0.341495
250,31737,0.344837
260,32248,0.348233
270,32587,0.351664
280,32756,0.355113
290,32529,0.358538
300,33369,0.362052
310,34073,0.365640
320,33974,0.369217
330,34531,0.372853
340,34442,0.376480
350,33784,0.380037
360,33277,0.383541
370,33541,0.387073
380,33671,0.390618
390,33379,0.394133
400,32903,0.397597
410,32320,0.401001
420,32836,0.404458
430,32516,0.407882
440,32182,0.411271
450,32011,0.414641
460,32113,0.418023
470,32017,0.421394
480,31841,0.424747
490,31668,0.428081
500,31633,0.431412
510,31018,0.434678
520,31092,0.437952
530,31040,0.441220
540,31054,0.444490
550,30875,0.447741
560,30613,0.450965
570,30260,0.454151
580,30314,0.457343
590,30208,0.460524
600,29970,0.463680
610,29783,0.466816
620,29881,0.469962
630,29619,0.473081
640,29339,0.476170
650,29269,0.479252
660,29042,0.482310
670,29122,0.485376
680,28921,0.488422
690,28596,0.491433
700,28778,0.494463
710,28316,0.497445
720,28415,0.500437
730,28299,0.503416
740,28033,0.506368
750,27892,0.509305
760,27773,0.512230
770,27492,0.515124
780,27646,0.518035
790,27311,0.520911
800,27128,0.523768
810,27133,0.526625
820,26556,0.529421
830,27326,0.532298
840,26356,0.535073
850,26088,0.537820
860,25997,0.540558
870,26109,0.543307
880,25785,0.546022
890,25906,0.548750
900,25693,0.551455
910,25637,0.554155
920,25302,0.556819
930,25295,0.559482
940,25087,0.562124
950,24909,0.564747
960,24831,0.567361
970,24869,0.569980
980,24560,0.572566
990,24546,0.575151
1000,24291,0.577708
1010,24222,0.580259
1020,24245,0.582812
1030,23906,0.585329
1040,23908,0.587847
1050,23450,0.590316
1060,23584,0.592799
1070,23461,0.595269
1080,23061,0.597698
1090,23172,0.600138
1100,22999,0.602559
1110,22817,0.604962
1120,22814,0.607364
1130,22428,0.609726
1140,22310,0.612075
1150,22212,0.614414
1160,22082,0.616739
1170,21937,0.619049
1180,22086,0.621374
1190,21924,0.623683
1200,21621,0.625959
1210,21712,0.628246
1220,21306,0.630489
1230,21412,0.632744
1240,21066,0.634962
1250,21124,0.637186
1260,20878,0.639385
1270,20507,0.641544
1280,20435,0.643696
1290,20378,0.645841
1300,20248,0.647973
1310,20715,0.650155
1320,20243,0.652286
1330,20175,0.654410
1340,19749,0.656490
1350,19637,0.658558
1360,19572,0.660619
1370,19414,0.662663
1380,19318,0.664697
1390,19255,0.666724
1400,19325,0.668759
1410,19126,0.670773
1420,19075,0.672782
1430,18740,0.674755
1440,18804,0.676735
1450,18464,0.678679
1460,18484,0.680625
1470,18504,0.682574
1480,18307,0.684501
1490,18006,0.686397
1500,18090,0.688302
1510,18058,0.690204
1520,17899,0.692088
1530,17847,0.693968
1540,17558,0.695816
1550,17428,0.697652
1560,17167,0.699459
1570,17346,0.701286
1580,17253,0.703102
1590,17134,0.704906
1600,16886,0.706685
1610,16748,0.708448
1620,16778,0.710215
1630,16712,0.711974
1640,16633,0.713726
1650,16472,0.715460
1660,16542,0.717202
1670,16078,0.718895
1680,16182,0.720599
1690,16066,0.722291
1700,16034,0.723979
1710,15876,0.725651
1720,15765,0.727311
1730,15727,0.728967
1740,15738,0.730624
1750,15291,0.732234
1760,15455,0.733861
1770,15319,0.735474
1780,15212,0.737076
1790,15046,0.738660
1800,15072,0.740247
1810,14913,0.741818
1820,14815,0.743378
1830,14615,0.744916
1840,14595,0.746453
1850,14580,0.747989
1860,14404,0.749505
1870,14161,0.750996
1880,14307,0.752503
1890,14273,0.754006
1900,14194,0.755500
1910,13995,0.756974
1920,13961,0.758444
1930,13844,0.759902
1940,13754,0.761350
1950,13428,0.762764
1960,13604,0.764196
1970,13479,0.765616
1980,13485,0.767036
1990,13301,0.768436
2000,13322,0.769839
2010,13224,0.771231
2020,13010,0.772601
2030,13262,0.773998
2040,12944,0.775361
2050,13079,0.776738
2060,12813,0.778087
2070,12721,0.779426
2080,12452,0.780738
2090,12636,0.782068
2100,12478,0.783382
2110,12428,0.784691
2120,12365,0.785993
2130,12244,0.787282
2140,11990,0.788544
2150,12219,0.789831
2160,11924,0.791086
2170,12073,0.792358
2180,12024,0.793624
2190,11756,0.794862
2200,11580,0.796081
2210,11652,0.797308
2220,11529,0.798522
2230,11447,0.799727
2240,11368,0.800924
2250,11332,0.802117
2260,11297,0.803307
2270,11200,0.804486
2280,11225,0.805668
2290,11140,0.806841
2300,11105,0.808011
2310,10905,0.809159
2320,10608,0.810276
2330,10882,0.811422
2340,10594,0.812537
2350,10688,0.813663
2360,10593,0.814778
2370,10422,0.815875
2380,10608,0.816992
2390,10538,0.818102
2400,10266,0.819183
2410,10365,0.820274
2420,10269,0.821356
2430,10029,0.822412
2440,10183,0.823484
2450,10033,0.824540
2460,9943,0.825587
2470,9987,0.826639
2480,9842,0.827675
2490,9726,0.828699
2500,9636,0.829714
2510,9753,0.830741
2520,9551,0.831747
2530,9757,0.832774
2540,9578,0.833783
2550,9461,0.834779
2560,9480,0.835777
2570,9375,0.836764
2580,9328,0.837746
2590,9248,0.838720
2600,8910,0.839658
2610,9052,0.840611
2620,9150,0.841575
2630,9104,0.842534
2640,8910,0.843472
2650,8882,0.844407
2660,8848,0.845339
2670,8671,0.846252
2680,8834,0.847182
2690,8566,0.848084
2700,8778,0.849008
2710,8504,0.849904
2720,8504,0.850799
2730,8465,0.851690
2740,8357,0.852570
2750,8301,0.853444
2760,8223,0.854310
2770,8225,0.855176
2780,8257,0.856046
2790,8149,0.856904
2800,7934,0.857739
2810,8055,0.858587
2820,7990,0.859429
2830,7996,0.860271
2840,7987,0.861112
2850,7859,0.861939
2860,7770,0.862757
2870,7851,0.863584
2880,7956,0.864422
2890,7625,0.865225
2900,7614,0.866026
2910,7497,0.866816
2920,7447,0.867600
2930,7458,0.868385
2940,7404,0.869165
2950,7299,0.869933
2960,7404,0.870713
2970,7411,0.871493
2980,7355,0.872268
2990,7187,0.873025
3000,7195,0.873782
3010,7079,0.874528
3020,7043,0.875269
3030,7128,0.876020
3040,7190,0.876777
3050,6910,0.877504
3060,6934,0.878235
3070,6929,0.878964
3080,6985,0.879700
3090,6921,0.880428
3100,6907,0.881156
3110,6779,0.881869
3120,6682,0.882573
3130,6602,0.883268
3140,6803,0.883985
3150,6620,0.884682
3160,6609,0.885378
3170,6340,0.886045
3180,6397,0.886719
3190,6541,0.887407
3200,6459,0.888088
3210,6353,0.888757
3220,6238,0.889413
3230,6184,0.890065
3240,6341,0.890732
3250,6133,0.891378
3260,6306,0.892042
3270,6198,0.892695
3280,6080,0.893335
3290,6072,0.893974
3300,5971,0.894603
3310,5972,0.895232
3320,5994,0.895863
3330,5893,0.896483
3340,5978,0.897113
3350,5851,0.897729
3360,5590,0.898318
3370,5595,0.898907
3380,5724,0.899509
3390,5510,0.900090
3400,5610,0.900680
3410,5645,0.901275
3420,5663,0.901871
3430,5592,0.902460
3440,5529,0.903042
3450,5521,0.903623
3460,5323,0.904184
3470,5509,0.904764
3480,5341,0.905326
3490,5479,0.905903
3500,5255,0.906457
3510,5154,0.906999
3520,5280,0.907555
3530,5207,0.908104
3540,5102,0.908641
3550,5028,0.909170
3560,5149,0.909712
3570,5051,0.910244
3580,5104,0.910782
3590,5046,0.911313
3600,5068,0.911847
3610,5023,0.912376
3620,4829,0.912884
3630,4911,0.913401
3640,4899,0.913917
3650,4956,0.914439
3660,4895,0.914954
3670,4618,0.915440
3680,4850,0.915951
3690,4778,0.916454
3700,4796,0.916959
3710,4791,0.917464
3720,4733,0.917962
3730,4701,0.918457
3740,4637,0.918945
3750,4513,0.919421
3760,4611,0.919906
3770,4455,0.920375
3780,4521,0.920851
3790,4390,0.921313
3800,4462,0.921783
3810,4305,0.922237
3820,4398,0.922700
3830,4251,0.923147
3840,4466,0.923618
3850,4233,0.924063
3860,4256,0.924511
3870,4325,0.924967
3880,4230,0.925412
3890,4228,0.925857
3900,4062,0.926285
3910,4194,0.926727
3920,4214,0.927171
3930,4035,0.927595
3940,4156,0.928033
3950,4103,0.928465
3960,3988,0.928885
3970,3996,0.929306
3980,3992,0.929726
3990,3992,0.930146
4000,3928,0.930560
4010,3828,0.930963
4020,3836,0.931367
4030,3827,0.931770
4040,3850,0.932175
4050,3860,0.932582
4060,3837,0.932986
4070,3671,0.933372
4080,3738,0.933766
4090,3643,0.934150
4100,3795,0.934549
4110,3616,0.934930
4120,3619,0.935311
4130,3576,0.935687
4140,3605,0.936067
4150,3729,0.936460
4160,3553,0.936834
4170,3621,0.937215
4180,3511,0.937585
4190,3539,0.937957
4200,3581,0.938335
4210,3424,0.938695
4220,3408,0.939054
4230,3472,0.939420
4240,3444,0.939782
4250,3361,0.940136
4260,3339,0.940488
4270,3333,0.940839
4280,3430,0.941200
4290,3363,0.941554
4300,3244,0.941895
4310,3323,0.942245
4320,3312,0.942594
4330,3246,0.942936
4340,3166,0.943269
4350,3224,0.943609
4360,3259,0.943952
4370,3210,0.944290
4380,3083,0.944615
4390,3130,0.944944
4400,3053,0.945266
4410,3015,0.945583
4420,2963,0.945895
4430,3073,0.946219
4440,2978,0.946532
4450,2980,0.946846
4460,3008,0.947163
4470,2917,0.947470
4480,2884,0.947774
4490,2907,0.948080
4500,2976,0.948393
4510,2937,0.948702
4520,2865,0.949004
4530,2860,0.949305
4540,2856,0.949606
4550,2793,0.949900
4560,2856,0.950201
4570,2835,0.950499
4580,2912,0.950806
4590,2737,0.951094
4600,2805,0.951389
4610,2736,0.951677
4620,2719,0.951964
4630,2729,0.952251
4640,2631,0.952528
4650,2648,0.952807
4660,2605,0.953081
4670,2678,0.953363
4680,2761,0.953654
4690,2577,0.953925
4700,2598,0.954199
4710,2555,0.954468
4720,2612,0.954743
4730,2615,0.955018
4740,2558,0.955288
4750,2503,0.955551
4760,2497,0.955814
4770,2506,0.956078
4780,2470,0.956338
4790,2530,0.956604
4800,2465,0.956864
4810,2485,0.957126
4820,2439,0.957383
4830,2458,0.957641
4840,2408,0.957895
4850,2316,0.958139
4860,2413,0.958393
4870,2392,0.958645
4880,2346,0.958892
4890,2379,0.959142
4900,2362,0.959391
4910,2312,0.959634
4920,2229,0.959869
4930,2328,0.960114
4940,2224,0.960348
4950,2264,0.960587
4960,2194,0.960818
4970,2296,0.961060
4980,2138,0.961285
4990,2192,0.961515
5000,2185,0.961746
5010,2204,0.961978
5020,2230,0.962212
5030,2124,0.962436
5040,2111,0.962658
5050,2080,0.962877
5060,2123,0.963101
5070,2063,0.963318
5080,2075,0.963537
5090,2108,0.963759
5100,2001,0.963969
5110,2044,0.964185
5120,2116,0.964407
5130,2031,0.964621
5140,2054,0.964837
5150,2050,0.965053
5160,1968,0.965261
5170,2067,0.965478
5180,1985,0.965687
5190,2017,0.965900
5200,1972,0.966107
5210,1998,0.966318
5220,1902,0.966518
5230,1920,0.966720
5240,1897,0.966920
5250,1868,0.967117
5260,1937,0.967321
5270,1898,0.967520
5280,1953,0.967726
5290,1828,0.967918
5300,1832,0.968111
5310,1878,0.968309
5320,1863,0.968505
5330,1927,0.968708
5340,1845,0.968902
5350,1787,0.969091
5360,1823,0.969283
5370,1838,0.969476
5380,1826,0.969668
5390,1797,0.969858
5400,1777,0.970045
5410,1655,0.970219
5420,1732,0.970401
5430,1751,0.970586
5440,1735,0.970768
5450,1736,0.970951
5460,1704,0.971131
5470,1707,0.971310
5480,1660,0.971485
5490,1654,0.971659
5500,1701,0.971838
5510,1631,0.972010
5520,1649,0.972184
5530,1584,0.972351
5540,1566,0.972516
5550,1646,0.972689
5560,1611,0.972858
5570,1642,0.973031
5580,1532,0.973193
5590,1574,0.973358
5600,1542,0.973521
5610,1546,0.973684
5620,1543,0.973846
5630,1619,0.974016
5640,1510,0.974176
5650,1586,0.974343
5660,1500,0.974500
5670,1488,0.974657
5680,1512,0.974816
5690,1453,0.974969
5700,1563,0.975134
5710,1425,0.975284
5720,1433,0.975435
5730,1439,0.975586
5740,1420,0.975736
5750,1431,0.975887
5760,1507,0.976045
5770,1479,0.976201
5780,1437,0.976352
5790,1446,0.976505
5800,1448,0.976657
5810,1391,0.976803
5820,1339,0.976945
5830,1391,0.977091
5840,1375,0.977236
5850,1307,0.977373
5860,1370,0.977518
5870,1347,0.977659
5880,1316,0.977798
5890,1353,0.977940
5900,1290,0.978076
5910,1244,0.978207
5920,1293,0.978343
5930,1281,0.978478
5940,1277,0.978613
5950,1307,0.978750
5960,1320,0.978889
5970,1213,0.979017
5980,1272,0.979151
5990,1287,0.979287
6000,1248,0.979418
6010,1240,0.979549
6020,1252,0.979680
6030,1175,0.979804
6040,1236,0.979934
6050,1147,0.980055
6060,1185,0.980180
6070,1196,0.980306
6080,1140,0.980426
6090,1237,0.980556
6100,1154,0.980678
6110,1200,0.980804
6120,1206,0.980931
6130,1116,0.981048
6140,1125,0.981167
6150,1136,0.981286
6160,1146,0.981407
6170,1170,0.981530
6180,1111,0.981647
6190,1070,0.981760
6200,1067,0.981872
6210,1096,0.981988
6220,1121,0.982106
6230,1110,0.982223
6240,1069,0.982335
6250,1119,0.982453
6260,1094,0.982568
6270,1066,0.982680
6280,1051,0.982791
6290,1046,0.982901
6300,1029,0.983010
6310,980,0.983113
6320,1064,0.983225
6330,1042,0.983335
6340,1056,0.983446
6350,1009,0.983552
6360,1013,0.983659
6370,994,0.983763
6380,1017,0.983870
6390,1028,0.983979
6400,1013,0.984085
6410,1003,0.984191
6420,922,0.984288
6430,1005,0.984394
6440,986,0.984498
6450,1024,0.984606
6460,926,0.984703
6470,954,0.984803
6480,970,0.984906
6490,925,0.985003
6500,913,0.985099
6510,934,0.985198
6520,962,0.985299
6530,909,0.985395
6540,923,0.985492
6550,895,0.985586
6560,911,0.985682
6570,920,0.985779
6580,863,0.985870
6590,858,0.985960
6600,853,0.986050
6610,933,0.986148
6620,861,0.986239
6630,846,0.986328
6640,844,0.986417
6650,854,0.986507
6660,844,0.986595
6670,843,0.986684
6680,896,0.986779
6690,856,0.986869
6700,838,0.986957
6710,816,0.987043
6720,794,0.987126
6730,804,0.987211
6740,769,0.987292
6750,790,0.987375
6760,781,0.987458
6770,853,0.987547
6780,814,0.987633
6790,784,0.987716
6800,766,0.987796
6810,787,0.987879
6820,776,0.987961
6830,753,0.988040
6840,792,0.988123
6850,753,0.988203
6860,790,0.988286
6870,730,0.988363
6880,789,0.988446
6890,751,0.988525
6900,758,0.988605
6910,714,0.988680
6920,694,0.988753
6930,754,0.988832
6940,740,0.988910
6950,743,0.988989
6960,773,0.989070
6970,671,0.989141
6980,715,0.989216
6990,704,0.989290
7000,679,0.989362
7010,671,0.989432
7020,712,0.989507
7030,738,0.989585
7040,677,0.989656
7050,687,0.989729
7060,625,0.989794
7070,673,0.989865
7080,665,0.989935
7090,668,0.990006
7100,660,0.990075
7110,694,0.990148
7120,608,0.990212
7130,667,0.990282
7140,645,0.990350
7150,588,0.990412
7160,616,0.990477
7170,615,0.990542
7180,633,0.990609
7190,554,0.990667
7200,627,0.990733
7210,604,0.990796
7220,635,0.990863
7230,598,0.990926
7240,654,0.990995
7250,639,0.991062
7260,604,0.991126
7270,613,0.991191
7280,620,0.991256
7290,603,0.991319
7300,595,0.991382
7310,558,0.991441
7320,580,0.991502
7330,560,0.991561
7340,564,0.991620
7350,584,0.991682
7360,558,0.991740
7370,561,0.991800
7380,555,0.991858
7390,530,0.991914
7400,574,0.991974
7410,572,0.992034
7420,550,0.992092
7430,540,0.992149
7440,528,0.992205
7450,524,0.992260
7460,532,0.992316
7470,537,0.992373
7480,520,0.992427
7490,532,0.992483
7500,540,0.992540
7510,562,0.992599
7520,474,0.992649
7530,484,0.992700
7540,494,0.992752
7550,507,0.992806
7560,461,0.992854
7570,519,0.992909
7580,499,0.992961
7590,487,0.993013
7600,485,0.993064
7610,478,0.993114
7620,499,0.993167
7630,475,0.993217
7640,470,0.993266
7650,470,0.993316
7660,458,0.993364
7670,465,0.993413
7680,482,0.993464
7690,475,0.993514
7700,464,0.993562
7710,486,0.993614
7720,477,0.993664
7730,431,0.993709
7740,446,0.993756
7750,411,0.993799
7760,448,0.993847
7770,459,0.993895
7780,418,0.993939
7790,417,0.993983
7800,413,0.994026
7810,424,0.994071
7820,445,0.994118
7830,455,0.994166
7840,420,0.994210
7850,412,0.994253
7860,400,0.994295
7870,439,0.994342
7880,428,0.994387
7890,452,0.994434
7900,414,0.994478
7910,385,0.994518
7920,419,0.994563
7930,388,0.994603
7940,391,0.994645
7950,401,0.994687
7960,363,0.994725
7970,424,0.994770
7980,389,0.994811
7990,382,0.994851
8000,376,0.994891
8010,370,0.994929
8020,376,0.994969
8030,377,0.995009
8040,356,0.995046
8050,366,0.995085
8060,429,0.995130
8070,352,0.995167
8080,360,0.995205
8090,337,0.995240
8100,359,0.995278
8110,369,0.995317
8120,363,0.995355
8130,338,0.995391
8140,350,0.995428
8150,319,0.995461
8160,389,0.995502
8170,333,0.995537
8180,352,0.995574
8190,341,0.995610
8200,325,0.995645
8210,334,0.995680
8220,374,0.995719
8230,313,0.995752
8240,302,0.995784
8250,302,0.995816
8260,325,0.995850
8270,292,0.995881
8280,320,0.995914
8290,311,0.995947
8300,301,0.995979
8310,283,0.996009
8320,306,0.996041
8330,326,0.996075
8340,307,0.996107
8350,289,0.996138
8360,279,0.996167
8370,320,0.996201
8380,304,0.996233
8390,264,0.996261
8400,299,0.996292
8410,278,0.996321
8420,321,0.996355
8430,289,0.996386
8440,291,0.996416
8450,271,0.996445
8460,297,0.996476
8470,279,0.996505
8480,249,0.996532
8490,297,0.996563
8500,264,0.996591
8510,272,0.996619
8520,259,0.996647
8530,266,0.996675
8540,242,0.996700
8550,257,0.996727
8560,233,0.996752
8570,256,0.996779
8580,260,0.996806
8590,239,0.996831
8600,270,0.996860
8610,233,0.996884
8620,239,0.996909
8630,257,0.996937
8640,202,0.996958
8650,215,0.996980
8660,216,0.997003
8670,224,0.997027
8680,223,0.997050
8690,197,0.997071
8700,241,0.997096
8710,216,0.997119
8720,234,0.997144
8730,211,0.997166
8740,215,0.997189
8750,213,0.997211
8760,199,0.997232
8770,219,0.997255
8780,222,0.997278
8790,194,0.997299
8800,204,0.997320
8810,206,0.997342
8820,198,0.997363
8830,196,0.997383
8840,221,0.997407
8850,175,0.997425
8860,164,0.997442
8870,184,0.997462
8880,183,0.997481
8890,176,0.997500
8900,192,0.997520
8910,168,0.997538
8920,199,0.997558
8930,199,0.997579
8940,183,0.997599
8950,173,0.997617
8960,184,0.997636
8970,185,0.997656
8980,183,0.997675
8990,156,0.997691
9000,193,0.997712
9010,156,0.997728
9020,178,0.997747
9030,163,0.997764
9040,183,0.997783
9050,167,0.997801
9060,158,0.997818
9070,154,0.997834
9080,173,0.997852
9090,177,0.997871
9100,160,0.997888
9110,176,0.997906
9120,135,0.997920
9130,155,0.997937
9140,147,0.997952
9150,135,0.997966
9160,145,0.997982
9170,153,0.997998
9180,166,0.998015
9190,157,0.998032
9200,140,0.998046
9210,138,0.998061
9220,166,0.998078
9230,133,0.998092
9240,151,0.998108
9250,157,0.998125
9260,134,0.998139
9270,158,0.998156
9280,110,0.998167
9290,149,0.998183
9300,130,0.998197
9310,152,0.998213
9320,139,0.998227
9330,123,0.998240
9340,135,0.998254
9350,122,0.998267
9360,156,0.998284
9370,133,0.998298
9380,109,0.998309
9390,119,0.998322
9400,125,0.998335
9410,135,0.998349
9420,111,0.998361
9430,119,0.998373
9440,121,0.998386
9450,118,0.998398
9460,102,0.998409
9470,104,0.998420
9480,93,0.998430
9490,114,0.998442
9500,116,0.998454
9510,130,0.998468
9520,134,0.998482
9530,115,0.998494
9540,106,0.998505
9550,105,0.998516
9560,112,0.998528
9570,133,0.998542
9580,92,0.998552
9590,108,0.998563
9600,125,0.998576
9610,119,0.998589
9620,107,0.998600
9630,103,0.998611
9640,115,0.998623
9650,83,0.998632
9660,96,0.998642
9670,100,0.998652
9680,105,0.998663
9690,100,0.998674
9700,98,0.998684
9710,104,0.998695
9720,92,0.998705
9730,94,0.998715
9740,116,0.998727
9750,117,0.998739
9760,91,0.998749
9770,94,0.998759
9780,107,0.998770
9790,111,0.998782
9800,104,0.998793
9810,94,0.998803
9820,98,0.998813
9830,98,0.998823
9840,89,0.998833
9850,94,0.998843
9860,107,0.998854
9870,76,0.998862
9880,84,0.998871
9890,87,0.998880
9900,81,0.998888
9910,81,0.998897
9920,86,0.998906
9930,76,0.998914
9940,89,0.998923
9950,83,0.998932
9960,99,0.998942
9970,86,0.998952
9980,93,0.998961
9990,72,0.998969
10000,100,0.998979
10010,69,0.998987
10020,88,0.998996
10030,88,0.999005
10040,77,0.999013
10050,63,0.999020
10060,80,0.999028
10070,77,0.999037
10080,84,0.999045
10090,72,0.999053
10100,83,0.999062
10110,78,0.999070
10120,89,0.999079
10130,75,0.999087
10140,66,0.999094
10150,83,0.999103
10160,65,0.999110
10170,71,0.999117
10180,83,0.999126
10190,64,0.999133
10200,64,0.999139
10210,86,0.999148
10220,73,0.999156
10230,68,0.999163
10240,77,0.999171
10250,59,0.999178
10260,69,0.999185
10270,81,0.999193
10280,70,0.999201
10290,67,0.999208
10300,61,0.999214
10310,67,0.999221
10320,58,0.999227
10330,57,0.999233
10340,46,0.999238
10350,66,0.999245
10360,65,0.999252
10370,69,0.999259
10380,59,0.999266
10390,67,0.999273
10400,52,0.999278
10410,64,0.999285
10420,70,0.999292
10430,66,0.999299
10440,68,0.999306
10450,59,0.999313
10460,62,0.999319
10470,57,0.999325
10480,50,0.999330
10490,57,0.999336
10500,56,0.999342
10510,60,0.999349
10520,53,0.999354
10530,58,0.999360
10540,62,0.999367
10550,48,0.999372
10560,60,0.999378
10570,52,0.999384
10580,54,0.999389
10590,61,0.999396
10600,52,0.999401
10610,47,0.999406
10620,56,0.999412
10630,75,0.999420
10640,51,0.999425
10650,57,0.999431
10660,69,0.999439
10670,53,0.999444
10680,44,0.999449
10690,45,0.999453
10700,53,0.999459
10710,64,0.999466
10720,50,0.999471
10730,47,0.999476
10740,42,0.999480
10750,38,0.999484
10760,44,0.999489
10770,51,0.999494
10780,46,0.999499
10790,50,0.999505
10800,49,0.999510
10810,53,0.999515
10820,43,0.999520
10830,54,0.999526
10840,38,0.999530
10850,44,0.999534
10860,47,0.999539
10870,36,0.999543
10880,44,0.999548
10890,43,0.999552
10900,37,0.999556
10910,32,0.999559
10920,49,0.999564
10930,63,0.999571
10940,41,0.999575
10950,45,0.999580
10960,44,0.999585
10970,42,0.999589
10980,41,0.999594
10990,39,0.999598
11000,38,0.999602
11010,27,0.999605
11020,42,0.999609
11030,33,0.999612
11040,30,0.999616
11050,36,0.999619
11060,27,0.999622
11070,42,0.999627
11080,35,0.999630
11090,45,0.999635
11100,38,0.999639
11110,37,0.999643
11120,40,0.999647
11130,38,0.999651
11140,41,0.999655
11150,33,0.999659
11160,34,0.999663
11170,42,0.999667
11180,39,0.999671
11190,36,0.999675
11200,29,0.999678
11210,28,0.999681
11220,30,0.999684
11230,30,0.999687
11240,37,0.999691
11250,27,0.999694
11260,29,0.999697
11270,47,0.999702
11280,36,0.999706
11290,32,0.999709
11300,31,0.999712
11310,31,0.999716
11320,31,0.999719
11330,32,0.999722
11340,35,0.999726
11350,27,0.999729
11360,45,0.999734
11370,30,0.999737
11380,32,0.999740
11390,27,0.999743
11400,44,0.999748
11410,28,0.999750
11420,30,0.999754
11430,30,0.999757
11440,34,0.999760
11450,37,0.999764
11460,30,0.999767
11470,35,0.999771
11480,25,0.999774
11490,41,0.999778
11500,29,0.999781
11510,30,0.999784
11520,30,0.999787
11530,33,0.999791
11540,22,0.999793
11550,36,0.999797
11560,28,0.999800
11570,31,0.999803
11580,34,0.999807
11590,21,0.999809
11600,26,0.999812
11610,23,0.999814
11620,21,0.999816
11630,25,0.999819
11640,28,0.999822
11650,32,0.999825
11660,25,0.999828
11670,30,0.999831
11680,25,0.999834
11690,19,0.999836
11700,32,0.999839
11710,31,0.999842
11720,26,0.999845
11730,20,0.999847
11740,31,0.999850
11750,19,0.999852
11760,23,0.999855
11770,30,0.999858
11780,25,0.999861
11790,24,0.999863
11800,21,0.999865
11810,23,0.999868
11820,21,0.999870
11830,23,0.999873
11840,28,0.999875
11850,25,0.999878
11860,22,0.999880
11870,21,0.999883
11880,19,0.999885
11890,17,0.999886
11900,33,0.999890
11910,22,0.999892
11920,21,0.999894
11930,23,0.999897
11940,19,0.999899
11950,17,0.999901
11960,21,0.999903
11970,23,0.999905
11980,26,0.999908
11990,21,0.999910
12000,26,0.999913
12010,18,0.999915
12020,17,0.999917
12030,16,0.999918
12040,17,0.999920
12050,20,0.999922
12060,14,0.999924
12070,20,0.999926
12080,18,0.999928
12090,19,0.999930
12100,13,0.999931
12110,17,0.999933
12120,14,0.999934
12130,32,0.999938
12140,15,0.999939
12150,21,0.999941
12160,23,0.999944
12170,19,0.999946
12180,19,0.999948
12190,27,0.999951
12200,15,0.999952
12210,21,0.999955
12220,13,0.999956
12230,17,0.999958
12240,19,0.999960
12250,20,0.999962
12260,20,0.999964
12270,10,0.999965
12280,19,0.999967
12290,17,0.999969
12300,11,0.999970
12310,20,0.999972
12320,14,0.999973
12330,18,0.999975
12340,23,0.999978
12350,18,0.999980
12360,14,0.999981
12370,17,0.999983
12380,12,0.999984
12390,15,0.999986
12400,26,0.999988
12410,16,0.999990
12420,13,0.999992
12430,11,0.999993
12440,20,0.999995
12450,17,0.999997
12460,19,0.999999
12470,20,1.000001
12480,19,1.000003
12490,21,1.000005
12500,22,1.000007
12510,15,1.000009
12520,14,1.000010
12530,13,1.000012
12540,18,1.000014
12550,26,1.000016
12560,15,1.000018
12570,13,1.000019
12580,23,1.000022
12590,26,1.000024
12600,10,1.000026
12610,19,1.000028
12620,13,1.000029
12630,19,1.000031
12640,10,1.000032
12650,19,1.000034
12660,19,1.000036
12670,14,1.000037
12680,14,1.000039
12690,11,1.000040
12700,11,1.000041
12710,15,1.000043
12720,9,1.000044
12730,19,1.000046
12740,13,1.000047
12750,23,1.000049
12760,8,1.000050
12770,15,1.000052
12780,12,1.000053
12790,11,1.000054
12800,20,1.000056
12810,12,1.000058
12820,18,1.000060
12830,8,1.000060
12840,12,1.000062
12850,9,1.000063
12860,12,1.000064
12870,10,1.000065
12880,11,1.000066
12890,14,1.000068
12900,12,1.000069
12910,17,1.000071
12920,13,1.000072
12930,14,1.000074
12940,22,1.000076
12950,13,1.000077
12960,12,1.000078
12970,15,1.000080
12980,15,1.000082
12990,7,1.000082
13000,7,1.000083
13010,10,1.000084
13020,13,1.000085
13030,10,1.000087
13040,13,1.000088
13050,11,1.000089
13060,9,1.000090
13070,16,1.000092
13080,12,1.000093
13090,13,1.000094
13100,13,1.000096
13110,8,1.000097
13120,12,1.000098
13130,13,1.000099
13140,12,1.000100
13150,12,1.000102
13160,14,1.000103
13170,15,1.000105
13180,8,1.000106
13190,12,1.000107
13200,12,1.000108
13210,15,1.000110
13220,12,1.000111
13230,15,1.000113
13240,16,1.000114
13250,16,1.000116
13260,9,1.000117
13270,12,1.000118
13280,13,1.000120
13290,11,1.000121
13300,12,1.000122
13310,9,1.000123
13320,14,1.000124
13330,8,1.000125
13340,10,1.000126
13350,9,1.000127
13360,18,1.000129
13370,13,1.000130
13380,10,1.000131
13390,7,1.000132
13400,9,1.000133
13410,7,1.000134
13420,19,1.000136
13430,6,1.000137
13440,9,1.000138
13450,8,1.000138
13460,7,1.000139
13470,13,1.000140
13480,11,1.000142
13490,13,1.000143
13500,8,1.000144
13510,9,1.000145
13520,17,1.000147
13530,4,1.000147
13540,12,1.000148
13550,10,1.000149
13560,10,1.000150
13570,3,1.000151
13580,4,1.000151
13590,11,1.000152
13600,4,1.000153
13610,10,1.000154
13620,8,1.000155
13630,5,1.000155
13640,8,1.000156
13650,8,1.000157
13660,10,1.000158
13670,10,1.000159
13680,9,1.000160
13690,14,1.000161
13700,6,1.000162
13710,4,1.000162
13720,9,1.000163
13730,8,1.000164
13740,8,1.000165
13750,4,1.000165
13760,3,1.000166
13770,7,1.000166
13780,9,1.000167
13790,6,1.000168
13800,6,1.000169
13810,7,1.000169
13820,11,1.000171
13830,4,1.000171
13840,6,1.000172
13850,6,1.000172
13860,8,1.000173
13870,9,1.000174
13880,8,1.000175
13890,7,1.000176
13900,9,1.000177
13910,9,1.000178
13920,11,1.000179
13930,6,1.000179
13940,7,1.000180
13950,9,1.000181
13960,4,1.000181
13970,5,1.000182
13980,6,1.000183
13990,9,1.000184
14000,9,1.000185
14010,9,1.000185
14020,3,1.000186
14030,4,1.000186
14040,10,1.000187
14050,5,1.000188
14060,3,1.000188
14070,4,1.000188
14080,8,1.000189
14090,8,1.000190
14100,3,1.000190
14110,9,1.000191
14120,3,1.000192
14130,7,1.000193
14140,5,1.000193
14150,5,1.000193
14160,6,1.000194
14170,6,1.000195
14180,8,1.000196
14190,8,1.000196
14200,5,1.000197
14210,5,1.000198
14220,10,1.000199
14230,7,1.000199
14240,7,1.000200
14250,13,1.000201
14260,6,1.000202
14270,6,1.000203
14280,6,1.000203
14290,6,1.000204
14300,4,1.000204
14310,4,1.000205
14320,3,1.000205
14330,6,1.000206
14340,4,1.000206
14350,3,1.000206
14360,5,1.000207
14370,10,1.000208
14380,4,1.000208
14390,6,1.000209
14400,2,1.000209
14410,3,1.000210
14420,6,1.000210
14430,5,1.000211
14440,8,1.000212
14450,3,1.000212
14460,7,1.000213
14470,3,1.000213
14480,6,1.000214
14490,3,1.000214
14500,5,1.000214
14510,3,1.000215
14520,4,1.000215
14530,3,1.000216
14540,4,1.000216
14550,6,1.000217
14570,1,1.000217
14580,8,1.000218
14590,6,1.000218
14600,6,1.000219
14610,4,1.000219
14620,7,1.000220
14630,5,1.000221
14640,5,1.000221
14650,5,1.000221
14660,2,1.000222
14670,1,1.000222
14680,4,1.000222
14690,6,1.000223
14700,1,1.000223
14710,4,1.000223
14720,5,1.000224
14730,2,1.000224
14740,1,1.000224
14750,3,1.000225
14760,3,1.000225
14770,5,1.000225
14780,5,1.000226
14790,4,1.000226
14800,5,1.000227
14810,3,1.000227
14820,8,1.000228
14830,7,1.000229
14840,2,1.000229
14850,3,1.000229
14860,5,1.000230
14870,3,1.000230
14880,5,1.000231
14890,2,1.000231
14900,2,1.000231
14910,4,1.000232
14920,3,1.000232
14930,1,1.000232
14940,3,1.000232
14950,5,1.000233
14960,2,1.000233
14970,2,1.000233
14980,3,1.000234
14990,2,1.000234
15000,3,1.000234
15010,1,1.000234
15020,5,1.000235
15030,4,1.000235
15040,2,1.000235
15050,2,1.000236
15060,3,1.000236
15070,2,1.000236
15080,1,1.000236
15090,4,1.000237
15100,4,1.000237
15110,2,1.000237
15120,4,1.000238
15130,3,1.000238
15140,1,1.000238
15150,1,1.000238
15160,1,1.000238
15170,2,1.000239
15180,2,1.000239
15190,3,1.000239
15200,1,1.000239
15210,5,1.000240
15220,1,1.000240
15230,5,1.000240
15240,2,1.000240
15250,3,1.000241
15260,6,1.000241
15270,3,1.000242
15280,1,1.000242
15290,2,1.000242
15300,5,1.000243
15310,5,1.000243
15320,4,1.000244
15330,3,1.000244
15340,3,1.000244
15350,2,1.000244
15360,1,1.000244
15370,1,1.000245
15380,3,1.000245
15390,2,1.000245
15400,1,1.000245
15410,2,1.000245
15420,3,1.000246
15430,2,1.000246
15440,2,1.000246
15450,4,1.000247
15460,1,1.000247
15470,3,1.000247
15480,1,1.000247
15490,2,1.000247
15500,3,1.000248
15510,3,1.000248
15520,1,1.000248
15530,3,1.000248
15540,1,1.000249
15550,1,1.000249
15560,2,1.000249
15570,2,1.000249
15580,3,1.000249
15590,1,1.000250
15600,3,1.000250
15610,3,1.000250
15620,3,1.000250
15630,2,1.000251
15650,3,1.000251
15660,5,1.000251
15670,1,1.000252
15680,2,1.000252
15690,3,1.000252
15700,5,1.000253
15720,1,1.000253
15730,1,1.000253
15740,3,1.000253
15750,1,1.000253
15760,2,1.000253
15770,2,1.000254
15790,1,1.000254
15800,2,1.000254
15810,2,1.000254
15820,1,1.000254
15840,2,1.000255
15850,1,1.000255
15880,3,1.000255
15890,2,1.000255
15900,3,1.000255
15910,1,1.000256
15920,2,1.000256
15930,1,1.000256
15940,1,1.000256
15950,2,1.000256
15960,2,1.000256
15970,1,1.000257
15980,3,1.000257
15990,2,1.000257
16000,1,1.000257
16030,2,1.000257
16040,1,1.000257
16050,1,1.000258
16070,1,1.000258
16080,2,1.000258
16100,1,1.000258
16120,1,1.000258
16130,1,1.000258
16140,1,1.000258
16150,1,1.000258
16170,1,1.000258
16180,2,1.000259
16190,1,1.000259
16210,1,1.000259
16230,1,1.000259
16240,2,1.000259
16250,2,1.000259
16260,1,1.000260
16270,1,1.000260
16280,3,1.000260
16290,3,1.000260
16300,3,1.000261
16340,1,1.000261
16360,1,1.000261
16370,1,1.000261
16380,1,1.000261
16390,1,1.000261
16400,1,1.000261
16430,1,1.000261
16440,1,1.000261
16480,1,1.000262
16490,2,1.000262
16510,1,1.000262
16540,1,1.000262
16590,1,1.000262
16600,1,1.000262
16620,1,1.000262
16650,3,1.000263
16660,1,1.000263
16700,1,1.000263
16740,2,1.000263
16760,1,1.000263
16770,2,1.000263
16780,2,1.000264
16860,1,1.000264
16890,1,1.000264
16900,1,1.000264
16930,1,1.000264
16940,2,1.000264
16980,1,1.000264
16990,1,1.000264
17010,1,1.000265
17080,1,1.000265
17140,1,1.000265
17160,1,1.000265
17190,1,1.000265
17220,1,1.000265
17230,1,1.000265
17250,3,1.000265
17280,1,1.000266
17290,1,1.000266
17300,1,1.000266
17310,1,1.000266
17350,1,1.000266
17380,3,1.000266
17390,1,1.000266
17420,1,1.000267
17440,1,1.000267
17470,2,1.000267
17480,2,1.000267
17490,1,1.000267
17550,1,1.000267
17560,2,1.000268
17570,1,1.000268
17630,1,1.000268
17710,1,1.000268
17760,2,1.000268
17770,1,1.000268
17810,1,1.000268
17820,1,1.000268
17870,1,1.000268
17880,1,1.000268
17970,1,1.000269
17990,1,1.000269
18010,1,1.000269
18090,1,1.000269
18130,1,1.000269
18140,1,1.000269
18150,1,1.000269
18210,1,1.000269
18250,1,1.000269
18350,1,1.000270
18360,1,1.000270
18370,1,1.000270
18500,1,1.000270
18520,1,1.000270
18530,1,1.000270
18630,1,1.000270
18690,2,1.000270
18740,1,1.000270
18750,1,1.000271
18800,1,1.000271
18880,1,1.000271
18940,2,1.000271
19030,1,1.000271
19230,1,1.000271
19760,1,1.000271
19940,1,1.000271
20090,1,1.000272
20300,1,1.000272
20310,1,1.000272
21010,1,1.000272
