#latency,cnt,cdf
0,1225827,0.129036
10,12642,0.130366
20,400,0.130408
30,32228,0.133801
40,596,0.133864
50,3564,0.134239
60,297125,0.165515
70,37658,0.169479
80,296472,0.200687
90,12952,0.202051
100,253907,0.228778
110,131216,0.242590
120,183519,0.261908
130,259150,0.289187
140,80979,0.297712
150,209596,0.319775
160,21537,0.322042
170,617291,0.387020
180,493448,0.438963
190,845455,0.527959
200,436584,0.573915
210,392637,0.615246
220,201742,0.636482
230,934018,0.734801
240,333932,0.769952
250,148956,0.785632
260,159570,0.802428
270,502068,0.855278
280,226592,0.879130
290,206322,0.900849
300,132995,0.914848
310,133004,0.928849
320,236657,0.953760
330,92998,0.963550
340,156710,0.980045
350,9512,0.981047
360,12218,0.982333
370,10002,0.983386
380,28248,0.986359
390,70355,0.993765
400,11038,0.994927
410,5635,0.995520
420,9156,0.996484
430,8352,0.997363
440,5637,0.997957
450,466,0.998006
460,348,0.998042
470,2069,0.998260
480,8211,0.999124
490,718,0.999200
500,280,0.999229
510,323,0.999263
520,142,0.999278
530,222,0.999302
540,49,0.999307
550,54,0.999313
560,128,0.999326
570,104,0.999337
580,307,0.999369
590,47,0.999374
600,22,0.999377
610,33,0.999380
620,87,0.999389
630,71,0.999397
640,25,0.999399
650,22,0.999402
660,22,0.999404
670,20,0.999406
680,30,0.999409
690,30,0.999412
700,19,0.999414
710,24,0.999417
720,18,0.999419
730,19,0.999421
740,21,0.999423
750,20,0.999425
760,29,0.999428
770,17,0.999430
780,22,0.999432
790,23,0.999435
800,33,0.999438
810,23,0.999441
820,17,0.999442
830,16,0.999444
840,11,0.999445
850,19,0.999447
860,23,0.999450
870,19,0.999452
880,18,0.999453
890,33,0.999457
900,27,0.999460
910,35,0.999463
920,24,0.999466
930,30,0.999469
940,18,0.999471
950,24,0.999474
960,38,0.999478
970,35,0.999481
980,29,0.999484
990,28,0.999487
1000,20,0.999489
1010,32,0.999493
1020,31,0.999496
1030,26,0.999499
1040,27,0.999502
1050,29,0.999505
1060,36,0.999508
1070,29,0.999511
1080,18,0.999513
1090,19,0.999515
1100,25,0.999518
1110,16,0.999520
1120,22,0.999522
1130,19,0.999524
1140,15,0.999526
1150,23,0.999528
1160,21,0.999530
1170,18,0.999532
1180,16,0.999534
1190,19,0.999536
1200,11,0.999537
1210,17,0.999539
1220,11,0.999540
1230,19,0.999542
1240,11,0.999543
1250,13,0.999544
1260,15,0.999546
1270,20,0.999548
1280,19,0.999550
1290,13,0.999551
1300,26,0.999554
1310,23,0.999557
1320,23,0.999559
1330,24,0.999562
1340,21,0.999564
1350,31,0.999567
1360,24,0.999570
1370,33,0.999573
1380,27,0.999576
1390,23,0.999578
1400,24,0.999581
1410,9,0.999582
1420,19,0.999584
1430,21,0.999586
1440,21,0.999588
1450,15,0.999590
1460,25,0.999592
1470,24,0.999595
1480,12,0.999596
1490,20,0.999598
1500,23,0.999601
1510,12,0.999602
1520,13,0.999603
1530,8,0.999604
1540,11,0.999605
1550,8,0.999606
1560,15,0.999608
1570,9,0.999609
1580,7,0.999609
1590,14,0.999611
1600,12,0.999612
1610,5,0.999613
1620,9,0.999614
1630,10,0.999615
1640,7,0.999615
1650,11,0.999617
1660,5,0.999617
1670,8,0.999618
1680,6,0.999619
1690,9,0.999620
1700,9,0.999620
1710,7,0.999621
1720,4,0.999622
1730,7,0.999622
1740,5,0.999623
1750,2,0.999623
1760,2,0.999623
1770,8,0.999624
1780,12,0.999625
1790,14,0.999627
1800,22,0.999629
1810,31,0.999633
1820,34,0.999636
1830,21,0.999638
1840,22,0.999641
1850,20,0.999643
1860,28,0.999646
1870,55,0.999651
1880,77,0.999660
1890,42,0.999664
1900,38,0.999668
1910,21,0.999670
1920,25,0.999673
1930,26,0.999676
1940,32,0.999679
1950,16,0.999681
1960,39,0.999685
1970,31,0.999688
1980,45,0.999693
1990,58,0.999699
2000,42,0.999703
2010,26,0.999706
2020,19,0.999708
2030,21,0.999710
2040,12,0.999711
2050,8,0.999712
2060,7,0.999713
2070,9,0.999714
2080,11,0.999715
2090,6,0.999716
2100,4,0.999716
2110,5,0.999717
2120,10,0.999718
2130,5,0.999718
2140,7,0.999719
2150,6,0.999720
2160,9,0.999721
2170,9,0.999722
2180,5,0.999722
2190,7,0.999723
2200,6,0.999723
2210,5,0.999724
2220,7,0.999725
2230,7,0.999725
2240,8,0.999726
2250,5,0.999727
2260,13,0.999728
2270,18,0.999730
2280,13,0.999731
2290,18,0.999733
2300,4,0.999734
2310,17,0.999736
2320,9,0.999737
2330,8,0.999737
2340,11,0.999739
2350,15,0.999740
2360,7,0.999741
2370,7,0.999742
2380,11,0.999743
2390,10,0.999744
2400,15,0.999745
2410,14,0.999747
2420,13,0.999748
2430,7,0.999749
2440,8,0.999750
2450,11,0.999751
2460,3,0.999751
2470,5,0.999752
2480,5,0.999752
2490,7,0.999753
2500,13,0.999754
2510,11,0.999756
2520,10,0.999757
2530,9,0.999758
2540,4,0.999758
2550,7,0.999759
2560,5,0.999759
2570,3,0.999760
2580,4,0.999760
2590,6,0.999761
2600,7,0.999761
2610,5,0.999762
2620,7,0.999763
2630,3,0.999763
2640,7,0.999764
2650,4,0.999764
2660,3,0.999764
2670,3,0.999765
2680,6,0.999765
2690,7,0.999766
2700,4,0.999767
2710,4,0.999767
2720,5,0.999767
2730,4,0.999768
2740,7,0.999769
2750,5,0.999769
2760,4,0.999770
2770,3,0.999770
2780,4,0.999770
2790,6,0.999771
2800,10,0.999772
2810,9,0.999773
2820,4,0.999773
2830,9,0.999774
2840,8,0.999775
2850,8,0.999776
2860,8,0.999777
2870,4,0.999777
2880,3,0.999778
2890,5,0.999778
2900,6,0.999779
2910,8,0.999780
2920,6,0.999780
2930,8,0.999781
2940,8,0.999782
2950,4,0.999782
2960,12,0.999784
2970,16,0.999785
2980,13,0.999787
2990,10,0.999788
3000,13,0.999789
3010,15,0.999791
3020,18,0.999793
3030,19,0.999795
3040,19,0.999797
3050,14,0.999798
3060,13,0.999799
3070,25,0.999802
3080,20,0.999804
3090,14,0.999806
3100,20,0.999808
3110,13,0.999809
3120,16,0.999811
3130,17,0.999813
3140,11,0.999814
3150,8,0.999815
3160,7,0.999815
3170,11,0.999816
3180,8,0.999817
3190,12,0.999819
3200,10,0.999820
3210,10,0.999821
3220,5,0.999821
3230,5,0.999822
3240,6,0.999822
3250,6,0.999823
3260,7,0.999824
3270,4,0.999824
3280,4,0.999825
3290,10,0.999826
3300,7,0.999826
3310,6,0.999827
3320,4,0.999827
3330,4,0.999828
3340,5,0.999828
3350,4,0.999829
3360,2,0.999829
3370,3,0.999829
3380,9,0.999830
3390,3,0.999831
3400,7,0.999831
3410,3,0.999832
3420,7,0.999832
3430,6,0.999833
3440,7,0.999834
3450,5,0.999834
3460,5,0.999835
3470,7,0.999835
3480,7,0.999836
3490,8,0.999837
3500,7,0.999838
3510,3,0.999838
3520,4,0.999839
3530,6,0.999839
3540,4,0.999840
3550,2,0.999840
3560,6,0.999840
3570,6,0.999841
3580,9,0.999842
3590,9,0.999843
3600,2,0.999843
3610,6,0.999844
3620,4,0.999844
3630,5,0.999845
3640,4,0.999845
3650,4,0.999846
3660,2,0.999846
3670,4,0.999846
3680,5,0.999847
3700,4,0.999847
3710,1,0.999847
3720,7,0.999848
3730,1,0.999848
3740,2,0.999848
3750,10,0.999849
3760,2,0.999850
3770,1,0.999850
3780,3,0.999850
3790,6,0.999851
3800,2,0.999851
3810,4,0.999851
3820,4,0.999852
3830,5,0.999852
3840,1,0.999852
3850,3,0.999853
3860,1,0.999853
3870,2,0.999853
3880,2,0.999853
3890,2,0.999853
3900,5,0.999854
3920,4,0.999854
3930,2,0.999855
3940,5,0.999855
3950,4,0.999855
3960,4,0.999856
3970,2,0.999856
3990,1,0.999856
4000,4,0.999857
4010,5,0.999857
4020,3,0.999857
4030,3,0.999858
4040,3,0.999858
4050,2,0.999858
4060,4,0.999859
4070,1,0.999859
4080,2,0.999859
4100,3,0.999859
4110,1,0.999859
4120,1,0.999860
4130,6,0.999860
4160,1,0.999860
4170,4,0.999861
4180,2,0.999861
4190,1,0.999861
4200,2,0.999861
4210,1,0.999861
4220,1,0.999861
4230,4,0.999862
4250,2,0.999862
4260,1,0.999862
4270,1,0.999862
4280,1,0.999862
4290,1,0.999863
4300,5,0.999863
4310,3,0.999863
4320,3,0.999864
4330,3,0.999864
4350,1,0.999864
4360,3,0.999864
4370,4,0.999865
4380,1,0.999865
4400,1,0.999865
4410,3,0.999865
4430,2,0.999866
4440,2,0.999866
4450,1,0.999866
4460,2,0.999866
4470,4,0.999867
4480,2,0.999867
4500,5,0.999867
4510,4,0.999868
4520,8,0.999869
4530,10,0.999870
4540,2,0.999870
4550,4,0.999870
4560,7,0.999871
4570,4,0.999871
4580,11,0.999873
4590,13,0.999874
4600,16,0.999876
4610,20,0.999878
4620,10,0.999879
4630,9,0.999880
4640,16,0.999881
4650,3,0.999882
4660,10,0.999883
4670,11,0.999884
4680,9,0.999885
4690,18,0.999887
4700,16,0.999888
4710,18,0.999890
4720,11,0.999891
4730,15,0.999893
4740,19,0.999895
4750,14,0.999897
4760,22,0.999899
4770,15,0.999900
4780,20,0.999903
4790,16,0.999904
4800,27,0.999907
4810,19,0.999909
4820,17,0.999911
4830,41,0.999915
4840,43,0.999920
4850,39,0.999924
4860,31,0.999927
4870,33,0.999931
4880,40,0.999935
4890,32,0.999938
4900,24,0.999941
4910,34,0.999944
4920,24,0.999947
4930,15,0.999948
4940,13,0.999950
4950,23,0.999952
4960,9,0.999953
4970,20,0.999955
4980,23,0.999958
4990,15,0.999959
5000,18,0.999961
5010,22,0.999963
5020,23,0.999966
5030,18,0.999968
5040,21,0.999970
5050,17,0.999972
5060,17,0.999973
5070,22,0.999976
5080,15,0.999977
5090,10,0.999978
5100,9,0.999979
5110,8,0.999980
5120,2,0.999980
5130,11,0.999982
5140,4,0.999982
5150,4,0.999982
5160,5,0.999983
5170,5,0.999983
5180,3,0.999984
5190,3,0.999984
5200,7,0.999985
5210,2,0.999985
5220,6,0.999986
5230,5,0.999986
5250,1,0.999986
5260,3,0.999987
5270,3,0.999987
5280,1,0.999987
5290,3,0.999987
5300,5,0.999988
5310,3,0.999988
5320,2,0.999988
5330,4,0.999989
5340,3,0.999989
5350,1,0.999989
5360,3,0.999990
5370,1,0.999990
5380,4,0.999990
5390,1,0.999990
5400,4,0.999991
5410,3,0.999991
5420,4,0.999991
5430,2,0.999992
5440,4,0.999992
5450,3,0.999992
5460,2,0.999993
5470,1,0.999993
5480,2,0.999993
5490,2,0.999993
5500,1,0.999993
5510,1,0.999993
5520,1,0.999993
5540,1,0.999994
5570,2,0.999994
5580,2,0.999994
5590,2,0.999994
5600,3,0.999994
5610,2,0.999995
5620,3,0.999995
5660,1,0.999995
5680,1,0.999995
5690,1,0.999995
5700,4,0.999996
5710,3,0.999996
5720,1,0.999996
5750,2,0.999996
5760,1,0.999996
5790,3,0.999997
5840,1,0.999997
5850,2,0.999997
5860,1,0.999997
5900,2,0.999997
5920,1,0.999997
5940,1,0.999998
5960,1,0.999998
5990,1,0.999998
6010,2,0.999998
6030,1,0.999998
6120,1,0.999998
6140,2,0.999998
6200,2,0.999999
6240,1,0.999999
6260,1,0.999999
6280,1,0.999999
6360,1,0.999999
6430,1,0.999999
6770,1,0.999999
6910,1,0.999999
7040,1,0.999999
7620,1,1.000000
7750,1,1.000000
8270,1,1.000000
8580,1,1.000000
8800,1,1.000000
