#latency,cnt,cdf
20,4249,0.000425
30,2691,0.000694
40,777,0.000772
50,57554,0.006527
60,112405,0.017768
70,115846,0.029352
80,109278,0.040280
90,65384,0.046818
100,69963,0.053815
110,157120,0.069527
120,94100,0.078937
130,74815,0.086418
140,64229,0.092841
150,61564,0.098998
160,119652,0.110963
170,136894,0.124652
180,195092,0.144161
190,133472,0.157509
200,110235,0.168532
210,108761,0.179408
220,116318,0.191040
230,111205,0.202160
240,107902,0.212951
250,117512,0.224702
260,119696,0.236671
270,117247,0.248396
280,110986,0.259495
290,108898,0.270384
300,110288,0.281413
310,111131,0.292526
320,108322,0.303359
330,106117,0.313970
340,103181,0.324288
350,99991,0.334287
360,96946,0.343982
370,95576,0.353540
380,94121,0.362952
390,92231,0.372175
400,90056,0.381180
410,87729,0.389953
420,85830,0.398536
430,84165,0.406953
440,82296,0.415183
450,79898,0.423172
460,78263,0.430999
470,76243,0.438623
480,74431,0.446066
490,72746,0.453341
500,70595,0.460400
510,68961,0.467296
520,67216,0.474018
530,66041,0.480622
540,63980,0.487020
550,62699,0.493290
560,61031,0.499393
570,59698,0.505363
580,57915,0.511154
590,56807,0.516835
600,55188,0.522354
610,54050,0.527759
620,52869,0.533046
630,51503,0.538196
640,49814,0.543177
650,48949,0.548072
660,47945,0.552867
670,46697,0.557536
680,45318,0.562068
690,43999,0.566468
700,43219,0.570790
710,42713,0.575061
720,41311,0.579192
730,40368,0.583229
740,39610,0.587190
750,38357,0.591026
760,36966,0.594723
770,36505,0.598373
780,35400,0.601913
790,34809,0.605394
800,34103,0.608804
810,33287,0.612133
820,32687,0.615402
830,32057,0.618607
840,30934,0.621701
850,30527,0.624753
860,29862,0.627740
870,29497,0.630689
880,28386,0.633528
890,27537,0.636282
900,27248,0.639006
910,26588,0.641665
920,25812,0.644246
930,25478,0.646794
940,24833,0.649278
950,24327,0.651710
960,24226,0.654133
970,23431,0.656476
980,22782,0.658754
990,22198,0.660974
1000,21956,0.663170
1010,21523,0.665322
1020,21050,0.667427
1030,20517,0.669478
1040,20080,0.671486
1050,19993,0.673486
1060,19557,0.675442
1070,19269,0.677368
1080,18669,0.679235
1090,18521,0.681087
1100,17974,0.682885
1110,17587,0.684644
1120,17352,0.686379
1130,16944,0.688073
1140,16975,0.689771
1150,16330,0.691404
1160,16442,0.693048
1170,15703,0.694618
1180,15701,0.696188
1190,15403,0.697729
1200,15021,0.699231
1210,14839,0.700715
1220,14550,0.702169
1230,14215,0.703591
1240,14131,0.705004
1250,13936,0.706398
1260,13564,0.707754
1270,13196,0.709074
1280,13238,0.710397
1290,12681,0.711666
1300,12588,0.712924
1310,12505,0.714175
1320,12167,0.715392
1330,12155,0.716607
1340,12016,0.717809
1350,11570,0.718966
1360,11581,0.720124
1370,11423,0.721266
1380,11193,0.722385
1390,10999,0.723485
1400,10725,0.724558
1410,10852,0.725643
1420,10498,0.726693
1430,10225,0.727715
1440,10295,0.728745
1450,10222,0.729767
1460,9768,0.730744
1470,9620,0.731706
1480,9575,0.732663
1490,9449,0.733608
1500,9493,0.734558
1510,9185,0.735476
1520,9093,0.736385
1530,9074,0.737293
1540,8837,0.738176
1550,8746,0.739051
1560,8582,0.739909
1570,8459,0.740755
1580,8554,0.741611
1590,8350,0.742446
1600,8150,0.743261
1610,8345,0.744095
1620,8108,0.744906
1630,8031,0.745709
1640,7880,0.746497
1650,7619,0.747259
1660,7664,0.748025
1670,7722,0.748797
1680,7501,0.749547
1690,7275,0.750275
1700,7423,0.751017
1710,7231,0.751740
1720,7264,0.752467
1730,7035,0.753170
1740,7078,0.753878
1750,6782,0.754556
1760,6901,0.755246
1770,6686,0.755915
1780,6614,0.756576
1790,6687,0.757245
1800,6283,0.757873
1810,6469,0.758520
1820,6326,0.759153
1830,6223,0.759775
1840,6160,0.760391
1850,6295,0.761021
1860,6073,0.761628
1870,6046,0.762233
1880,6140,0.762847
1890,6095,0.763456
1900,5897,0.764046
1910,5926,0.764638
1920,5748,0.765213
1930,5694,0.765783
1940,5775,0.766360
1950,5538,0.766914
1960,5534,0.767467
1970,5532,0.768021
1980,5417,0.768562
1990,5517,0.769114
2000,5453,0.769659
2010,5346,0.770194
2020,5199,0.770714
2030,5366,0.771250
2040,5129,0.771763
2050,5319,0.772295
2060,5107,0.772806
2070,5147,0.773320
2080,5048,0.773825
2090,4960,0.774321
2100,4984,0.774820
2110,4911,0.775311
2120,4837,0.775795
2130,4772,0.776272
2140,4879,0.776760
2150,4564,0.777216
2160,4662,0.777682
2170,4715,0.778154
2180,4626,0.778616
2190,4626,0.779079
2200,4636,0.779543
2210,4386,0.779981
2220,4530,0.780434
2230,4557,0.780890
2240,4593,0.781349
2250,4449,0.781794
2260,4371,0.782231
2270,4255,0.782657
2280,4398,0.783096
2290,4295,0.783526
2300,4329,0.783959
2310,4210,0.784380
2320,4270,0.784807
2330,4138,0.785221
2340,4085,0.785629
2350,4129,0.786042
2360,4087,0.786451
2370,4243,0.786875
2380,4126,0.787288
2390,4042,0.787692
2400,3994,0.788091
2410,4064,0.788498
2420,3999,0.788898
2430,3956,0.789293
2440,3910,0.789684
2450,3874,0.790071
2460,3982,0.790470
2470,3814,0.790851
2480,3859,0.791237
2490,3765,0.791614
2500,3751,0.791989
2510,3677,0.792356
2520,3740,0.792730
2530,3718,0.793102
2540,3734,0.793476
2550,3657,0.793841
2560,3663,0.794208
2570,3738,0.794581
2580,3714,0.794953
2590,3554,0.795308
2600,3556,0.795664
2610,3546,0.796018
2620,3680,0.796386
2630,3472,0.796733
2640,3436,0.797077
2650,3531,0.797430
2660,3467,0.797777
2670,3494,0.798126
2680,3508,0.798477
2690,3434,0.798820
2700,3451,0.799166
2710,3414,0.799507
2720,3374,0.799844
2730,3307,0.800175
2740,3356,0.800511
2750,3327,0.800843
2760,3311,0.801175
2770,3233,0.801498
2780,3298,0.801828
2790,3245,0.802152
2800,3171,0.802469
2810,3184,0.802788
2820,3336,0.803121
2830,3185,0.803440
2840,3204,0.803760
2850,3207,0.804081
2860,3091,0.804390
2870,3158,0.804706
2880,3256,0.805031
2890,3140,0.805345
2900,3196,0.805665
2910,3132,0.805978
2920,3042,0.806282
2930,3243,0.806607
2940,3096,0.806916
2950,3227,0.807239
2960,3196,0.807558
2970,3038,0.807862
2980,2891,0.808151
2990,3079,0.808459
3000,2952,0.808755
3010,3081,0.809063
3020,3034,0.809366
3030,3006,0.809667
3040,3028,0.809969
3050,3044,0.810274
3060,2972,0.810571
3070,3040,0.810875
3080,3013,0.811176
3090,2988,0.811475
3100,3041,0.811779
3110,3002,0.812079
3120,3013,0.812381
3130,2957,0.812676
3140,2957,0.812972
3150,3007,0.813273
3160,2880,0.813561
3170,2903,0.813851
3180,2990,0.814150
3190,2975,0.814448
3200,2910,0.814739
3210,2890,0.815028
3220,2900,0.815318
3230,2920,0.815610
3240,2846,0.815894
3250,2900,0.816184
3260,2860,0.816470
3270,2901,0.816760
3280,2776,0.817038
3290,2902,0.817328
3300,2811,0.817609
3310,2796,0.817889
3320,2813,0.818170
3330,2824,0.818452
3340,2805,0.818733
3350,2844,0.819017
3360,2746,0.819292
3370,2812,0.819573
3380,2801,0.819853
3390,2799,0.820133
3400,2921,0.820425
3410,2824,0.820708
3420,2725,0.820980
3430,2839,0.821264
3440,2833,0.821547
3450,2793,0.821827
3460,2801,0.822107
3470,2844,0.822391
3480,2891,0.822680
3490,2812,0.822962
3500,2769,0.823238
3510,2749,0.823513
3520,2795,0.823793
3530,2746,0.824067
3540,2682,0.824336
3550,2694,0.824605
3560,2660,0.824871
3570,2659,0.825137
3580,2710,0.825408
3590,2839,0.825692
3600,2724,0.825964
3610,2647,0.826229
3620,2772,0.826506
3630,2611,0.826767
3640,2793,0.827047
3650,2739,0.827320
3660,2620,0.827582
3670,2667,0.827849
3680,2676,0.828117
3690,2650,0.828382
3700,2796,0.828661
3710,2677,0.828929
3720,2653,0.829194
3730,2699,0.829464
3740,2640,0.829728
3750,2647,0.829993
3760,2668,0.830260
3770,2668,0.830526
3780,2686,0.830795
3790,2640,0.831059
3800,2664,0.831325
3810,2587,0.831584
3820,2637,0.831848
3830,2636,0.832111
3840,2718,0.832383
3850,2553,0.832639
3860,2576,0.832896
3870,2597,0.833156
3880,2610,0.833417
3890,2644,0.833681
3900,2701,0.833951
3910,2556,0.834207
3920,2694,0.834476
3930,2512,0.834728
3940,2573,0.834985
3950,2671,0.835252
3960,2643,0.835516
3970,2605,0.835777
3980,2582,0.836035
3990,2557,0.836291
4000,2514,0.836542
4010,2508,0.836793
4020,2576,0.837050
4030,2502,0.837301
4040,2554,0.837556
4050,2541,0.837810
4060,2506,0.838061
4070,2588,0.838320
4080,2609,0.838580
4090,2534,0.838834
4100,2483,0.839082
4110,2595,0.839342
4120,2528,0.839594
4130,2586,0.839853
4140,2611,0.840114
4150,2544,0.840369
4160,2529,0.840621
4170,2612,0.840883
4180,2618,0.841145
4190,2578,0.841402
4200,2610,0.841663
4210,2620,0.841925
4220,2528,0.842178
4230,2523,0.842430
4240,2600,0.842690
4250,2510,0.842941
4260,2594,0.843201
4270,2598,0.843461
4280,2505,0.843711
4290,2441,0.843955
4300,2554,0.844211
4310,2634,0.844474
4320,2555,0.844729
4330,2496,0.844979
4340,2582,0.845237
4350,2548,0.845492
4360,2508,0.845743
4370,2507,0.845994
4380,2662,0.846260
4390,2554,0.846515
4400,2640,0.846779
4410,2661,0.847045
4420,2562,0.847301
4430,2483,0.847550
4440,2587,0.847808
4450,2542,0.848063
4460,2616,0.848324
4470,2537,0.848578
4480,2618,0.848840
4490,2598,0.849100
4500,2547,0.849354
4510,2578,0.849612
4520,2542,0.849866
4530,2574,0.850124
4540,2576,0.850381
4550,2523,0.850634
4560,2551,0.850889
4570,2487,0.851137
4580,2522,0.851390
4590,2499,0.851640
4600,2565,0.851896
4610,2558,0.852152
4620,2495,0.852401
4630,2552,0.852656
4640,2576,0.852914
4650,2537,0.853168
4660,2659,0.853434
4670,2583,0.853692
4680,2595,0.853952
4690,2527,0.854204
4700,2567,0.854461
4710,2533,0.854714
4720,2531,0.854967
4730,2596,0.855227
4740,2455,0.855472
4750,2567,0.855729
4760,2641,0.855993
4770,2576,0.856251
4780,2676,0.856518
4790,2640,0.856782
4800,2525,0.857035
4810,2540,0.857289
4820,2584,0.857547
4830,2547,0.857802
4840,2586,0.858061
4850,2657,0.858326
4860,2556,0.858582
4870,2561,0.858838
4880,2658,0.859104
4890,2679,0.859372
4900,2597,0.859631
4910,2502,0.859882
4920,2638,0.860145
4930,2605,0.860406
4940,2586,0.860664
4950,2602,0.860925
4960,2643,0.861189
4970,2596,0.861449
4980,2582,0.861707
4990,2662,0.861973
5000,2629,0.862236
5010,2672,0.862503
5020,2580,0.862761
5030,2581,0.863019
5040,2624,0.863282
5050,2644,0.863546
5060,2566,0.863803
5070,2639,0.864066
5080,2638,0.864330
5090,2608,0.864591
5100,2669,0.864858
5110,2511,0.865109
5120,2560,0.865365
5130,2619,0.865627
5140,2661,0.865893
5150,2521,0.866145
5160,2627,0.866408
5170,2626,0.866670
5180,2627,0.866933
5190,2676,0.867201
5200,2727,0.867473
5210,2612,0.867735
5220,2668,0.868002
5230,2659,0.868267
5240,2690,0.868536
5250,2644,0.868801
5260,2700,0.869071
5270,2731,0.869344
5280,2652,0.869609
5290,2747,0.869884
5300,2654,0.870149
5310,2806,0.870430
5320,2847,0.870714
5330,2733,0.870988
5340,2726,0.871260
5350,2617,0.871522
5360,2668,0.871789
5370,2730,0.872062
5380,2726,0.872334
5390,2648,0.872599
5400,2798,0.872879
5410,2678,0.873147
5420,2754,0.873422
5430,2690,0.873691
5440,2771,0.873968
5450,2711,0.874240
5460,2614,0.874501
5470,2646,0.874766
5480,2803,0.875046
5490,2731,0.875319
5500,2688,0.875588
5510,2712,0.875859
5520,2748,0.876134
5530,2628,0.876396
5540,2761,0.876673
5550,2777,0.876950
5560,2748,0.877225
5570,2715,0.877497
5580,2672,0.877764
5590,2822,0.878046
5600,2721,0.878318
5610,2738,0.878592
5620,2760,0.878868
5630,2750,0.879143
5640,2763,0.879419
5650,2793,0.879699
5660,2827,0.879981
5670,2751,0.880256
5680,2873,0.880544
5690,2809,0.880825
5700,2780,0.881103
5710,2826,0.881385
5720,2881,0.881673
5730,2746,0.881948
5740,2715,0.882219
5750,2836,0.882503
5760,2821,0.882785
5770,2958,0.883081
5780,2863,0.883367
5790,2760,0.883643
5800,2787,0.883922
5810,2860,0.884208
5820,2837,0.884492
5830,2810,0.884772
5840,2822,0.885055
5850,2922,0.885347
5860,2849,0.885632
5870,2845,0.885916
5880,2936,0.886210
5890,2955,0.886505
5900,2707,0.886776
5910,2900,0.887066
5920,2822,0.887348
5930,2956,0.887644
5940,2794,0.887923
5950,2826,0.888206
5960,2869,0.888493
5970,2881,0.888781
5980,2827,0.889064
5990,2934,0.889357
6000,2867,0.889644
6010,2898,0.889934
6020,2824,0.890216
6030,2872,0.890503
6040,2958,0.890799
6050,2962,0.891095
6060,2965,0.891392
6070,2944,0.891686
6080,2943,0.891980
6090,2961,0.892276
6100,2883,0.892565
6110,3017,0.892866
6120,3045,0.893171
6130,3072,0.893478
6140,3119,0.893790
6150,2906,0.894081
6160,3002,0.894381
6170,2956,0.894676
6180,3015,0.894978
6190,3037,0.895282
6200,3015,0.895583
6210,3011,0.895884
6220,3009,0.896185
6230,3136,0.896499
6240,3061,0.896805
6250,3062,0.897111
6260,3051,0.897416
6270,3076,0.897724
6280,2996,0.898023
6290,3122,0.898336
6300,3112,0.898647
6310,3166,0.898963
6320,3191,0.899282
6330,3130,0.899595
6340,3193,0.899915
6350,3137,0.900228
6360,3146,0.900543
6370,3102,0.900853
6380,3183,0.901172
6390,3143,0.901486
6400,3149,0.901801
6410,3191,0.902120
6420,3199,0.902440
6430,3185,0.902758
6440,3255,0.903084
6450,3261,0.903410
6460,3290,0.903739
6470,3290,0.904068
6480,3203,0.904388
6490,3229,0.904711
6500,3328,0.905044
6510,3294,0.905373
6520,3206,0.905694
6530,3215,0.906015
6540,3242,0.906340
6550,3185,0.906658
6560,3268,0.906985
6570,3267,0.907311
6580,3180,0.907629
6590,3276,0.907957
6600,3172,0.908274
6610,3238,0.908598
6620,3293,0.908927
6630,3329,0.909260
6640,3216,0.909582
6650,3214,0.909903
6660,3353,0.910239
6670,3249,0.910564
6680,3297,0.910893
6690,3336,0.911227
6700,3352,0.911562
6710,3378,0.911900
6720,3372,0.912237
6730,3273,0.912564
6740,3405,0.912905
6750,3269,0.913232
6760,3327,0.913564
6770,3351,0.913899
6780,3404,0.914240
6790,3356,0.914576
6800,3433,0.914919
6810,3293,0.915248
6820,3297,0.915578
6830,3308,0.915909
6840,3369,0.916246
6850,3392,0.916585
6860,3417,0.916926
6870,3393,0.917266
6880,3296,0.917595
6890,3370,0.917932
6900,3315,0.918264
6910,3419,0.918606
6920,3354,0.918941
6930,3401,0.919281
6940,3425,0.919624
6950,3447,0.919968
6960,3440,0.920312
6970,3462,0.920659
6980,3519,0.921010
6990,3511,0.921362
7000,3426,0.921704
7010,3473,0.922051
7020,3491,0.922401
7030,3418,0.922742
7040,3560,0.923098
7050,3492,0.923448
7060,3476,0.923795
7070,3503,0.924146
7080,3480,0.924493
7090,3592,0.924853
7100,3435,0.925196
7110,3495,0.925546
7120,3436,0.925889
7130,3485,0.926238
7140,3478,0.926586
7150,3583,0.926944
7160,3512,0.927295
7170,3520,0.927647
7180,3523,0.927999
7190,3610,0.928360
7200,3571,0.928717
7210,3571,0.929075
7220,3583,0.929433
7230,3509,0.929784
7240,3584,0.930142
7250,3605,0.930503
7260,3611,0.930864
7270,3666,0.931230
7280,3521,0.931583
7290,3716,0.931954
7300,3557,0.932310
7310,3575,0.932667
7320,3562,0.933024
7330,3614,0.933385
7340,3536,0.933739
7350,3634,0.934102
7360,3563,0.934458
7370,3549,0.934813
7380,3635,0.935177
7390,3525,0.935529
7400,3585,0.935888
7410,3488,0.936236
7420,3531,0.936589
7430,3762,0.936966
7440,3670,0.937333
7450,3572,0.937690
7460,3663,0.938056
7470,3629,0.938419
7480,3506,0.938770
7490,3586,0.939128
7500,3447,0.939473
7510,3579,0.939831
7520,3679,0.940199
7530,3626,0.940561
7540,3604,0.940922
7550,3628,0.941285
7560,3695,0.941654
7570,3489,0.942003
7580,3612,0.942364
7590,3662,0.942730
7600,3613,0.943092
7610,3639,0.943456
7620,3576,0.943813
7630,3488,0.944162
7640,3638,0.944526
7650,3650,0.944891
7660,3586,0.945249
7670,3666,0.945616
7680,3595,0.945975
7690,3553,0.946331
7700,3464,0.946677
7710,3623,0.947039
7720,3609,0.947400
7730,3570,0.947757
7740,3546,0.948112
7750,3596,0.948472
7760,3406,0.948812
7770,3514,0.949164
7780,3589,0.949522
7790,3489,0.949871
7800,3483,0.950220
7810,3422,0.950562
7820,3435,0.950905
7830,3472,0.951253
7840,3491,0.951602
7850,3616,0.951963
7860,3455,0.952309
7870,3452,0.952654
7880,3457,0.953000
7890,3479,0.953348
7900,3398,0.953687
7910,3413,0.954029
7920,3391,0.954368
7930,3400,0.954708
7940,3309,0.955039
7950,3443,0.955383
7960,3401,0.955723
7970,3354,0.956059
7980,3382,0.956397
7990,3350,0.956732
8000,3312,0.957063
8010,3480,0.957411
8020,3410,0.957752
8030,3222,0.958074
8040,3327,0.958407
8050,3300,0.958737
8060,3217,0.959059
8070,3227,0.959381
8080,3243,0.959705
8090,3323,0.960038
8100,3265,0.960364
8110,3275,0.960692
8120,3283,0.961020
8130,3312,0.961351
8140,3190,0.961670
8150,3240,0.961994
8160,3200,0.962314
8170,3217,0.962636
8180,3235,0.962960
8190,3225,0.963282
8200,3074,0.963589
8210,3113,0.963901
8220,3119,0.964213
8230,3139,0.964526
8240,3097,0.964836
8250,3188,0.965155
8260,3028,0.965458
8270,3048,0.965763
8280,3048,0.966067
8290,3110,0.966378
8300,3004,0.966679
8310,3044,0.966983
8320,3055,0.967289
8330,3039,0.967593
8340,3034,0.967896
8350,2963,0.968192
8360,2995,0.968492
8370,2969,0.968789
8380,3000,0.969089
8390,2972,0.969386
8400,3017,0.969688
8410,2939,0.969981
8420,2944,0.970276
8430,2917,0.970568
8440,2900,0.970858
8450,2832,0.971141
8460,2871,0.971428
8470,2693,0.971697
8480,2750,0.971972
8490,2794,0.972252
8500,2698,0.972521
8510,2796,0.972801
8520,2740,0.973075
8530,2709,0.973346
8540,2715,0.973617
8550,2622,0.973880
8560,2641,0.974144
8570,2622,0.974406
8580,2670,0.974673
8590,2654,0.974938
8600,2587,0.975197
8610,2551,0.975452
8620,2479,0.975700
8630,2478,0.975948
8640,2485,0.976196
8650,2468,0.976443
8660,2447,0.976688
8670,2419,0.976930
8680,2418,0.977171
8690,2392,0.977411
8700,2373,0.977648
8710,2329,0.977881
8720,2289,0.978110
8730,2309,0.978341
8740,2345,0.978575
8750,2267,0.978802
8760,2290,0.979031
8770,2250,0.979256
8780,2233,0.979479
8790,2274,0.979707
8800,2164,0.979923
8810,2181,0.980141
8820,2205,0.980362
8830,2118,0.980573
8840,2199,0.980793
8850,2115,0.981005
8860,2025,0.981207
8870,2067,0.981414
8880,2102,0.981624
8890,2008,0.981825
8900,2052,0.982030
8910,1965,0.982227
8920,2005,0.982427
8930,1982,0.982625
8940,1949,0.982820
8950,1931,0.983013
8960,1993,0.983213
8970,1804,0.983393
8980,1841,0.983577
8990,1881,0.983765
9000,1858,0.983951
9010,1761,0.984127
9020,1807,0.984308
9030,1868,0.984495
9040,1726,0.984667
9050,1710,0.984838
9060,1656,0.985004
9070,1611,0.985165
9080,1612,0.985326
9090,1671,0.985493
9100,1595,0.985653
9110,1556,0.985808
9120,1627,0.985971
9130,1689,0.986140
9140,1544,0.986294
9150,1566,0.986451
9160,1575,0.986609
9170,1456,0.986754
9180,1515,0.986906
9190,1466,0.987052
9200,1437,0.987196
9210,1437,0.987340
9220,1449,0.987485
9230,1395,0.987624
9240,1407,0.987765
9250,1346,0.987899
9260,1384,0.988038
9270,1285,0.988166
9280,1281,0.988294
9290,1343,0.988429
9300,1234,0.988552
9310,1226,0.988675
9320,1172,0.988792
9330,1234,0.988915
9340,1239,0.989039
9350,1134,0.989152
9360,1173,0.989270
9370,1157,0.989385
9380,1096,0.989495
9390,1063,0.989601
9400,1152,0.989717
9410,1023,0.989819
9420,1035,0.989922
9430,1029,0.990025
9440,1011,0.990126
9450,1041,0.990231
9460,963,0.990327
9470,979,0.990425
9480,994,0.990524
9490,953,0.990619
9500,929,0.990712
9510,900,0.990802
9520,894,0.990892
9530,816,0.990973
9540,901,0.991063
9550,839,0.991147
9560,833,0.991231
9570,809,0.991311
9580,813,0.991393
9590,895,0.991482
9600,800,0.991562
9610,741,0.991636
9620,781,0.991714
9630,746,0.991789
9640,718,0.991861
9650,738,0.991935
9660,746,0.992009
9670,699,0.992079
9680,687,0.992148
9690,676,0.992216
9700,614,0.992277
9710,612,0.992338
9720,609,0.992399
9730,590,0.992458
9740,596,0.992518
9750,634,0.992581
9760,586,0.992640
9770,612,0.992701
9780,600,0.992761
9790,538,0.992815
9800,574,0.992872
9810,527,0.992925
9820,536,0.992978
9830,558,0.993034
9840,528,0.993087
9850,565,0.993143
9860,477,0.993191
9870,479,0.993239
9880,492,0.993288
9890,464,0.993335
9900,465,0.993381
9910,453,0.993426
9920,431,0.993469
9930,430,0.993513
9940,426,0.993555
9950,414,0.993596
9960,414,0.993638
9970,425,0.993680
9980,396,0.993720
9990,412,0.993761
10000,358,0.993797
10010,403,0.993837
10020,375,0.993875
10030,357,0.993910
10040,357,0.993946
10050,342,0.993980
10060,359,0.994016
10070,338,0.994050
10080,319,0.994082
10090,328,0.994115
10100,341,0.994149
10110,311,0.994180
10120,299,0.994210
10130,327,0.994243
10140,300,0.994273
10150,309,0.994304
10160,291,0.994333
10170,292,0.994362
10180,312,0.994393
10190,276,0.994421
10200,253,0.994446
10210,267,0.994473
10220,278,0.994500
10230,267,0.994527
10240,257,0.994553
10250,243,0.994577
10260,252,0.994602
10270,266,0.994629
10280,252,0.994654
10290,245,0.994679
10300,260,0.994705
10310,242,0.994729
10320,219,0.994751
10330,225,0.994773
10340,202,0.994793
10350,227,0.994816
10360,206,0.994837
10370,207,0.994857
10380,209,0.994878
10390,194,0.994898
10400,193,0.994917
10410,205,0.994937
10420,181,0.994956
10430,180,0.994974
10440,185,0.994992
10450,178,0.995010
10460,168,0.995027
10470,185,0.995045
10480,174,0.995063
10490,177,0.995080
10500,175,0.995098
10510,158,0.995114
10520,157,0.995129
10530,185,0.995148
10540,167,0.995165
10550,160,0.995180
10560,166,0.995197
10570,155,0.995213
10580,137,0.995226
10590,164,0.995243
10600,137,0.995256
10610,166,0.995273
10620,143,0.995287
10630,135,0.995301
10640,135,0.995314
10650,138,0.995328
10660,149,0.995343
10670,140,0.995357
10680,128,0.995370
10690,119,0.995382
10700,132,0.995395
10710,120,0.995407
10720,130,0.995420
10730,117,0.995432
10740,138,0.995445
10750,119,0.995457
10760,107,0.995468
10770,132,0.995481
10780,135,0.995495
10790,111,0.995506
10800,126,0.995518
10810,116,0.995530
10820,119,0.995542
10830,125,0.995554
10840,107,0.995565
10850,96,0.995575
10860,91,0.995584
10870,101,0.995594
10880,108,0.995605
10890,117,0.995616
10900,105,0.995627
10910,123,0.995639
10920,115,0.995651
10930,105,0.995661
10940,111,0.995672
10950,139,0.995686
10960,119,0.995698
10970,90,0.995707
10980,102,0.995717
10990,107,0.995728
11000,98,0.995738
11010,113,0.995749
11020,114,0.995761
11030,88,0.995769
11040,114,0.995781
11050,93,0.995790
11060,100,0.995800
11070,91,0.995809
11080,92,0.995818
11090,94,0.995828
11100,103,0.995838
11110,99,0.995848
11120,108,0.995859
11130,100,0.995869
11140,91,0.995878
11150,75,0.995885
11160,93,0.995895
11170,108,0.995905
11180,80,0.995913
11190,95,0.995923
11200,96,0.995933
11210,91,0.995942
11220,92,0.995951
11230,89,0.995960
11240,105,0.995970
11250,91,0.995979
11260,91,0.995988
11270,95,0.995998
11280,98,0.996008
11290,96,0.996017
11300,79,0.996025
11310,96,0.996035
11320,110,0.996046
11330,86,0.996054
11340,88,0.996063
11350,80,0.996071
11360,75,0.996079
11370,88,0.996087
11380,78,0.996095
11390,96,0.996105
11400,92,0.996114
11410,83,0.996122
11420,86,0.996131
11430,67,0.996138
11440,89,0.996147
11450,82,0.996155
11460,89,0.996164
11470,104,0.996174
11480,83,0.996182
11490,84,0.996191
11500,85,0.996199
11510,97,0.996209
11520,93,0.996218
11530,78,0.996226
11540,80,0.996234
11550,99,0.996244
11560,91,0.996253
11570,88,0.996262
11580,71,0.996269
11590,87,0.996278
11600,102,0.996288
11610,85,0.996296
11620,89,0.996305
11630,89,0.996314
11640,106,0.996325
11650,58,0.996331
11660,88,0.996339
11670,87,0.996348
11680,87,0.996357
11690,59,0.996363
11700,86,0.996371
11710,88,0.996380
11720,101,0.996390
11730,89,0.996399
11740,82,0.996407
11750,63,0.996414
11760,81,0.996422
11770,89,0.996431
11780,85,0.996439
11790,104,0.996449
11800,91,0.996459
11810,86,0.996467
11820,92,0.996476
11830,85,0.996485
11840,90,0.996494
11850,74,0.996501
11860,80,0.996509
11870,74,0.996517
11880,65,0.996523
11890,90,0.996532
11900,77,0.996540
11910,87,0.996549
11920,80,0.996557
11930,80,0.996565
11940,95,0.996574
11950,90,0.996583
11960,89,0.996592
11970,74,0.996599
11980,96,0.996609
11990,85,0.996617
12000,62,0.996624
12010,77,0.996631
12020,91,0.996641
12030,79,0.996648
12040,86,0.996657
12050,85,0.996665
12060,72,0.996673
12070,92,0.996682
12080,76,0.996689
12090,71,0.996697
12100,61,0.996703
12110,70,0.996710
12120,85,0.996718
12130,81,0.996726
12140,96,0.996736
12150,81,0.996744
12160,84,0.996752
12170,81,0.996760
12180,85,0.996769
12190,78,0.996777
12200,74,0.996784
12210,83,0.996792
12220,82,0.996801
12230,80,0.996809
12240,68,0.996816
12250,77,0.996823
12260,81,0.996831
12270,74,0.996839
12280,87,0.996847
12290,91,0.996857
12300,66,0.996863
12310,69,0.996870
12320,72,0.996877
12330,82,0.996885
12340,71,0.996893
12350,83,0.996901
12360,89,0.996910
12370,77,0.996917
12380,62,0.996924
12390,83,0.996932
12400,73,0.996939
12410,68,0.996946
12420,69,0.996953
12430,58,0.996959
12440,83,0.996967
12450,69,0.996974
12460,81,0.996982
12470,59,0.996988
12480,60,0.996994
12490,52,0.996999
12500,80,0.997007
12510,75,0.997015
12520,72,0.997022
12530,52,0.997027
12540,45,0.997032
12550,77,0.997039
12560,74,0.997047
12570,75,0.997054
12580,78,0.997062
12590,74,0.997069
12600,53,0.997075
12610,64,0.997081
12620,63,0.997087
12630,78,0.997095
12640,67,0.997102
12650,80,0.997110
12660,63,0.997116
12670,81,0.997124
12680,64,0.997131
12690,65,0.997137
12700,79,0.997145
12710,54,0.997150
12720,66,0.997157
12730,57,0.997163
12740,74,0.997170
12750,52,0.997175
12760,48,0.997180
12770,85,0.997189
12780,67,0.997195
12790,63,0.997202
12800,72,0.997209
12810,77,0.997217
12820,68,0.997223
12830,80,0.997231
12840,87,0.997240
12850,91,0.997249
12860,75,0.997257
12870,81,0.997265
12880,79,0.997273
12890,73,0.997280
12900,60,0.997286
12910,79,0.997294
12920,47,0.997298
12930,72,0.997306
12940,69,0.997313
12950,53,0.997318
12960,73,0.997325
12970,71,0.997332
12980,69,0.997339
12990,58,0.997345
13000,70,0.997352
13010,75,0.997360
13020,83,0.997368
13030,65,0.997374
13040,55,0.997380
13050,66,0.997386
13060,56,0.997392
13070,63,0.997398
13080,55,0.997404
13090,71,0.997411
13100,69,0.997418
13110,70,0.997425
13120,67,0.997432
13130,73,0.997439
13140,44,0.997443
13150,69,0.997450
13160,73,0.997457
13170,73,0.997465
13180,56,0.997470
13190,70,0.997477
13200,77,0.997485
13210,66,0.997492
13220,67,0.997498
13230,75,0.997506
13240,60,0.997512
13250,56,0.997517
13260,74,0.997525
13270,66,0.997531
13280,64,0.997538
13290,77,0.997545
13300,64,0.997552
13310,54,0.997557
13320,65,0.997564
13330,71,0.997571
13340,61,0.997577
13350,65,0.997584
13360,70,0.997590
13370,63,0.997597
13380,74,0.997604
13390,78,0.997612
13400,48,0.997617
13410,65,0.997623
13420,73,0.997631
13430,53,0.997636
13440,57,0.997642
13450,81,0.997650
13460,57,0.997655
13470,64,0.997662
13480,73,0.997669
13490,62,0.997675
13500,57,0.997681
13510,70,0.997688
13520,52,0.997693
13530,75,0.997701
13540,59,0.997707
13550,71,0.997714
13560,51,0.997719
13570,66,0.997725
13580,55,0.997731
13590,63,0.997737
13600,69,0.997744
13610,67,0.997751
13620,58,0.997757
13630,75,0.997764
13640,56,0.997770
13650,62,0.997776
13660,72,0.997783
13670,55,0.997789
13680,62,0.997795
13690,67,0.997801
13700,68,0.997808
13710,54,0.997814
13720,59,0.997820
13730,62,0.997826
13740,57,0.997832
13750,69,0.997838
13760,69,0.997845
13770,63,0.997852
13780,59,0.997858
13790,63,0.997864
13800,52,0.997869
13810,54,0.997874
13820,75,0.997882
13830,67,0.997889
13840,60,0.997895
13850,61,0.997901
13860,63,0.997907
13870,57,0.997913
13880,56,0.997918
13890,58,0.997924
13900,66,0.997931
13910,63,0.997937
13920,73,0.997944
13930,66,0.997951
13940,62,0.997957
13950,65,0.997964
13960,46,0.997968
13970,65,0.997975
13980,63,0.997981
13990,72,0.997988
14000,56,0.997994
14010,63,0.998000
14020,72,0.998007
14030,49,0.998012
14040,66,0.998019
14050,69,0.998026
14060,53,0.998031
14070,58,0.998037
14080,76,0.998044
14090,47,0.998049
14100,64,0.998056
14110,57,0.998061
14120,63,0.998067
14130,61,0.998074
14140,62,0.998080
14150,62,0.998086
14160,49,0.998091
14170,57,0.998097
14180,47,0.998101
14190,56,0.998107
14200,57,0.998113
14210,60,0.998119
14220,52,0.998124
14230,66,0.998130
14240,64,0.998137
14250,63,0.998143
14260,52,0.998148
14270,59,0.998154
14280,76,0.998162
14290,59,0.998168
14300,68,0.998174
14310,65,0.998181
14320,57,0.998187
14330,53,0.998192
14340,68,0.998199
14350,72,0.998206
14360,68,0.998213
14370,63,0.998219
14380,62,0.998225
14390,56,0.998231
14400,49,0.998236
14410,64,0.998242
14420,63,0.998249
14430,69,0.998255
14440,56,0.998261
14450,56,0.998267
14460,55,0.998272
14470,75,0.998280
14480,63,0.998286
14490,64,0.998292
14500,55,0.998298
14510,54,0.998303
14520,51,0.998308
14530,55,0.998314
14540,70,0.998321
14550,54,0.998326
14560,56,0.998332
14570,69,0.998339
14580,66,0.998345
14590,57,0.998351
14600,52,0.998356
14610,50,0.998361
14620,60,0.998367
14630,69,0.998374
14640,59,0.998380
14650,74,0.998387
14660,47,0.998392
14670,48,0.998397
14680,58,0.998403
14690,54,0.998408
14700,60,0.998414
14710,58,0.998420
14720,52,0.998425
14730,57,0.998431
14740,64,0.998437
14750,64,0.998444
14760,72,0.998451
14770,64,0.998457
14780,54,0.998463
14790,51,0.998468
14800,51,0.998473
14810,65,0.998479
14820,63,0.998486
14830,69,0.998492
14840,49,0.998497
14850,44,0.998502
14860,61,0.998508
14870,51,0.998513
14880,72,0.998520
14890,55,0.998526
14900,56,0.998531
14910,55,0.998537
14920,48,0.998542
14930,66,0.998548
14940,44,0.998553
14950,44,0.998557
14960,53,0.998562
14970,65,0.998569
14980,61,0.998575
14990,64,0.998581
15000,61,0.998587
15010,46,0.998592
15020,72,0.998599
15030,59,0.998605
15040,65,0.998612
15050,74,0.998619
15060,49,0.998624
15070,45,0.998628
15080,44,0.998633
15090,59,0.998639
15100,52,0.998644
15110,58,0.998650
15120,43,0.998654
15130,56,0.998660
15140,56,0.998665
15150,50,0.998670
15160,32,0.998673
15170,50,0.998678
15180,51,0.998684
15190,53,0.998689
15200,51,0.998694
15210,49,0.998699
15220,61,0.998705
15230,51,0.998710
15240,52,0.998715
15250,57,0.998721
15260,55,0.998726
15270,43,0.998731
15280,54,0.998736
15290,62,0.998742
15300,65,0.998749
15310,43,0.998753
15320,50,0.998758
15330,52,0.998763
15340,59,0.998769
15350,62,0.998775
15360,50,0.998780
15370,41,0.998784
15380,62,0.998791
15390,63,0.998797
15400,64,0.998803
15410,46,0.998808
15420,56,0.998814
15430,57,0.998819
15440,51,0.998824
15450,68,0.998831
15460,54,0.998837
15470,47,0.998841
15480,43,0.998846
15490,38,0.998849
15500,52,0.998855
15510,57,0.998860
15520,42,0.998864
15530,51,0.998870
15540,60,0.998876
15550,49,0.998881
15560,52,0.998886
15570,54,0.998891
15580,55,0.998897
15590,51,0.998902
15600,39,0.998906
15610,53,0.998911
15620,49,0.998916
15630,54,0.998921
15640,53,0.998927
15650,59,0.998932
15660,53,0.998938
15670,50,0.998943
15680,52,0.998948
15690,46,0.998953
15700,48,0.998957
15710,55,0.998963
15720,54,0.998968
15730,44,0.998973
15740,43,0.998977
15750,58,0.998983
15760,48,0.998987
15770,59,0.998993
15780,68,0.999000
15790,67,0.999007
15800,46,0.999012
15810,40,0.999016
15820,43,0.999020
15830,54,0.999025
15840,54,0.999031
15850,43,0.999035
15860,53,0.999040
15870,54,0.999046
15880,47,0.999050
15890,50,0.999055
15900,45,0.999060
15910,40,0.999064
15920,51,0.999069
15930,56,0.999075
15940,54,0.999080
15950,57,0.999086
15960,45,0.999090
15970,53,0.999095
15980,57,0.999101
15990,48,0.999106
16000,43,0.999110
16010,46,0.999115
16020,50,0.999120
16030,31,0.999123
16040,44,0.999127
16050,64,0.999134
16060,46,0.999138
16070,48,0.999143
16080,46,0.999148
16090,46,0.999152
16100,51,0.999157
16110,47,0.999162
16120,43,0.999166
16130,34,0.999170
16140,50,0.999175
16150,46,0.999179
16160,36,0.999183
16170,42,0.999187
16180,40,0.999191
16190,51,0.999196
16200,41,0.999200
16210,43,0.999205
16220,46,0.999209
16230,54,0.999215
16240,35,0.999218
16250,35,0.999222
16260,48,0.999227
16270,51,0.999232
16280,49,0.999237
16290,39,0.999240
16300,37,0.999244
16310,48,0.999249
16320,48,0.999254
16330,50,0.999259
16340,48,0.999264
16350,44,0.999268
16360,41,0.999272
16370,50,0.999277
16380,43,0.999281
16390,54,0.999287
16400,52,0.999292
16410,45,0.999296
16420,44,0.999301
16430,37,0.999304
16440,48,0.999309
16450,49,0.999314
16460,36,0.999318
16470,37,0.999322
16480,44,0.999326
16490,39,0.999330
16500,32,0.999333
16510,49,0.999338
16520,46,0.999343
16530,55,0.999348
16540,41,0.999352
16550,38,0.999356
16560,40,0.999360
16570,52,0.999365
16580,30,0.999368
16590,40,0.999372
16600,45,0.999377
16610,48,0.999381
16620,37,0.999385
16630,38,0.999389
16640,41,0.999393
16650,29,0.999396
16660,38,0.999400
16670,43,0.999404
16680,48,0.999409
16690,46,0.999413
16700,42,0.999418
16710,35,0.999421
16720,35,0.999425
16730,43,0.999429
16740,33,0.999432
16750,49,0.999437
16760,41,0.999441
16770,49,0.999446
16780,46,0.999451
16790,47,0.999455
16800,37,0.999459
16810,43,0.999463
16820,40,0.999467
16830,38,0.999471
16840,41,0.999475
16850,47,0.999480
16860,37,0.999484
16870,34,0.999487
16880,30,0.999490
16890,35,0.999494
16900,46,0.999498
16910,50,0.999503
16920,28,0.999506
16930,36,0.999510
16940,42,0.999514
16950,33,0.999517
16960,29,0.999520
16970,35,0.999524
16980,32,0.999527
16990,44,0.999531
17000,40,0.999535
17010,33,0.999538
17020,46,0.999543
17030,38,0.999547
17040,32,0.999550
17050,26,0.999553
17060,27,0.999555
17070,26,0.999558
17080,39,0.999562
17090,36,0.999565
17100,33,0.999569
17110,38,0.999573
17120,22,0.999575
17130,31,0.999578
17140,30,0.999581
17150,41,0.999585
17160,35,0.999588
17170,32,0.999592
17180,32,0.999595
17190,28,0.999598
17200,33,0.999601
17210,28,0.999604
17220,39,0.999608
17230,36,0.999611
17240,28,0.999614
17250,37,0.999618
17260,37,0.999621
17270,28,0.999624
17280,34,0.999628
17290,23,0.999630
17300,22,0.999632
17310,32,0.999635
17320,31,0.999638
17330,26,0.999641
17340,21,0.999643
17350,24,0.999645
17360,28,0.999648
17370,29,0.999651
17380,33,0.999654
17390,37,0.999658
17400,28,0.999661
17410,26,0.999664
17420,28,0.999666
17430,34,0.999670
17440,31,0.999673
17450,24,0.999675
17460,32,0.999678
17470,38,0.999682
17480,27,0.999685
17490,24,0.999687
17500,25,0.999690
17510,23,0.999692
17520,21,0.999694
17530,27,0.999697
17540,20,0.999699
17550,27,0.999702
17560,28,0.999704
17570,42,0.999709
17580,28,0.999712
17590,26,0.999714
17600,21,0.999716
17610,24,0.999719
17620,23,0.999721
17630,26,0.999723
17640,21,0.999726
17650,23,0.999728
17660,20,0.999730
17670,20,0.999732
17680,22,0.999734
17690,13,0.999735
17700,25,0.999738
17710,25,0.999740
17720,24,0.999743
17730,29,0.999746
17740,21,0.999748
17750,19,0.999750
17760,30,0.999753
17770,24,0.999755
17780,21,0.999757
17790,21,0.999759
17800,26,0.999762
17810,17,0.999764
17820,17,0.999765
17830,22,0.999767
17840,19,0.999769
17850,24,0.999772
17860,23,0.999774
17870,18,0.999776
17880,25,0.999778
17890,17,0.999780
17900,27,0.999783
17910,21,0.999785
17920,20,0.999787
17930,17,0.999789
17940,17,0.999790
17950,23,0.999793
17960,18,0.999794
17970,23,0.999797
17980,18,0.999798
17990,20,0.999801
18000,19,0.999802
18010,17,0.999804
18020,19,0.999806
18030,17,0.999808
18040,21,0.999810
18050,15,0.999811
18060,11,0.999812
18070,20,0.999814
18080,23,0.999817
18090,21,0.999819
18100,14,0.999820
18110,16,0.999822
18120,14,0.999823
18130,18,0.999825
18140,20,0.999827
18150,17,0.999829
18160,19,0.999831
18170,16,0.999832
18180,17,0.999834
18190,17,0.999836
18200,14,0.999837
18210,20,0.999839
18220,25,0.999842
18230,23,0.999844
18240,18,0.999846
18250,18,0.999847
18260,14,0.999849
18270,19,0.999851
18280,16,0.999852
18290,14,0.999854
18300,17,0.999855
18310,21,0.999857
18320,19,0.999859
18330,18,0.999861
18340,16,0.999863
18350,13,0.999864
18360,15,0.999866
18370,7,0.999866
18380,18,0.999868
18390,11,0.999869
18400,8,0.999870
18410,11,0.999871
18420,14,0.999873
18430,12,0.999874
18440,11,0.999875
18450,10,0.999876
18460,12,0.999877
18470,11,0.999878
18480,13,0.999879
18490,9,0.999880
18500,12,0.999882
18510,18,0.999883
18520,8,0.999884
18530,12,0.999885
18540,10,0.999886
18550,10,0.999887
18560,10,0.999888
18570,14,0.999890
18580,8,0.999891
18590,12,0.999892
18600,6,0.999892
18610,13,0.999894
18620,16,0.999895
18630,6,0.999896
18640,10,0.999897
18650,10,0.999898
18660,9,0.999899
18670,5,0.999899
18680,13,0.999901
18690,9,0.999901
18700,12,0.999903
18710,11,0.999904
18720,13,0.999905
18730,10,0.999906
18740,12,0.999907
18750,7,0.999908
18760,10,0.999909
18770,12,0.999910
18780,13,0.999911
18790,12,0.999913
18800,15,0.999914
18810,6,0.999915
18820,4,0.999915
18830,10,0.999916
18840,8,0.999917
18850,8,0.999918
18860,7,0.999918
18870,11,0.999919
18880,14,0.999921
18890,7,0.999922
18900,13,0.999923
18910,5,0.999923
18920,7,0.999924
18930,7,0.999925
18940,5,0.999925
18950,3,0.999926
18960,6,0.999926
18970,9,0.999927
18980,4,0.999928
18990,7,0.999928
19000,7,0.999929
19010,6,0.999929
19020,6,0.999930
19030,6,0.999931
19040,8,0.999932
19060,5,0.999932
19070,9,0.999933
19080,11,0.999934
19090,12,0.999935
19100,7,0.999936
19110,8,0.999937
19120,4,0.999937
19130,5,0.999938
19140,7,0.999938
19150,3,0.999939
19160,13,0.999940
19170,4,0.999940
19180,7,0.999941
19190,2,0.999941
19200,5,0.999942
19210,6,0.999942
19220,3,0.999943
19230,6,0.999943
19240,6,0.999944
19250,6,0.999944
19260,5,0.999945
19270,7,0.999946
19280,7,0.999946
19300,2,0.999946
19310,3,0.999947
19320,6,0.999947
19330,5,0.999948
19340,7,0.999949
19350,4,0.999949
19360,9,0.999950
19370,4,0.999950
19380,3,0.999951
19390,4,0.999951
19400,4,0.999951
19410,2,0.999952
19420,4,0.999952
19430,3,0.999952
19440,5,0.999953
19450,5,0.999953
19460,2,0.999954
19470,7,0.999954
19480,3,0.999955
19490,3,0.999955
19500,6,0.999955
19510,6,0.999956
19520,5,0.999956
19530,5,0.999957
19540,6,0.999958
19550,5,0.999958
19560,4,0.999959
19570,8,0.999959
19580,4,0.999960
19590,3,0.999960
19600,7,0.999961
19610,6,0.999961
19620,5,0.999962
19630,4,0.999962
19640,2,0.999962
19650,4,0.999963
19660,3,0.999963
19670,2,0.999963
19680,4,0.999964
19690,2,0.999964
19700,5,0.999964
19710,7,0.999965
19720,3,0.999965
19730,3,0.999966
19740,2,0.999966
19750,8,0.999967
19760,3,0.999967
19770,3,0.999967
19780,4,0.999968
19790,2,0.999968
19800,7,0.999969
19810,2,0.999969
19820,6,0.999969
19830,3,0.999970
19840,2,0.999970
19850,2,0.999970
19860,4,0.999970
19870,1,0.999971
19880,3,0.999971
19890,1,0.999971
19900,3,0.999971
19910,3,0.999972
19920,2,0.999972
19930,2,0.999972
19940,1,0.999972
19950,2,0.999972
19960,4,0.999973
19970,1,0.999973
19980,2,0.999973
19990,3,0.999973
20000,4,0.999974
20010,4,0.999974
20020,4,0.999974
20030,2,0.999975
20040,4,0.999975
20050,3,0.999975
20060,2,0.999976
20070,1,0.999976
20080,5,0.999976
20090,1,0.999976
20100,4,0.999977
20120,2,0.999977
20130,2,0.999977
20140,4,0.999978
20150,3,0.999978
20160,3,0.999978
20170,5,0.999979
20180,5,0.999979
20190,5,0.999980
20200,3,0.999980
20210,2,0.999980
20220,2,0.999980
20230,2,0.999981
20250,3,0.999981
20260,1,0.999981
20270,6,0.999982
20280,2,0.999982
20290,3,0.999982
20300,3,0.999982
20310,2,0.999982
20320,1,0.999983
20330,3,0.999983
20340,5,0.999983
20350,2,0.999984
20360,1,0.999984
20370,2,0.999984
20390,2,0.999984
20400,1,0.999984
20410,2,0.999984
20420,5,0.999985
20430,2,0.999985
20440,2,0.999985
20450,1,0.999985
20460,1,0.999986
20470,1,0.999986
20480,1,0.999986
20490,2,0.999986
20520,3,0.999986
20530,2,0.999986
20540,1,0.999987
20550,3,0.999987
20560,3,0.999987
20570,1,0.999987
20580,1,0.999987
20590,3,0.999988
20620,1,0.999988
20630,2,0.999988
20640,1,0.999988
20650,2,0.999988
20660,1,0.999988
20670,2,0.999988
20680,1,0.999989
20720,1,0.999989
20730,2,0.999989
20740,2,0.999989
20770,1,0.999989
20780,1,0.999989
20810,1,0.999989
20830,1,0.999990
20840,1,0.999990
20870,1,0.999990
20880,1,0.999990
20890,2,0.999990
20900,1,0.999990
20920,1,0.999990
20940,2,0.999990
20950,1,0.999991
20980,1,0.999991
20990,1,0.999991
21000,1,0.999991
21010,1,0.999991
21030,3,0.999991
21040,1,0.999991
21060,1,0.999991
21080,1,0.999991
21100,1,0.999992
21150,2,0.999992
21170,2,0.999992
21180,1,0.999992
21210,2,0.999992
21220,1,0.999992
21230,1,0.999992
21240,1,0.999993
21270,1,0.999993
21370,2,0.999993
21380,1,0.999993
21420,1,0.999993
21430,1,0.999993
21440,1,0.999993
21460,1,0.999993
21470,1,0.999994
21480,1,0.999994
21490,1,0.999994
21500,2,0.999994
21510,2,0.999994
21540,1,0.999994
21550,1,0.999994
21560,1,0.999994
21570,1,0.999995
21620,1,0.999995
21640,1,0.999995
21720,1,0.999995
21730,1,0.999995
21780,2,0.999995
21790,3,0.999995
21840,1,0.999996
21860,1,0.999996
21900,1,0.999996
21920,1,0.999996
21990,2,0.999996
22030,2,0.999996
22050,1,0.999996
22060,2,0.999996
22090,2,0.999997
22120,2,0.999997
22230,1,0.999997
22240,1,0.999997
22250,2,0.999997
22320,1,0.999997
22330,1,0.999997
22390,1,0.999998
22740,1,0.999998
22810,1,0.999998
22850,1,0.999998
22960,1,0.999998
23020,1,0.999998
23040,1,0.999998
23050,1,0.999998
23140,1,0.999998
23230,1,0.999999
23280,1,0.999999
23360,1,0.999999
23590,1,0.999999
23690,1,0.999999
24330,1,0.999999
25390,1,0.999999
25470,2,0.999999
25510,1,0.999999
25540,1,1.000000
25590,1,1.000000
25770,1,1.000000
26200,1,1.000000
26370,1,1.000000
26570,1,1.000000
