#latency,cnt,cdf
0,671363,0.134333
10,3228,0.134979
20,324,0.135044
30,12318,0.137509
40,152,0.137539
50,1127,0.137765
60,133426,0.164462
70,16199,0.167703
80,128127,0.193340
90,5255,0.194392
100,142730,0.222951
110,53048,0.233565
120,90759,0.251725
130,132620,0.278261
140,51114,0.288489
150,106463,0.309791
160,11919,0.312176
170,352092,0.382626
180,256479,0.433945
190,423872,0.518758
200,224901,0.563758
210,199292,0.603635
220,112490,0.626143
230,502560,0.726700
240,180593,0.762835
250,76072,0.778057
260,81823,0.794429
270,266908,0.847834
280,116723,0.871190
290,113921,0.893984
300,76480,0.909287
310,75739,0.924442
320,130070,0.950467
330,51818,0.960836
340,84663,0.977776
350,6413,0.979059
360,7065,0.980473
370,6541,0.981782
380,15404,0.984864
390,36762,0.992220
400,5661,0.993352
410,2663,0.993885
420,2379,0.994361
430,3461,0.995054
440,2445,0.995543
450,368,0.995616
460,293,0.995675
470,775,0.995830
480,2637,0.996358
490,355,0.996429
500,375,0.996504
510,302,0.996564
520,207,0.996606
530,241,0.996654
540,122,0.996678
550,105,0.996699
560,91,0.996718
570,113,0.996740
580,325,0.996805
590,140,0.996833
600,163,0.996866
610,174,0.996901
620,130,0.996927
630,164,0.996959
640,201,0.997000
650,140,0.997028
660,121,0.997052
670,126,0.997077
680,117,0.997100
690,149,0.997130
700,134,0.997157
710,112,0.997180
720,99,0.997199
730,113,0.997222
740,87,0.997239
750,86,0.997257
760,89,0.997274
770,83,0.997291
780,68,0.997305
790,54,0.997315
800,61,0.997328
810,62,0.997340
820,81,0.997356
830,70,0.997370
840,60,0.997382
850,56,0.997393
860,83,0.997410
870,59,0.997422
880,73,0.997436
890,83,0.997453
900,91,0.997471
910,82,0.997488
920,84,0.997504
930,81,0.997521
940,78,0.997536
950,79,0.997552
960,69,0.997566
970,69,0.997580
980,79,0.997595
990,65,0.997609
1000,60,0.997621
1010,60,0.997633
1020,68,0.997646
1030,58,0.997658
1040,68,0.997671
1050,52,0.997682
1060,61,0.997694
1070,61,0.997706
1080,65,0.997719
1090,44,0.997728
1100,42,0.997736
1110,90,0.997754
1120,67,0.997768
1130,62,0.997780
1140,59,0.997792
1150,55,0.997803
1160,41,0.997811
1170,58,0.997823
1180,44,0.997832
1190,37,0.997839
1200,45,0.997848
1210,35,0.997855
1220,54,0.997866
1230,51,0.997876
1240,53,0.997887
1250,68,0.997900
1260,81,0.997916
1270,98,0.997936
1280,90,0.997954
1290,98,0.997974
1300,102,0.997994
1310,97,0.998013
1320,93,0.998032
1330,90,0.998050
1340,101,0.998070
1350,105,0.998091
1360,88,0.998109
1370,76,0.998124
1380,78,0.998140
1390,75,0.998155
1400,75,0.998170
1410,62,0.998182
1420,47,0.998192
1430,35,0.998199
1440,34,0.998205
1450,33,0.998212
1460,40,0.998220
1470,27,0.998225
1480,33,0.998232
1490,24,0.998237
1500,20,0.998241
1510,28,0.998246
1520,13,0.998249
1530,23,0.998254
1540,15,0.998257
1550,13,0.998259
1560,17,0.998263
1570,15,0.998266
1580,24,0.998270
1590,15,0.998273
1600,23,0.998278
1610,13,0.998281
1620,16,0.998284
1630,15,0.998287
1640,17,0.998290
1650,12,0.998293
1660,13,0.998295
1670,30,0.998301
1680,34,0.998308
1690,15,0.998311
1700,15,0.998314
1710,12,0.998316
1720,14,0.998319
1730,16,0.998322
1740,14,0.998325
1750,17,0.998329
1760,8,0.998330
1770,26,0.998335
1780,88,0.998353
1790,143,0.998382
1800,316,0.998445
1810,692,0.998583
1820,171,0.998618
1830,241,0.998666
1840,515,0.998769
1850,47,0.998778
1860,32,0.998785
1870,19,0.998788
1880,27,0.998794
1890,25,0.998799
1900,17,0.998802
1910,15,0.998805
1920,24,0.998810
1930,40,0.998818
1940,172,0.998852
1950,172,0.998887
1960,33,0.998893
1970,91,0.998912
1980,34,0.998919
1990,9,0.998920
2000,25,0.998925
2010,11,0.998928
2020,13,0.998930
2030,12,0.998933
2040,5,0.998933
2050,9,0.998935
2060,8,0.998937
2070,15,0.998940
2080,70,0.998954
2090,120,0.998978
2100,12,0.998980
2110,10,0.998982
2120,17,0.998986
2130,13,0.998988
2140,32,0.998995
2150,21,0.998999
2160,7,0.999000
2170,10,0.999002
2180,13,0.999005
2190,35,0.999012
2200,45,0.999021
2210,14,0.999024
2220,14,0.999027
2230,21,0.999031
2240,22,0.999035
2250,10,0.999037
2260,14,0.999040
2270,20,0.999044
2280,10,0.999046
2290,18,0.999050
2300,20,0.999054
2310,33,0.999060
2320,57,0.999072
2330,22,0.999076
2340,19,0.999080
2350,24,0.999085
2360,23,0.999089
2370,13,0.999092
2380,15,0.999095
2390,19,0.999099
2400,11,0.999101
2410,15,0.999104
2420,11,0.999106
2430,9,0.999108
2440,13,0.999110
2450,13,0.999113
2460,30,0.999119
2470,17,0.999122
2480,19,0.999126
2490,19,0.999130
2500,27,0.999135
2510,9,0.999137
2520,22,0.999142
2530,19,0.999145
2540,18,0.999149
2550,16,0.999152
2560,11,0.999154
2570,12,0.999157
2580,13,0.999159
2590,15,0.999162
2600,10,0.999164
2610,14,0.999167
2620,13,0.999170
2630,15,0.999173
2640,6,0.999174
2650,16,0.999177
2660,4,0.999178
2670,7,0.999179
2680,6,0.999181
2690,9,0.999182
2700,12,0.999185
2710,13,0.999187
2720,14,0.999190
2730,10,0.999192
2740,15,0.999195
2750,12,0.999198
2760,12,0.999200
2770,17,0.999203
2780,17,0.999207
2790,19,0.999211
2800,12,0.999213
2810,13,0.999216
2820,12,0.999218
2830,18,0.999222
2840,18,0.999225
2850,26,0.999230
2860,10,0.999232
2870,20,0.999236
2880,16,0.999240
2890,15,0.999243
2900,13,0.999245
2910,15,0.999248
2920,20,0.999252
2930,20,0.999256
2940,20,0.999260
2950,24,0.999265
2960,26,0.999270
2970,22,0.999275
2980,21,0.999279
2990,18,0.999282
3000,17,0.999286
3010,34,0.999293
3020,15,0.999296
3030,34,0.999303
3040,19,0.999306
3050,30,0.999312
3060,23,0.999317
3070,21,0.999321
3080,29,0.999327
3090,28,0.999332
3100,19,0.999336
3110,26,0.999341
3120,24,0.999346
3130,25,0.999351
3140,31,0.999358
3150,24,0.999362
3160,25,0.999367
3170,28,0.999373
3180,30,0.999379
3190,26,0.999384
3200,25,0.999389
3210,30,0.999395
3220,15,0.999398
3230,24,0.999403
3240,19,0.999407
3250,17,0.999410
3260,25,0.999415
3270,22,0.999420
3280,25,0.999425
3290,16,0.999428
3300,20,0.999432
3310,25,0.999437
3320,26,0.999442
3330,21,0.999446
3340,24,0.999451
3350,18,0.999455
3360,25,0.999460
3370,22,0.999464
3380,25,0.999469
3390,29,0.999475
3400,21,0.999479
3410,23,0.999484
3420,24,0.999488
3430,19,0.999492
3440,22,0.999497
3450,15,0.999500
3460,21,0.999504
3470,15,0.999507
3480,36,0.999514
3490,26,0.999519
3500,19,0.999523
3510,22,0.999527
3520,15,0.999530
3530,28,0.999536
3540,30,0.999542
3550,23,0.999547
3560,14,0.999549
3570,19,0.999553
3580,26,0.999558
3590,25,0.999563
3600,24,0.999568
3610,19,0.999572
3620,25,0.999577
3630,14,0.999580
3640,17,0.999583
3650,19,0.999587
3660,17,0.999590
3670,24,0.999595
3680,15,0.999598
3690,19,0.999602
3700,20,0.999606
3710,20,0.999610
3720,20,0.999614
3730,12,0.999616
3740,13,0.999619
3750,16,0.999622
3760,13,0.999625
3770,17,0.999628
3780,7,0.999630
3790,17,0.999633
3800,10,0.999635
3810,14,0.999638
3820,15,0.999641
3830,10,0.999643
3840,6,0.999644
3850,9,0.999646
3860,7,0.999647
3870,7,0.999649
3880,9,0.999650
3890,12,0.999653
3900,9,0.999655
3910,8,0.999656
3920,13,0.999659
3930,9,0.999661
3940,4,0.999661
3950,6,0.999663
3960,7,0.999664
3970,9,0.999666
3980,9,0.999668
3990,6,0.999669
4000,6,0.999670
4010,6,0.999671
4020,7,0.999673
4030,6,0.999674
4040,7,0.999675
4050,2,0.999676
4060,5,0.999677
4070,3,0.999677
4080,7,0.999679
4090,3,0.999679
4100,7,0.999681
4110,6,0.999682
4120,12,0.999684
4130,5,0.999685
4140,6,0.999686
4150,6,0.999688
4160,8,0.999689
4170,3,0.999690
4180,6,0.999691
4190,4,0.999692
4200,5,0.999693
4210,6,0.999694
4220,7,0.999695
4230,3,0.999696
4240,3,0.999697
4250,9,0.999698
4260,7,0.999700
4270,3,0.999700
4280,7,0.999702
4290,9,0.999704
4300,6,0.999705
4310,8,0.999706
4320,4,0.999707
4330,15,0.999710
4340,9,0.999712
4350,2,0.999712
4360,9,0.999714
4370,6,0.999715
4380,2,0.999716
4390,5,0.999717
4400,13,0.999720
4410,6,0.999721
4420,5,0.999722
4430,8,0.999723
4440,5,0.999724
4450,11,0.999726
4460,10,0.999729
4470,5,0.999729
4480,4,0.999730
4490,9,0.999732
4500,13,0.999735
4510,8,0.999736
4520,6,0.999738
4530,13,0.999740
4540,14,0.999743
4550,18,0.999747
4560,18,0.999750
4570,18,0.999754
4580,17,0.999757
4590,14,0.999760
4600,13,0.999762
4610,12,0.999765
4620,15,0.999768
4630,13,0.999771
4640,22,0.999775
4650,22,0.999779
4660,17,0.999783
4670,20,0.999787
4680,24,0.999792
4690,12,0.999794
4700,20,0.999798
4710,16,0.999801
4720,12,0.999803
4730,12,0.999806
4740,8,0.999808
4750,17,0.999811
4760,14,0.999814
4770,13,0.999816
4780,21,0.999821
4790,14,0.999823
4800,16,0.999827
4810,24,0.999831
4820,21,0.999836
4830,29,0.999841
4840,22,0.999846
4850,13,0.999848
4860,12,0.999851
4870,17,0.999854
4880,34,0.999861
4890,20,0.999865
4900,29,0.999871
4910,35,0.999878
4920,13,0.999880
4930,11,0.999883
4940,17,0.999886
4950,14,0.999889
4960,16,0.999892
4970,33,0.999899
4980,16,0.999902
4990,16,0.999905
5000,14,0.999908
5010,9,0.999910
5020,13,0.999912
5030,16,0.999915
5040,11,0.999918
5050,12,0.999920
5060,13,0.999923
5070,7,0.999924
5080,15,0.999927
5090,14,0.999930
5100,12,0.999932
5110,7,0.999934
5120,12,0.999936
5130,12,0.999938
5140,11,0.999941
5150,12,0.999943
5160,8,0.999945
5170,12,0.999947
5180,11,0.999949
5190,8,0.999951
5200,5,0.999952
5210,5,0.999953
5220,10,0.999955
5230,8,0.999956
5240,7,0.999958
5250,3,0.999958
5260,4,0.999959
5270,6,0.999960
5280,6,0.999962
5290,7,0.999963
5300,6,0.999964
5310,4,0.999965
5320,6,0.999966
5330,3,0.999967
5340,5,0.999968
5350,3,0.999968
5360,3,0.999969
5370,10,0.999971
5380,5,0.999972
5390,5,0.999973
5410,3,0.999974
5420,6,0.999975
5430,2,0.999975
5440,5,0.999976
5450,6,0.999977
5460,3,0.999978
5470,5,0.999979
5480,5,0.999980
5490,2,0.999980
5500,1,0.999981
5510,2,0.999981
5520,2,0.999981
5530,3,0.999982
5540,5,0.999983
5550,2,0.999983
5560,3,0.999984
5570,5,0.999985
5590,2,0.999985
5600,2,0.999986
5610,2,0.999986
5620,2,0.999987
5630,3,0.999987
5640,5,0.999988
5650,3,0.999989
5660,2,0.999989
5670,1,0.999989
5680,2,0.999990
5700,1,0.999990
5710,3,0.999991
5720,2,0.999991
5730,2,0.999991
5760,2,0.999992
5770,5,0.999993
5790,1,0.999993
5800,2,0.999993
5850,1,0.999994
5860,1,0.999994
5880,1,0.999994
5890,1,0.999994
5920,1,0.999994
5930,1,0.999995
5940,1,0.999995
5970,1,0.999995
6000,1,0.999995
6100,1,0.999995
6110,1,0.999996
6140,1,0.999996
6170,2,0.999996
6190,1,0.999996
6200,1,0.999997
6230,1,0.999997
6310,1,0.999997
6320,1,0.999997
6510,1,0.999997
6730,1,0.999998
6830,1,0.999998
6850,1,0.999998
7200,1,0.999998
7240,1,0.999998
7290,1,0.999999
7350,1,0.999999
8490,1,0.999999
8560,1,0.999999
8870,1,0.999999
8950,1,1.000000
9410,1,1.000000
9770,1,1.000000
