#latency,cnt,cdf
0,1199656,0.126301
10,31919,0.129662
20,1962,0.129868
30,589,0.129930
40,166,0.129948
50,37507,0.133897
60,61831,0.140406
70,70187,0.147796
80,59839,0.154095
90,49773,0.159336
100,57958,0.165437
110,94117,0.175346
120,67726,0.182477
130,64766,0.189295
140,47335,0.194279
150,45090,0.199026
160,75803,0.207006
170,78737,0.215296
180,113605,0.227256
190,75290,0.235183
200,63178,0.241834
210,63449,0.248514
220,87933,0.257772
230,86211,0.266849
240,69631,0.274179
250,69109,0.281455
260,68398,0.288656
270,68164,0.295833
280,65969,0.302778
290,65146,0.309637
300,65576,0.316541
310,64671,0.323349
320,64163,0.330104
330,62902,0.336727
340,62222,0.343278
350,60872,0.349686
360,60266,0.356031
370,60064,0.362355
380,59160,0.368583
390,58365,0.374728
400,57464,0.380778
410,56634,0.386740
420,55740,0.392609
430,55005,0.398400
440,54448,0.404132
450,53402,0.409754
460,53321,0.415368
470,52277,0.420872
480,51558,0.426300
490,50619,0.431629
500,50471,0.436943
510,49309,0.442134
520,48632,0.447254
530,48268,0.452336
540,47918,0.457381
550,46986,0.462327
560,46505,0.467223
570,46046,0.472071
580,45381,0.476849
590,44736,0.481559
600,44241,0.486217
610,43575,0.490804
620,42752,0.495305
630,42137,0.499741
640,41835,0.504146
650,41800,0.508547
660,41020,0.512865
670,40300,0.517108
680,39387,0.521255
690,39253,0.525387
700,38960,0.529489
710,38223,0.533513
720,37811,0.537494
730,37499,0.541442
740,36641,0.545300
750,36684,0.549162
760,36031,0.552955
770,35817,0.556726
780,35188,0.560431
790,34912,0.564106
800,34581,0.567747
810,33958,0.571322
820,33746,0.574875
830,33031,0.578352
840,33001,0.581827
850,32498,0.585248
860,32047,0.588622
870,31626,0.591952
880,31759,0.595295
890,31118,0.598572
900,30209,0.601752
910,30012,0.604912
920,30069,0.608077
930,29572,0.611191
940,29225,0.614268
950,28784,0.617298
960,28363,0.620284
970,28153,0.623248
980,27936,0.626189
990,27594,0.629094
1000,27216,0.631960
1010,27077,0.634810
1020,26824,0.637634
1030,26150,0.640388
1040,25927,0.643117
1050,25876,0.645841
1060,25673,0.648544
1070,25292,0.651207
1080,25231,0.653863
1090,24737,0.656468
1100,24081,0.659003
1110,24343,0.661566
1120,23751,0.664066
1130,23419,0.666532
1140,23189,0.668973
1150,23224,0.671418
1160,22498,0.673787
1170,22811,0.676189
1180,22226,0.678529
1190,22050,0.680850
1200,21828,0.683148
1210,21887,0.685452
1220,21369,0.687702
1230,21269,0.689941
1240,20827,0.692134
1250,20679,0.694311
1260,20716,0.696492
1270,20380,0.698638
1280,20261,0.700771
1290,20198,0.702897
1300,19549,0.704956
1310,19594,0.707018
1320,19357,0.709056
1330,19155,0.711073
1340,18933,0.713066
1350,18636,0.715028
1360,18542,0.716980
1370,18414,0.718919
1380,18309,0.720847
1390,17837,0.722725
1400,17869,0.724606
1410,17856,0.726486
1420,17756,0.728355
1430,17285,0.730175
1440,17257,0.731992
1450,17244,0.733807
1460,16794,0.735575
1470,16613,0.737324
1480,16712,0.739084
1490,16389,0.740809
1500,16084,0.742503
1510,16096,0.744197
1520,15759,0.745856
1530,15693,0.747509
1540,15613,0.749152
1550,15577,0.750792
1560,15285,0.752401
1570,15177,0.753999
1580,15249,0.755605
1590,14973,0.757181
1600,14723,0.758731
1610,14669,0.760276
1620,14569,0.761809
1630,14449,0.763331
1640,14312,0.764837
1650,14264,0.766339
1660,14078,0.767821
1670,13904,0.769285
1680,13894,0.770748
1690,13601,0.772180
1700,13537,0.773605
1710,13443,0.775020
1720,13287,0.776419
1730,13389,0.777829
1740,13096,0.779208
1750,12887,0.780564
1760,12869,0.781919
1770,12766,0.783263
1780,12812,0.784612
1790,12506,0.785929
1800,12551,0.787250
1810,12479,0.788564
1820,12205,0.789849
1830,12277,0.791141
1840,12116,0.792417
1850,11910,0.793671
1860,11923,0.794926
1870,11840,0.796173
1880,11548,0.797388
1890,11580,0.798608
1900,11439,0.799812
1910,11306,0.801002
1920,11457,0.802208
1930,11301,0.803398
1940,11253,0.804583
1950,10869,0.805727
1960,10928,0.806878
1970,11100,0.808046
1980,10773,0.809181
1990,10727,0.810310
2000,10651,0.811431
2010,10594,0.812547
2020,10437,0.813645
2030,10523,0.814753
2040,10394,0.815848
2050,10160,0.816917
2060,10289,0.818000
2070,10156,0.819070
2080,9965,0.820119
2090,9940,0.821165
2100,9883,0.822206
2110,9850,0.823243
2120,9919,0.824287
2130,9678,0.825306
2140,9619,0.826319
2150,9524,0.827321
2160,9571,0.828329
2170,9339,0.829312
2180,9312,0.830293
2190,9351,0.831277
2200,9198,0.832246
2210,9153,0.833209
2220,9145,0.834172
2230,9040,0.835124
2240,8949,0.836066
2250,8949,0.837008
2260,8714,0.837925
2270,8913,0.838864
2280,8808,0.839791
2290,8717,0.840709
2300,8482,0.841602
2310,8569,0.842504
2320,8185,0.843366
2330,8445,0.844255
2340,8420,0.845141
2350,8345,0.846020
2360,8309,0.846895
2370,8138,0.847751
2380,8231,0.848618
2390,8135,0.849475
2400,8035,0.850320
2410,7959,0.851158
2420,7869,0.851987
2430,7789,0.852807
2440,7689,0.853616
2450,7714,0.854429
2460,7663,0.855235
2470,7594,0.856035
2480,7697,0.856845
2490,7437,0.857628
2500,7454,0.858413
2510,7396,0.859192
2520,7334,0.859964
2530,7290,0.860731
2540,7379,0.861508
2550,7225,0.862269
2560,7266,0.863034
2570,7109,0.863782
2580,7030,0.864522
2590,7056,0.865265
2600,7041,0.866006
2610,6974,0.866741
2620,6960,0.867473
2630,6898,0.868200
2640,6555,0.868890
2650,6786,0.869604
2660,6767,0.870317
2670,6622,0.871014
2680,6646,0.871714
2690,6541,0.872402
2700,6608,0.873098
2710,6661,0.873799
2720,6483,0.874482
2730,6403,0.875156
2740,6376,0.875827
2750,6232,0.876483
2760,6204,0.877136
2770,6244,0.877794
2780,6217,0.878448
2790,6213,0.879102
2800,6167,0.879752
2810,6046,0.880388
2820,6040,0.881024
2830,5947,0.881650
2840,5958,0.882277
2850,6024,0.882912
2860,5906,0.883533
2870,5840,0.884148
2880,5830,0.884762
2890,5797,0.885372
2900,5804,0.885983
2910,5792,0.886593
2920,5601,0.887183
2930,5651,0.887778
2940,5634,0.888371
2950,5429,0.888943
2960,5585,0.889531
2970,5496,0.890109
2980,5553,0.890694
2990,5552,0.891278
3000,5542,0.891862
3010,5403,0.892431
3020,5358,0.892995
3030,5318,0.893555
3040,5346,0.894117
3050,5351,0.894681
3060,5173,0.895225
3070,5306,0.895784
3080,5202,0.896332
3090,5121,0.896871
3100,5090,0.897407
3110,5062,0.897940
3120,5010,0.898467
3130,5107,0.899005
3140,5107,0.899542
3150,4937,0.900062
3160,4862,0.900574
3170,5019,0.901103
3180,4829,0.901611
3190,4916,0.902129
3200,4947,0.902649
3210,4815,0.903156
3220,4882,0.903670
3230,4726,0.904168
3240,4644,0.904657
3250,4787,0.905161
3260,4746,0.905660
3270,4650,0.906150
3280,4699,0.906645
3290,4701,0.907140
3300,4712,0.907636
3310,4731,0.908134
3320,4563,0.908614
3330,4504,0.909088
3340,4490,0.909561
3350,4562,0.910041
3360,4575,0.910523
3370,4496,0.910996
3380,4423,0.911462
3390,4558,0.911942
3400,4487,0.912414
3410,4482,0.912886
3420,4342,0.913343
3430,4345,0.913801
3440,4395,0.914263
3450,4181,0.914704
3460,4327,0.915159
3470,4183,0.915600
3480,4293,0.916052
3490,4214,0.916495
3500,4157,0.916933
3510,4078,0.917362
3520,4197,0.917804
3530,4204,0.918247
3540,4160,0.918685
3550,4109,0.919117
3560,4023,0.919541
3570,4150,0.919978
3580,4018,0.920401
3590,3954,0.920817
3600,3874,0.921225
3610,4011,0.921647
3620,3869,0.922054
3630,3917,0.922467
3640,3904,0.922878
3650,3946,0.923293
3660,3958,0.923710
3670,3720,0.924102
3680,3828,0.924505
3690,3820,0.924907
3700,3729,0.925299
3710,3801,0.925700
3720,3801,0.926100
3730,3828,0.926503
3740,3854,0.926909
3750,3657,0.927294
3760,3667,0.927680
3770,3635,0.928062
3780,3627,0.928444
3790,3651,0.928829
3800,3739,0.929222
3810,3710,0.929613
3820,3536,0.929985
3830,3577,0.930362
3840,3552,0.930736
3850,3474,0.931101
3860,3547,0.931475
3870,3535,0.931847
3880,3521,0.932218
3890,3482,0.932584
3900,3438,0.932946
3910,3477,0.933312
3920,3481,0.933679
3930,3437,0.934041
3940,3466,0.934406
3950,3316,0.934755
3960,3373,0.935110
3970,3347,0.935462
3980,3340,0.935814
3990,3377,0.936169
4000,3305,0.936517
4010,3198,0.936854
4020,3211,0.937192
4030,3311,0.937541
4040,3238,0.937881
4050,3190,0.938217
4060,3189,0.938553
4070,3229,0.938893
4080,3181,0.939228
4090,3112,0.939556
4100,3192,0.939892
4110,3088,0.940217
4120,3102,0.940543
4130,3144,0.940874
4140,3103,0.941201
4150,3045,0.941522
4160,3174,0.941856
4170,3013,0.942173
4180,2991,0.942488
4190,3052,0.942809
4200,2996,0.943125
4210,2940,0.943434
4220,3058,0.943756
4230,3004,0.944072
4240,2938,0.944382
4250,3023,0.944700
4260,2876,0.945003
4270,2985,0.945317
4280,2937,0.945626
4290,2881,0.945929
4300,2931,0.946238
4310,2831,0.946536
4320,2823,0.946833
4330,2921,0.947141
4340,2748,0.947430
4350,2893,0.947735
4360,2807,0.948030
4370,2764,0.948321
4380,2826,0.948619
4390,2718,0.948905
4400,2743,0.949194
4410,2701,0.949478
4420,2670,0.949759
4430,2686,0.950042
4440,2697,0.950326
4450,2643,0.950604
4460,2671,0.950885
4470,2687,0.951168
4480,2667,0.951449
4490,2647,0.951728
4500,2611,0.952003
4510,2567,0.952273
4520,2585,0.952545
4530,2631,0.952822
4540,2600,0.953096
4550,2517,0.953361
4560,2587,0.953633
4570,2476,0.953894
4580,2592,0.954167
4590,2515,0.954431
4600,2511,0.954696
4610,2544,0.954964
4620,2493,0.955226
4630,2473,0.955486
4640,2451,0.955745
4650,2429,0.956000
4660,2444,0.956258
4670,2467,0.956517
4680,2384,0.956768
4690,2446,0.957026
4700,2473,0.957286
4710,2335,0.957532
4720,2417,0.957786
4730,2322,0.958031
4740,2338,0.958277
4750,2350,0.958524
4760,2414,0.958779
4770,2324,0.959023
4780,2337,0.959269
4790,2308,0.959512
4800,2264,0.959751
4810,2321,0.959995
4820,2355,0.960243
4830,2246,0.960479
4840,2205,0.960712
4850,2233,0.960947
4860,2292,0.961188
4870,2276,0.961428
4880,2167,0.961656
4890,2164,0.961884
4900,2195,0.962115
4910,2145,0.962340
4920,2195,0.962572
4930,2134,0.962796
4940,2134,0.963021
4950,2175,0.963250
4960,2122,0.963473
4970,2027,0.963687
4980,2068,0.963904
4990,2075,0.964123
5000,2041,0.964338
5010,2092,0.964558
5020,2121,0.964781
5030,2013,0.964993
5040,2112,0.965216
5050,2065,0.965433
5060,1962,0.965640
5070,1953,0.965845
5080,2009,0.966057
5090,1982,0.966265
5100,1982,0.966474
5110,2000,0.966685
5120,1906,0.966885
5130,1975,0.967093
5140,1955,0.967299
5150,1852,0.967494
5160,1936,0.967698
5170,1855,0.967893
5180,1874,0.968090
5190,1859,0.968286
5200,1881,0.968484
5210,1827,0.968677
5220,1783,0.968864
5230,1864,0.969060
5240,1842,0.969254
5250,1846,0.969449
5260,1875,0.969646
5270,1845,0.969840
5280,1808,0.970031
5290,1770,0.970217
5300,1710,0.970397
5310,1763,0.970583
5320,1749,0.970767
5330,1756,0.970952
5340,1798,0.971141
5350,1781,0.971329
5360,1662,0.971504
5370,1779,0.971691
5380,1678,0.971868
5390,1722,0.972049
5400,1738,0.972232
5410,1715,0.972412
5420,1664,0.972588
5430,1652,0.972761
5440,1635,0.972934
5450,1625,0.973105
5460,1612,0.973274
5470,1641,0.973447
5480,1601,0.973616
5490,1576,0.973782
5500,1585,0.973948
5510,1579,0.974115
5520,1550,0.974278
5530,1545,0.974441
5540,1565,0.974605
5550,1606,0.974774
5560,1520,0.974934
5570,1573,0.975100
5580,1525,0.975261
5590,1469,0.975415
5600,1450,0.975568
5610,1468,0.975722
5620,1484,0.975879
5630,1442,0.976031
5640,1439,0.976182
5650,1460,0.976336
5660,1397,0.976483
5670,1429,0.976633
5680,1415,0.976782
5690,1383,0.976928
5700,1426,0.977078
5710,1492,0.977235
5720,1369,0.977379
5730,1420,0.977529
5740,1368,0.977673
5750,1402,0.977820
5760,1428,0.977971
5770,1257,0.978103
5780,1419,0.978252
5790,1332,0.978393
5800,1348,0.978535
5810,1358,0.978678
5820,1334,0.978818
5830,1321,0.978957
5840,1365,0.979101
5850,1309,0.979239
5860,1268,0.979372
5870,1307,0.979510
5880,1382,0.979655
5890,1253,0.979787
5900,1245,0.979918
5910,1193,0.980044
5920,1238,0.980174
5930,1254,0.980306
5940,1196,0.980432
5950,1231,0.980562
5960,1233,0.980691
5970,1238,0.980822
5980,1140,0.980942
5990,1250,0.981073
6000,1223,0.981202
6010,1178,0.981326
6020,1191,0.981452
6030,1128,0.981570
6040,1142,0.981691
6050,1177,0.981814
6060,1134,0.981934
6070,1157,0.982056
6080,1129,0.982175
6090,1089,0.982289
6100,1114,0.982406
6110,1133,0.982526
6120,1124,0.982644
6130,1157,0.982766
6140,1124,0.982884
6150,1085,0.982998
6160,1036,0.983108
6170,1066,0.983220
6180,1074,0.983333
6190,1039,0.983442
6200,1060,0.983554
6210,1098,0.983669
6220,1054,0.983780
6230,1067,0.983893
6240,959,0.983994
6250,1024,0.984101
6260,1003,0.984207
6270,1035,0.984316
6280,967,0.984418
6290,1040,0.984527
6300,1048,0.984638
6310,1022,0.984745
6320,967,0.984847
6330,966,0.984949
6340,985,0.985052
6350,950,0.985152
6360,1013,0.985259
6370,961,0.985360
6380,919,0.985457
6390,910,0.985553
6400,930,0.985651
6410,980,0.985754
6420,949,0.985854
6430,914,0.985950
6440,911,0.986046
6450,938,0.986145
6460,871,0.986237
6470,920,0.986333
6480,925,0.986431
6490,877,0.986523
6500,943,0.986622
6510,897,0.986717
6520,893,0.986811
6530,820,0.986897
6540,870,0.986989
6550,830,0.987076
6560,852,0.987166
6570,854,0.987256
6580,870,0.987347
6590,808,0.987432
6600,860,0.987523
6610,853,0.987613
6620,807,0.987698
6630,867,0.987789
6640,877,0.987881
6650,806,0.987966
6660,822,0.988053
6670,807,0.988138
6680,771,0.988219
6690,779,0.988301
6700,748,0.988380
6710,744,0.988458
6720,769,0.988539
6730,760,0.988619
6740,775,0.988701
6750,813,0.988786
6760,753,0.988865
6770,750,0.988944
6780,742,0.989022
6790,709,0.989097
6800,746,0.989176
6810,718,0.989251
6820,727,0.989328
6830,670,0.989398
6840,687,0.989471
6850,704,0.989545
6860,706,0.989619
6870,740,0.989697
6880,692,0.989770
6890,732,0.989847
6900,687,0.989919
6910,688,0.989992
6920,676,0.990063
6930,647,0.990131
6940,589,0.990193
6950,680,0.990265
6960,613,0.990329
6970,631,0.990395
6980,660,0.990465
6990,693,0.990538
7000,607,0.990602
7010,663,0.990672
7020,659,0.990741
7030,666,0.990811
7040,648,0.990879
7050,630,0.990946
7060,620,0.991011
7070,605,0.991075
7080,654,0.991144
7090,614,0.991208
7100,596,0.991271
7110,614,0.991336
7120,606,0.991399
7130,588,0.991461
7140,583,0.991523
7150,624,0.991588
7160,594,0.991651
7170,586,0.991713
7180,572,0.991773
7190,555,0.991831
7200,553,0.991889
7210,567,0.991949
7220,567,0.992009
7230,525,0.992064
7240,547,0.992122
7250,555,0.992180
7260,551,0.992238
7270,580,0.992299
7280,554,0.992358
7290,546,0.992415
7300,556,0.992474
7310,518,0.992528
7320,508,0.992582
7330,506,0.992635
7340,516,0.992689
7350,513,0.992743
7360,526,0.992799
7370,495,0.992851
7380,500,0.992903
7390,511,0.992957
7400,557,0.993016
7410,517,0.993070
7420,482,0.993121
7430,512,0.993175
7440,508,0.993228
7450,453,0.993276
7460,421,0.993320
7470,491,0.993372
7480,463,0.993421
7490,468,0.993470
7500,494,0.993522
7510,405,0.993565
7520,455,0.993613
7530,438,0.993659
7540,432,0.993704
7550,450,0.993752
7560,437,0.993798
7570,462,0.993846
7580,458,0.993894
7590,424,0.993939
7600,434,0.993985
7610,457,0.994033
7620,471,0.994082
7630,428,0.994128
7640,443,0.994174
7650,439,0.994220
7660,402,0.994263
7670,398,0.994305
7680,438,0.994351
7690,460,0.994399
7700,436,0.994445
7710,432,0.994491
7720,440,0.994537
7730,407,0.994580
7740,397,0.994622
7750,367,0.994660
7760,433,0.994706
7770,420,0.994750
7780,372,0.994789
7790,375,0.994829
7800,331,0.994863
7810,359,0.994901
7820,397,0.994943
7830,391,0.994984
7840,356,0.995022
7850,407,0.995064
7860,337,0.995100
7870,334,0.995135
7880,383,0.995175
7890,316,0.995209
7900,306,0.995241
7910,379,0.995281
7920,354,0.995318
7930,342,0.995354
7940,373,0.995393
7950,360,0.995431
7960,346,0.995468
7970,359,0.995506
7980,323,0.995540
7990,340,0.995575
8000,328,0.995610
8010,317,0.995643
8020,340,0.995679
8030,331,0.995714
8040,329,0.995749
8050,318,0.995782
8060,328,0.995817
8070,334,0.995852
8080,303,0.995884
8090,311,0.995916
8100,305,0.995948
8110,305,0.995981
8120,301,0.996012
8130,278,0.996042
8140,298,0.996073
8150,290,0.996103
8160,330,0.996138
8170,282,0.996168
8180,295,0.996199
8190,276,0.996228
8200,299,0.996259
8210,301,0.996291
8220,264,0.996319
8230,283,0.996349
8240,288,0.996379
8250,294,0.996410
8260,239,0.996435
8270,285,0.996465
8280,283,0.996495
8290,270,0.996523
8300,261,0.996551
8310,241,0.996576
8320,270,0.996605
8330,273,0.996633
8340,250,0.996660
8350,260,0.996687
8360,267,0.996715
8370,263,0.996743
8380,255,0.996770
8390,263,0.996797
8400,233,0.996822
8410,245,0.996848
8420,243,0.996873
8430,247,0.996899
8440,213,0.996922
8450,234,0.996946
8460,239,0.996972
8470,226,0.996995
8480,240,0.997021
8490,214,0.997043
8500,227,0.997067
8510,224,0.997091
8520,243,0.997116
8530,203,0.997138
8540,228,0.997162
8550,212,0.997184
8560,211,0.997206
8570,222,0.997230
8580,207,0.997251
8590,226,0.997275
8600,236,0.997300
8610,219,0.997323
8620,220,0.997346
8630,193,0.997366
8640,183,0.997386
8650,207,0.997408
8660,197,0.997428
8670,193,0.997449
8680,179,0.997467
8690,186,0.997487
8700,179,0.997506
8710,203,0.997527
8720,152,0.997543
8730,163,0.997560
8740,175,0.997579
8750,167,0.997596
8760,179,0.997615
8770,186,0.997635
8780,164,0.997652
8790,177,0.997671
8800,208,0.997693
8810,188,0.997712
8820,179,0.997731
8830,158,0.997748
8840,141,0.997763
8850,171,0.997781
8860,172,0.997799
8870,171,0.997817
8880,166,0.997834
8890,160,0.997851
8900,149,0.997867
8910,141,0.997882
8920,153,0.997898
8930,139,0.997912
8940,154,0.997929
8950,146,0.997944
8960,143,0.997959
8970,160,0.997976
8980,161,0.997993
8990,133,0.998007
9000,140,0.998022
9010,153,0.998038
9020,157,0.998054
9030,144,0.998069
9040,126,0.998083
9050,132,0.998097
9060,132,0.998111
9070,146,0.998126
9080,136,0.998140
9090,169,0.998158
9100,122,0.998171
9110,129,0.998184
9120,133,0.998198
9130,138,0.998213
9140,124,0.998226
9150,144,0.998241
9160,130,0.998255
9170,141,0.998270
9180,143,0.998285
9190,156,0.998301
9200,125,0.998314
9210,131,0.998328
9220,113,0.998340
9230,131,0.998354
9240,118,0.998366
9250,124,0.998379
9260,108,0.998391
9270,124,0.998404
9280,124,0.998417
9290,127,0.998430
9300,110,0.998442
9310,127,0.998455
9320,129,0.998469
9330,115,0.998481
9340,108,0.998492
9350,106,0.998503
9360,120,0.998516
9370,132,0.998530
9380,106,0.998541
9390,109,0.998553
9400,112,0.998564
9410,89,0.998574
9420,107,0.998585
9430,98,0.998595
9440,112,0.998607
9450,125,0.998620
9460,107,0.998631
9470,105,0.998643
9480,93,0.998652
9490,97,0.998663
9500,100,0.998673
9510,94,0.998683
9520,95,0.998693
9530,92,0.998703
9540,95,0.998713
9550,95,0.998723
9560,95,0.998733
9570,107,0.998744
9580,86,0.998753
9590,103,0.998764
9600,91,0.998773
9610,90,0.998783
9620,107,0.998794
9630,93,0.998804
9640,83,0.998813
9650,112,0.998824
9660,96,0.998835
9670,90,0.998844
9680,97,0.998854
9690,94,0.998864
9700,109,0.998876
9710,87,0.998885
9720,96,0.998895
9730,78,0.998903
9740,75,0.998911
9750,94,0.998921
9760,87,0.998930
9770,86,0.998939
9780,76,0.998947
9790,90,0.998957
9800,85,0.998966
9810,78,0.998974
9820,69,0.998981
9830,67,0.998988
9840,74,0.998996
9850,84,0.999005
9860,85,0.999014
9870,75,0.999022
9880,91,0.999031
9890,74,0.999039
9900,74,0.999047
9910,73,0.999054
9920,79,0.999063
9930,63,0.999069
9940,71,0.999077
9950,65,0.999084
9960,63,0.999090
9970,90,0.999100
9980,80,0.999108
9990,73,0.999116
10000,63,0.999123
10010,75,0.999130
10020,67,0.999137
10030,71,0.999145
10040,59,0.999151
10050,53,0.999157
10060,71,0.999164
10070,74,0.999172
10080,73,0.999180
10090,68,0.999187
10100,58,0.999193
10110,73,0.999201
10120,64,0.999207
10130,63,0.999214
10140,62,0.999220
10150,70,0.999228
10160,66,0.999235
10170,58,0.999241
10180,56,0.999247
10190,41,0.999251
10200,64,0.999258
10210,56,0.999264
10220,67,0.999271
10230,60,0.999277
10240,47,0.999282
10250,59,0.999288
10260,48,0.999293
10270,58,0.999299
10280,60,0.999306
10290,50,0.999311
10300,54,0.999317
10310,57,0.999323
10320,42,0.999327
10330,62,0.999334
10340,65,0.999341
10350,61,0.999347
10360,56,0.999353
10370,44,0.999357
10380,64,0.999364
10390,51,0.999370
10400,48,0.999375
10410,40,0.999379
10420,51,0.999384
10430,37,0.999388
10440,48,0.999393
10450,48,0.999398
10460,47,0.999403
10470,40,0.999407
10480,43,0.999412
10490,52,0.999417
10500,50,0.999423
10510,45,0.999427
10520,52,0.999433
10530,38,0.999437
10540,42,0.999441
10550,55,0.999447
10560,50,0.999452
10570,50,0.999458
10580,42,0.999462
10590,45,0.999467
10600,37,0.999471
10610,47,0.999476
10620,32,0.999479
10630,36,0.999483
10640,30,0.999486
10650,44,0.999491
10660,44,0.999495
10670,36,0.999499
10680,58,0.999505
10690,43,0.999510
10700,44,0.999514
10710,39,0.999518
10720,41,0.999523
10730,29,0.999526
10740,38,0.999530
10750,36,0.999533
10760,34,0.999537
10770,42,0.999542
10780,24,0.999544
10790,36,0.999548
10800,42,0.999552
10810,30,0.999555
10820,27,0.999558
10830,41,0.999563
10840,41,0.999567
10850,43,0.999571
10860,36,0.999575
10870,41,0.999579
10880,40,0.999584
10890,46,0.999589
10900,32,0.999592
10910,39,0.999596
10920,33,0.999600
10930,48,0.999605
10940,30,0.999608
10950,26,0.999610
10960,38,0.999614
10970,30,0.999618
10980,36,0.999621
10990,45,0.999626
11000,36,0.999630
11010,44,0.999635
11020,29,0.999638
11030,39,0.999642
11040,32,0.999645
11050,33,0.999649
11060,34,0.999652
11070,25,0.999655
11080,27,0.999658
11090,20,0.999660
11100,37,0.999664
11110,38,0.999668
11120,20,0.999670
11130,31,0.999673
11140,35,0.999677
11150,31,0.999680
11160,37,0.999684
11170,26,0.999687
11180,38,0.999691
11190,26,0.999693
11200,34,0.999697
11210,45,0.999702
11220,29,0.999705
11230,31,0.999708
11240,37,0.999712
11250,27,0.999715
11260,20,0.999717
11270,33,0.999720
11280,27,0.999723
11290,31,0.999726
11300,22,0.999729
11310,26,0.999731
11320,19,0.999733
11330,26,0.999736
11340,12,0.999737
11350,18,0.999739
11360,23,0.999742
11370,27,0.999745
11380,38,0.999749
11390,28,0.999752
11400,20,0.999754
11410,26,0.999756
11420,17,0.999758
11430,34,0.999762
11440,24,0.999764
11450,25,0.999767
11460,27,0.999770
11470,24,0.999772
11480,35,0.999776
11490,31,0.999779
11500,29,0.999782
11510,22,0.999785
11520,21,0.999787
11530,36,0.999791
11540,24,0.999793
11550,30,0.999796
11560,23,0.999799
11570,19,0.999801
11580,18,0.999803
11590,24,0.999805
11600,21,0.999807
11610,29,0.999810
11620,24,0.999813
11630,23,0.999815
11640,25,0.999818
11650,29,0.999821
11660,21,0.999823
11670,20,0.999825
11680,28,0.999828
11690,26,0.999831
11700,17,0.999833
11710,22,0.999835
11720,24,0.999838
11730,29,0.999841
11740,21,0.999843
11750,21,0.999845
11760,20,0.999847
11770,17,0.999849
11780,28,0.999852
11790,18,0.999854
11800,18,0.999856
11810,25,0.999858
11820,18,0.999860
11830,20,0.999862
11840,19,0.999864
11850,27,0.999867
11860,16,0.999869
11870,17,0.999871
11880,15,0.999872
11890,19,0.999874
11900,16,0.999876
11910,14,0.999877
11920,15,0.999879
11930,16,0.999881
11940,25,0.999883
11950,7,0.999884
11960,20,0.999886
11970,20,0.999888
11980,26,0.999891
11990,23,0.999893
12000,16,0.999895
12010,19,0.999897
12020,16,0.999899
12030,23,0.999901
12040,18,0.999903
12050,21,0.999905
12060,11,0.999907
12070,11,0.999908
12080,19,0.999910
12090,17,0.999911
12100,10,0.999913
12110,17,0.999914
12120,17,0.999916
12130,15,0.999918
12140,17,0.999919
12150,15,0.999921
12160,17,0.999923
12170,13,0.999924
12180,16,0.999926
12190,17,0.999928
12200,13,0.999929
12210,25,0.999932
12220,21,0.999934
12230,20,0.999936
12240,17,0.999938
12250,19,0.999940
12260,19,0.999942
12270,12,0.999943
12280,12,0.999944
12290,20,0.999946
12300,20,0.999949
12310,17,0.999950
12320,20,0.999952
12330,17,0.999954
12340,12,0.999955
12350,14,0.999957
12360,16,0.999959
12370,13,0.999960
12380,18,0.999962
12390,17,0.999964
12400,10,0.999965
12410,16,0.999966
12420,12,0.999968
12430,15,0.999969
12440,15,0.999971
12450,9,0.999972
12460,16,0.999973
12470,15,0.999975
12480,12,0.999976
12490,7,0.999977
12500,15,0.999979
12510,19,0.999981
12520,8,0.999981
12530,8,0.999982
12540,14,0.999984
12550,7,0.999985
12560,9,0.999985
12570,10,0.999987
12580,20,0.999989
12590,11,0.999990
12600,16,0.999991
12610,15,0.999993
12620,10,0.999994
12630,17,0.999996
12640,20,0.999998
12650,10,0.999999
12660,16,1.000001
12670,12,1.000002
12680,12,1.000003
12690,9,1.000004
12700,17,1.000006
12710,8,1.000007
12720,11,1.000008
12730,13,1.000009
12740,18,1.000011
12750,14,1.000013
12760,19,1.000015
12770,10,1.000016
12780,12,1.000017
12790,8,1.000018
12800,6,1.000018
12810,14,1.000020
12820,16,1.000022
12830,20,1.000024
12840,13,1.000025
12850,10,1.000026
12860,16,1.000028
12870,10,1.000029
12880,10,1.000030
12890,9,1.000031
12900,7,1.000032
12910,12,1.000033
12920,6,1.000034
12930,13,1.000035
12940,15,1.000036
12950,11,1.000038
12960,16,1.000039
12970,9,1.000040
12980,9,1.000041
12990,12,1.000043
13000,2,1.000043
13010,12,1.000044
13020,9,1.000045
13030,16,1.000047
13040,10,1.000048
13050,7,1.000048
13060,15,1.000050
13070,15,1.000052
13080,11,1.000053
13090,5,1.000053
13100,9,1.000054
13110,8,1.000055
13120,13,1.000056
13130,7,1.000057
13140,10,1.000058
13150,10,1.000059
13160,11,1.000060
13170,12,1.000062
13180,9,1.000063
13190,12,1.000064
13200,5,1.000064
13210,6,1.000065
13220,8,1.000066
13230,10,1.000067
13240,7,1.000068
13250,7,1.000068
13260,8,1.000069
13270,14,1.000071
13280,10,1.000072
13290,7,1.000072
13300,8,1.000073
13310,8,1.000074
13320,9,1.000075
13330,10,1.000076
13340,4,1.000077
13350,6,1.000077
13360,10,1.000078
13370,8,1.000079
13380,10,1.000080
13390,6,1.000081
13400,8,1.000082
13410,9,1.000083
13420,10,1.000084
13430,6,1.000084
13440,5,1.000085
13450,15,1.000086
13460,4,1.000087
13470,7,1.000088
13480,10,1.000089
13490,4,1.000089
13500,8,1.000090
13510,2,1.000090
13520,8,1.000091
13530,9,1.000092
13540,6,1.000093
13550,7,1.000093
13560,3,1.000094
13570,6,1.000094
13580,9,1.000095
13590,5,1.000096
13600,7,1.000096
13610,6,1.000097
13620,10,1.000098
13630,8,1.000099
13640,14,1.000100
13650,8,1.000101
13660,6,1.000102
13670,4,1.000102
13680,3,1.000103
13690,4,1.000103
13700,6,1.000104
13710,9,1.000105
13720,6,1.000105
13730,2,1.000106
13740,12,1.000107
13750,9,1.000108
13760,6,1.000108
13770,6,1.000109
13780,5,1.000109
13790,9,1.000110
13800,10,1.000111
13810,5,1.000112
13820,10,1.000113
13830,5,1.000114
13840,2,1.000114
13850,8,1.000115
13860,5,1.000115
13870,5,1.000116
13880,3,1.000116
13890,11,1.000117
13900,4,1.000118
13910,7,1.000118
13920,6,1.000119
13930,6,1.000120
13940,4,1.000120
13950,3,1.000120
13960,5,1.000121
13970,5,1.000121
13980,2,1.000122
13990,4,1.000122
14000,6,1.000123
14010,3,1.000123
14020,10,1.000124
14030,3,1.000124
14040,8,1.000125
14050,13,1.000127
14060,5,1.000127
14070,3,1.000127
14080,2,1.000128
14090,1,1.000128
14100,4,1.000128
14110,2,1.000128
14120,3,1.000129
14130,5,1.000129
14140,5,1.000130
14150,4,1.000130
14160,7,1.000131
14170,10,1.000132
14180,3,1.000132
14190,8,1.000133
14200,4,1.000134
14210,6,1.000134
14220,2,1.000134
14230,1,1.000134
14240,6,1.000135
14250,4,1.000136
14260,8,1.000136
14270,8,1.000137
14280,10,1.000138
14290,2,1.000138
14300,7,1.000139
14310,6,1.000140
14320,4,1.000140
14330,4,1.000141
14340,3,1.000141
14350,8,1.000142
14360,4,1.000142
14370,1,1.000142
14380,5,1.000143
14390,9,1.000144
14400,5,1.000144
14410,7,1.000145
14420,3,1.000145
14430,3,1.000146
14440,11,1.000147
14450,5,1.000147
14460,3,1.000148
14470,5,1.000148
14480,3,1.000149
14490,3,1.000149
14500,4,1.000149
14510,1,1.000149
14520,2,1.000150
14530,4,1.000150
14540,2,1.000150
14550,3,1.000151
14560,4,1.000151
14570,3,1.000151
14580,5,1.000152
14590,3,1.000152
14600,6,1.000153
14610,1,1.000153
14620,6,1.000154
14640,3,1.000154
14650,4,1.000154
14660,3,1.000154
14670,3,1.000155
14680,4,1.000155
14690,2,1.000155
14700,2,1.000156
14710,4,1.000156
14730,2,1.000156
14740,4,1.000157
14750,4,1.000157
14760,4,1.000158
14770,5,1.000158
14780,2,1.000158
14800,4,1.000159
14810,4,1.000159
14820,5,1.000160
14830,2,1.000160
14850,5,1.000160
14860,2,1.000161
14870,4,1.000161
14880,9,1.000162
14890,4,1.000162
14900,1,1.000163
14910,3,1.000163
14920,2,1.000163
14930,4,1.000164
14940,4,1.000164
14950,3,1.000164
14960,3,1.000165
14970,5,1.000165
14980,2,1.000165
14990,2,1.000165
15000,2,1.000166
15010,3,1.000166
15020,4,1.000166
15040,2,1.000167
15050,3,1.000167
15060,4,1.000167
15070,3,1.000168
15080,4,1.000168
15090,2,1.000168
15100,4,1.000169
15110,2,1.000169
15120,2,1.000169
15130,1,1.000169
15140,2,1.000170
15150,3,1.000170
15160,2,1.000170
15170,1,1.000170
15180,4,1.000171
15190,2,1.000171
15200,4,1.000171
15210,1,1.000171
15220,1,1.000171
15230,1,1.000172
15240,2,1.000172
15250,2,1.000172
15260,3,1.000172
15270,2,1.000172
15280,2,1.000173
15290,1,1.000173
15310,3,1.000173
15320,2,1.000173
15330,2,1.000173
15340,2,1.000174
15350,3,1.000174
15360,3,1.000174
15370,2,1.000175
15380,2,1.000175
15390,6,1.000175
15400,2,1.000176
15410,3,1.000176
15420,1,1.000176
15430,4,1.000176
15440,3,1.000177
15450,2,1.000177
15460,4,1.000177
15470,3,1.000178
15480,3,1.000178
15490,1,1.000178
15500,2,1.000178
15510,3,1.000179
15520,2,1.000179
15530,2,1.000179
15540,1,1.000179
15560,1,1.000179
15580,4,1.000180
15590,3,1.000180
15600,3,1.000180
15610,3,1.000181
15620,2,1.000181
15640,1,1.000181
15650,3,1.000181
15660,2,1.000182
15680,1,1.000182
15710,2,1.000182
15720,2,1.000182
15730,3,1.000182
15740,1,1.000183
15750,2,1.000183
15760,4,1.000183
15770,5,1.000184
15780,2,1.000184
15790,1,1.000184
15810,1,1.000184
15820,2,1.000184
15830,1,1.000184
15840,1,1.000184
15880,1,1.000185
15890,1,1.000185
15900,1,1.000185
15910,2,1.000185
15920,1,1.000185
15930,1,1.000185
15940,3,1.000185
15950,1,1.000186
15970,1,1.000186
15980,1,1.000186
15990,3,1.000186
16000,2,1.000186
16010,5,1.000187
16020,1,1.000187
16030,5,1.000188
16040,2,1.000188
16060,2,1.000188
16070,4,1.000188
16080,2,1.000189
16090,2,1.000189
16120,3,1.000189
16130,2,1.000189
16140,1,1.000189
16150,3,1.000190
16160,1,1.000190
16170,1,1.000190
16180,3,1.000190
16190,2,1.000190
16200,3,1.000191
16210,1,1.000191
16220,2,1.000191
16240,2,1.000191
16250,1,1.000191
16290,1,1.000191
16300,3,1.000192
16320,3,1.000192
16330,2,1.000192
16340,1,1.000192
16360,1,1.000193
16390,3,1.000193
16410,2,1.000193
16430,2,1.000193
16440,1,1.000193
16450,1,1.000193
16460,1,1.000194
16470,2,1.000194
16490,2,1.000194
16500,3,1.000194
16510,1,1.000194
16530,1,1.000195
16540,2,1.000195
16570,2,1.000195
16580,2,1.000195
16590,3,1.000196
16610,1,1.000196
16620,2,1.000196
16630,2,1.000196
16650,1,1.000196
16660,2,1.000196
16670,2,1.000197
16680,2,1.000197
16710,1,1.000197
16720,1,1.000197
16740,2,1.000197
16750,1,1.000197
16760,1,1.000197
16770,1,1.000198
16780,1,1.000198
16800,3,1.000198
16810,2,1.000198
16820,1,1.000198
16860,1,1.000198
16890,1,1.000198
16900,1,1.000199
16920,1,1.000199
16940,2,1.000199
16950,1,1.000199
16980,3,1.000199
16990,1,1.000199
17000,1,1.000200
17010,2,1.000200
17020,2,1.000200
17030,2,1.000200
17040,1,1.000200
17110,1,1.000200
17120,1,1.000201
17140,1,1.000201
17150,1,1.000201
17170,1,1.000201
17180,1,1.000201
17190,1,1.000201
17210,1,1.000201
17220,1,1.000201
17230,1,1.000201
17240,1,1.000201
17280,1,1.000201
17340,1,1.000202
17380,1,1.000202
17400,2,1.000202
17450,1,1.000202
17480,1,1.000202
17500,2,1.000202
17510,1,1.000202
17530,1,1.000203
17540,1,1.000203
17570,1,1.000203
17600,1,1.000203
17610,2,1.000203
17660,1,1.000203
17710,2,1.000203
17750,1,1.000203
17770,1,1.000204
17790,2,1.000204
17810,2,1.000204
17820,1,1.000204
17830,1,1.000204
17850,3,1.000205
17860,1,1.000205
17880,2,1.000205
17900,1,1.000205
17920,1,1.000205
17980,1,1.000205
17990,1,1.000205
18000,2,1.000206
18060,1,1.000206
18080,1,1.000206
18090,1,1.000206
18100,1,1.000206
18110,1,1.000206
18120,1,1.000206
18130,2,1.000206
18330,1,1.000206
18370,1,1.000207
18390,2,1.000207
18470,1,1.000207
18490,1,1.000207
18500,1,1.000207
18530,1,1.000207
18560,1,1.000207
18590,1,1.000207
18630,1,1.000208
18670,1,1.000208
18710,2,1.000208
18770,2,1.000208
18810,1,1.000208
18820,1,1.000208
18950,2,1.000208
18960,2,1.000209
18990,1,1.000209
19000,1,1.000209
19030,1,1.000209
19070,1,1.000209
19250,2,1.000209
19430,1,1.000209
19560,1,1.000209
19570,1,1.000210
19710,1,1.000210
19750,1,1.000210
19780,1,1.000210
19840,1,1.000210
19860,2,1.000210
20070,1,1.000210
20100,1,1.000210
20160,1,1.000211
