#latency,cnt,cdf
0,1719589,0.171959
10,5116,0.172470
20,576,0.172528
30,25960,0.175124
40,300,0.175154
50,10888,0.176243
60,780289,0.254272
70,50243,0.259296
80,743933,0.333689
90,16689,0.335358
100,422719,0.377630
110,446317,0.422262
120,314185,0.453680
130,410670,0.494747
140,54440,0.500191
150,162501,0.516442
160,16322,0.518074
170,687987,0.586872
180,550880,0.641960
190,675382,0.709499
200,323156,0.741814
210,257838,0.767598
220,63831,0.773981
230,954961,0.869477
240,145493,0.884027
250,70125,0.891039
260,222224,0.913261
270,167491,0.930010
280,200343,0.950045
290,47485,0.954793
300,84146,0.963208
310,34926,0.966700
320,143010,0.981001
330,64586,0.987460
340,51083,0.992568
350,1442,0.992713
360,2265,0.992939
370,1288,0.993068
380,10138,0.994082
390,32032,0.997285
400,1438,0.997429
410,1821,0.997611
420,4455,0.998056
430,1371,0.998193
440,197,0.998213
450,164,0.998230
460,109,0.998240
470,2279,0.998468
480,3064,0.998775
490,108,0.998785
500,90,0.998794
510,102,0.998805
520,78,0.998812
530,82,0.998821
540,70,0.998828
550,70,0.998835
560,52,0.998840
570,75,0.998847
580,61,0.998854
590,56,0.998859
600,58,0.998865
610,49,0.998870
620,47,0.998874
630,44,0.998879
640,35,0.998882
650,36,0.998886
660,41,0.998890
670,48,0.998895
680,50,0.998900
690,45,0.998904
700,56,0.998910
710,43,0.998914
720,55,0.998920
730,47,0.998924
740,40,0.998928
750,48,0.998933
760,41,0.998937
770,39,0.998941
780,49,0.998946
790,44,0.998951
800,65,0.998957
810,42,0.998961
820,50,0.998966
830,42,0.998971
840,50,0.998976
850,34,0.998979
860,38,0.998983
870,39,0.998987
880,38,0.998990
890,36,0.998994
900,45,0.998999
910,51,0.999004
920,48,0.999008
930,41,0.999012
940,40,0.999017
950,50,0.999021
960,41,0.999026
970,41,0.999030
980,27,0.999032
990,34,0.999036
1000,28,0.999039
1010,39,0.999043
1020,46,0.999047
1030,39,0.999051
1040,53,0.999056
1050,42,0.999061
1060,56,0.999066
1070,39,0.999070
1080,68,0.999077
1090,51,0.999082
1100,60,0.999088
1110,64,0.999094
1120,113,0.999106
1130,109,0.999116
1140,71,0.999124
1150,58,0.999129
1160,83,0.999138
1170,57,0.999143
1180,61,0.999150
1190,61,0.999156
1200,48,0.999160
1210,53,0.999166
1220,40,0.999170
1230,55,0.999175
1240,59,0.999181
1250,35,0.999185
1260,33,0.999188
1270,44,0.999192
1280,32,0.999196
1290,24,0.999198
1300,36,0.999201
1310,25,0.999204
1320,27,0.999207
1330,36,0.999210
1340,26,0.999213
1350,31,0.999216
1360,27,0.999219
1370,24,0.999221
1380,26,0.999224
1390,15,0.999225
1400,16,0.999227
1410,17,0.999228
1420,14,0.999230
1430,20,0.999232
1440,15,0.999233
1450,17,0.999235
1460,10,0.999236
1470,9,0.999237
1480,20,0.999239
1490,9,0.999240
1500,10,0.999241
1510,11,0.999242
1520,17,0.999244
1530,19,0.999246
1540,15,0.999247
1550,4,0.999247
1560,10,0.999249
1570,11,0.999250
1580,11,0.999251
1590,14,0.999252
1600,13,0.999253
1610,12,0.999255
1620,10,0.999256
1630,13,0.999257
1640,8,0.999258
1650,16,0.999259
1660,26,0.999262
1670,41,0.999266
1680,27,0.999269
1690,13,0.999270
1700,16,0.999272
1710,15,0.999273
1720,10,0.999274
1730,12,0.999275
1740,14,0.999277
1750,10,0.999278
1760,10,0.999279
1770,32,0.999282
1780,72,0.999289
1790,87,0.999298
1800,263,0.999324
1810,187,0.999343
1820,74,0.999350
1830,261,0.999376
1840,172,0.999394
1850,19,0.999395
1860,20,0.999397
1870,12,0.999399
1880,14,0.999400
1890,12,0.999401
1900,15,0.999403
1910,10,0.999404
1920,10,0.999405
1930,43,0.999409
1940,113,0.999420
1950,37,0.999424
1960,30,0.999427
1970,36,0.999431
1980,17,0.999432
1990,18,0.999434
2000,16,0.999436
2010,9,0.999437
2020,12,0.999438
2030,11,0.999439
2040,13,0.999440
2050,12,0.999441
2060,7,0.999442
2070,19,0.999444
2080,36,0.999448
2090,19,0.999449
2100,13,0.999451
2110,4,0.999451
2120,12,0.999452
2130,15,0.999454
2140,18,0.999456
2150,12,0.999457
2160,15,0.999458
2170,17,0.999460
2180,22,0.999462
2190,30,0.999465
2200,17,0.999467
2210,9,0.999468
2220,17,0.999470
2230,13,0.999471
2240,14,0.999472
2250,18,0.999474
2260,19,0.999476
2270,23,0.999478
2280,18,0.999480
2290,16,0.999482
2300,16,0.999483
2310,21,0.999485
2320,19,0.999487
2330,10,0.999488
2340,13,0.999490
2350,17,0.999491
2360,7,0.999492
2370,10,0.999493
2380,11,0.999494
2390,10,0.999495
2400,12,0.999496
2410,16,0.999498
2420,10,0.999499
2430,12,0.999500
2440,14,0.999502
2450,21,0.999504
2460,14,0.999505
2470,6,0.999506
2480,19,0.999507
2490,18,0.999509
2500,10,0.999510
2510,9,0.999511
2520,10,0.999512
2530,14,0.999514
2540,14,0.999515
2550,24,0.999517
2560,13,0.999519
2570,4,0.999519
2580,11,0.999520
2590,5,0.999521
2600,3,0.999521
2610,5,0.999521
2620,10,0.999523
2630,10,0.999524
2640,3,0.999524
2650,11,0.999525
2660,7,0.999526
2670,10,0.999527
2680,13,0.999528
2690,7,0.999529
2700,9,0.999529
2710,9,0.999530
2720,4,0.999531
2730,4,0.999531
2740,8,0.999532
2750,7,0.999533
2760,7,0.999533
2770,5,0.999534
2780,7,0.999535
2790,9,0.999536
2800,10,0.999537
2810,7,0.999537
2820,9,0.999538
2830,11,0.999539
2840,8,0.999540
2850,9,0.999541
2860,8,0.999542
2870,10,0.999543
2880,7,0.999543
2890,8,0.999544
2900,6,0.999545
2910,6,0.999545
2920,13,0.999547
2930,10,0.999548
2940,13,0.999549
2950,9,0.999550
2960,9,0.999551
2970,6,0.999551
2980,7,0.999552
2990,8,0.999553
3000,6,0.999554
3010,9,0.999554
3020,11,0.999556
3030,14,0.999557
3040,3,0.999557
3050,9,0.999558
3060,8,0.999559
3070,13,0.999560
3080,8,0.999561
3090,14,0.999562
3100,7,0.999563
3110,7,0.999564
3120,7,0.999565
3130,7,0.999565
3140,7,0.999566
3150,8,0.999567
3160,14,0.999568
3170,10,0.999569
3180,11,0.999570
3190,22,0.999572
3200,9,0.999573
3210,7,0.999574
3220,5,0.999574
3230,12,0.999576
3240,12,0.999577
3250,6,0.999578
3260,9,0.999578
3270,17,0.999580
3280,10,0.999581
3290,8,0.999582
3300,14,0.999583
3310,10,0.999584
3320,10,0.999585
3330,15,0.999587
3340,12,0.999588
3350,10,0.999589
3360,11,0.999590
3370,9,0.999591
3380,8,0.999592
3390,12,0.999593
3400,13,0.999594
3410,13,0.999596
3420,11,0.999597
3430,17,0.999598
3440,14,0.999600
3450,11,0.999601
3460,16,0.999602
3470,12,0.999604
3480,16,0.999605
3490,7,0.999606
3500,16,0.999608
3510,9,0.999609
3520,14,0.999610
3530,13,0.999611
3540,23,0.999614
3550,18,0.999615
3560,19,0.999617
3570,16,0.999619
3580,14,0.999620
3590,16,0.999622
3600,13,0.999623
3610,15,0.999625
3620,18,0.999626
3630,12,0.999628
3640,12,0.999629
3650,17,0.999631
3660,15,0.999632
3670,9,0.999633
3680,21,0.999635
3690,19,0.999637
3700,10,0.999638
3710,12,0.999639
3720,13,0.999640
3730,19,0.999642
3740,15,0.999644
3750,14,0.999645
3760,17,0.999647
3770,12,0.999648
3780,20,0.999650
3790,11,0.999651
3800,17,0.999653
3810,18,0.999655
3820,10,0.999656
3830,19,0.999658
3840,15,0.999659
3850,20,0.999661
3860,13,0.999662
3870,12,0.999664
3880,16,0.999665
3890,13,0.999667
3900,12,0.999668
3910,8,0.999668
3920,15,0.999670
3930,11,0.999671
3940,18,0.999673
3950,7,0.999674
3960,10,0.999675
3970,6,0.999675
3980,14,0.999677
3990,11,0.999678
4000,9,0.999679
4010,8,0.999679
4020,15,0.999681
4030,14,0.999682
4040,12,0.999683
4050,3,0.999684
4060,8,0.999685
4070,8,0.999685
4080,10,0.999686
4090,8,0.999687
4100,8,0.999688
4110,5,0.999689
4120,5,0.999689
4130,12,0.999690
4140,5,0.999691
4150,8,0.999691
4160,4,0.999692
4170,6,0.999692
4180,2,0.999693
4190,3,0.999693
4200,7,0.999694
4210,4,0.999694
4230,9,0.999695
4240,6,0.999696
4250,6,0.999696
4260,4,0.999697
4270,5,0.999697
4280,7,0.999698
4290,5,0.999698
4300,4,0.999699
4310,2,0.999699
4320,5,0.999699
4330,9,0.999700
4340,8,0.999701
4350,2,0.999701
4360,2,0.999701
4370,5,0.999702
4380,6,0.999703
4390,9,0.999704
4400,5,0.999704
4410,5,0.999704
4420,9,0.999705
4430,6,0.999706
4440,6,0.999707
4450,8,0.999707
4460,8,0.999708
4470,7,0.999709
4480,8,0.999710
4490,9,0.999711
4500,9,0.999712
4510,5,0.999712
4520,7,0.999713
4530,11,0.999714
4540,10,0.999715
4550,11,0.999716
4560,14,0.999717
4570,12,0.999718
4580,13,0.999720
4590,12,0.999721
4600,16,0.999723
4610,29,0.999726
4620,59,0.999731
4630,25,0.999734
4640,19,0.999736
4650,30,0.999739
4660,29,0.999742
4670,13,0.999743
4680,57,0.999749
4690,31,0.999752
4700,19,0.999754
4710,38,0.999758
4720,33,0.999761
4730,9,0.999762
4740,16,0.999763
4750,27,0.999766
4760,9,0.999767
4770,12,0.999768
4780,17,0.999770
4790,25,0.999772
4800,15,0.999774
4810,35,0.999777
4820,48,0.999782
4830,32,0.999785
4840,50,0.999790
4850,58,0.999796
4860,28,0.999799
4870,44,0.999803
4880,76,0.999811
4890,45,0.999815
4900,76,0.999823
4910,101,0.999833
4920,37,0.999837
4930,27,0.999839
4940,49,0.999844
4950,22,0.999847
4960,31,0.999850
4970,62,0.999856
4980,43,0.999860
4990,20,0.999862
5000,29,0.999865
5010,25,0.999868
5020,21,0.999870
5030,25,0.999872
5040,27,0.999875
5050,30,0.999878
5060,24,0.999880
5070,31,0.999883
5080,30,0.999886
5090,29,0.999889
5100,12,0.999891
5110,39,0.999894
5120,22,0.999897
5130,16,0.999898
5140,15,0.999900
5150,13,0.999901
5160,9,0.999902
5170,11,0.999903
5180,12,0.999904
5190,12,0.999905
5200,17,0.999907
5210,19,0.999909
5220,10,0.999910
5230,16,0.999912
5240,5,0.999912
5250,11,0.999913
5260,6,0.999914
5270,17,0.999915
5280,8,0.999916
5290,8,0.999917
5300,8,0.999918
5310,10,0.999919
5320,9,0.999920
5330,5,0.999920
5340,1,0.999920
5350,7,0.999921
5360,7,0.999922
5370,3,0.999922
5380,4,0.999923
5390,6,0.999923
5400,3,0.999923
5410,6,0.999924
5420,3,0.999924
5430,2,0.999924
5440,4,0.999925
5450,4,0.999925
5460,1,0.999925
5470,3,0.999926
5480,4,0.999926
5490,3,0.999926
5510,2,0.999927
5530,2,0.999927
5550,3,0.999927
5560,1,0.999927
5570,1,0.999927
5580,4,0.999928
5600,1,0.999928
5610,1,0.999928
5620,3,0.999928
5630,2,0.999928
5650,2,0.999929
5660,1,0.999929
5670,1,0.999929
5680,3,0.999929
5690,3,0.999929
5700,5,0.999930
5710,1,0.999930
5720,1,0.999930
5730,2,0.999930
5740,3,0.999931
5750,1,0.999931
5760,1,0.999931
5770,2,0.999931
5780,1,0.999931
5790,2,0.999931
5800,3,0.999932
5810,4,0.999932
5830,2,0.999932
5840,4,0.999933
5850,2,0.999933
5860,1,0.999933
5870,5,0.999933
5880,1,0.999933
5890,1,0.999934
5900,2,0.999934
5910,7,0.999934
5920,2,0.999935
5930,3,0.999935
5940,4,0.999935
5950,2,0.999936
5960,3,0.999936
5970,5,0.999936
5980,3,0.999937
5990,3,0.999937
6000,5,0.999937
6010,4,0.999938
6020,6,0.999938
6030,2,0.999939
6040,2,0.999939
6050,7,0.999940
6060,5,0.999940
6070,4,0.999941
6080,4,0.999941
6090,5,0.999941
6100,3,0.999942
6110,6,0.999942
6120,6,0.999943
6130,6,0.999943
6140,9,0.999944
6150,3,0.999945
6160,2,0.999945
6170,2,0.999945
6180,3,0.999945
6190,6,0.999946
6200,5,0.999946
6210,6,0.999947
6220,3,0.999947
6230,1,0.999947
6240,1,0.999948
6250,4,0.999948
6260,5,0.999949
6270,8,0.999949
6280,4,0.999950
6290,7,0.999950
6300,6,0.999951
6310,6,0.999952
6320,4,0.999952
6330,8,0.999953
6340,6,0.999953
6350,9,0.999954
6360,7,0.999955
6370,9,0.999956
6380,7,0.999957
6390,6,0.999957
6400,7,0.999958
6410,7,0.999959
6420,9,0.999960
6430,6,0.999960
6440,7,0.999961
6450,5,0.999961
6460,13,0.999963
6470,8,0.999963
6480,4,0.999964
6490,7,0.999964
6500,13,0.999966
6510,6,0.999966
6520,8,0.999967
6530,7,0.999968
6540,7,0.999969
6550,7,0.999969
6560,14,0.999971
6570,9,0.999972
6580,8,0.999972
6590,5,0.999973
6600,11,0.999974
6610,5,0.999974
6620,3,0.999975
6630,6,0.999975
6640,5,0.999976
6650,12,0.999977
6660,5,0.999978
6670,14,0.999979
6680,9,0.999980
6690,7,0.999981
6700,4,0.999981
6710,9,0.999982
6720,6,0.999982
6730,6,0.999983
6740,5,0.999984
6750,6,0.999984
6760,4,0.999985
6770,3,0.999985
6780,1,0.999985
6790,6,0.999986
6800,6,0.999986
6810,2,0.999986
6820,8,0.999987
6830,3,0.999987
6840,4,0.999988
6850,1,0.999988
6860,4,0.999988
6870,2,0.999989
6880,2,0.999989
6900,6,0.999989
6910,3,0.999990
6920,6,0.999990
6930,2,0.999991
6940,3,0.999991
6950,3,0.999991
6960,3,0.999991
6970,3,0.999992
6980,1,0.999992
7020,3,0.999992
7040,3,0.999992
7050,3,0.999993
7060,1,0.999993
7070,2,0.999993
7080,2,0.999993
7090,1,0.999993
7110,2,0.999994
7120,1,0.999994
7140,1,0.999994
7150,4,0.999994
7160,1,0.999994
7170,1,0.999994
7180,1,0.999994
7190,2,0.999995
7200,4,0.999995
7210,2,0.999995
7220,1,0.999995
7230,1,0.999995
7240,2,0.999996
7260,1,0.999996
7270,1,0.999996
7300,3,0.999996
7320,1,0.999996
7330,1,0.999996
7370,1,0.999996
7380,1,0.999996
7420,1,0.999997
7450,1,0.999997
7730,1,0.999997
7750,2,0.999997
7770,1,0.999997
7830,1,0.999997
7890,1,0.999997
8020,1,0.999997
8050,1,0.999997
8060,1,0.999998
8230,1,0.999998
8240,1,0.999998
8270,1,0.999998
8360,1,0.999998
8380,1,0.999998
8470,2,0.999998
8780,1,0.999998
8820,1,0.999999
9170,1,0.999999
9300,1,0.999999
9310,1,0.999999
9360,1,0.999999
9440,1,0.999999
9670,1,0.999999
9900,1,0.999999
10220,1,0.999999
10300,1,0.999999
10470,1,1.000000
11130,1,1.000000
11220,1,1.000000
11250,1,1.000000
12040,1,1.000000
14380,1,1.000000
