#latency,cnt,cdf
0,413,0.000083
10,2,0.000083
20,1,0.000083
30,21,0.000087
50,1934,0.000474
60,319987,0.064456
70,58981,0.076249
80,339555,0.144143
90,14860,0.147114
100,81793,0.163469
110,116419,0.186747
120,229657,0.232667
130,101288,0.252920
140,47415,0.262400
150,114414,0.285277
160,12419,0.287761
170,100718,0.307899
180,239589,0.355805
190,263057,0.408403
200,289681,0.466325
210,254178,0.517148
220,164891,0.550118
230,347139,0.619529
240,208013,0.661121
250,108125,0.682741
260,145736,0.711881
270,375662,0.786995
280,164468,0.819880
290,162027,0.852278
300,98045,0.871882
310,125010,0.896878
320,179943,0.932857
330,72683,0.947390
340,113132,0.970011
350,9876,0.971986
360,13317,0.974648
370,11385,0.976925
380,18426,0.980609
390,44192,0.989445
400,8620,0.991169
410,3170,0.991803
420,3041,0.992411
430,4798,0.993370
440,3418,0.994054
450,858,0.994225
460,715,0.994368
470,1240,0.994616
480,3816,0.995379
490,488,0.995477
500,499,0.995577
510,828,0.995742
520,309,0.995804
530,306,0.995865
540,174,0.995900
550,145,0.995929
560,176,0.995964
570,196,0.996003
580,403,0.996084
590,212,0.996126
600,193,0.996165
610,209,0.996207
620,226,0.996252
630,301,0.996312
640,261,0.996364
650,230,0.996410
660,262,0.996462
670,277,0.996518
680,230,0.996564
690,204,0.996605
700,215,0.996648
710,195,0.996687
720,231,0.996733
730,213,0.996775
740,187,0.996813
750,169,0.996847
760,158,0.996878
770,172,0.996913
780,131,0.996939
790,119,0.996963
800,131,0.996989
810,136,0.997016
820,123,0.997041
830,131,0.997067
840,110,0.997089
850,128,0.997114
860,106,0.997136
870,134,0.997162
880,132,0.997189
890,150,0.997219
900,140,0.997247
910,136,0.997274
920,180,0.997310
930,165,0.997343
940,134,0.997370
950,173,0.997404
960,185,0.997441
970,125,0.997466
980,154,0.997497
990,147,0.997526
1000,128,0.997552
1010,140,0.997580
1020,123,0.997605
1030,118,0.997628
1040,104,0.997649
1050,95,0.997668
1060,103,0.997689
1070,98,0.997708
1080,88,0.997726
1090,86,0.997743
1100,84,0.997760
1110,94,0.997779
1120,80,0.997795
1130,75,0.997810
1140,61,0.997822
1150,74,0.997837
1160,62,0.997849
1170,71,0.997863
1180,73,0.997878
1190,60,0.997890
1200,67,0.997903
1210,77,0.997918
1220,62,0.997931
1230,64,0.997944
1240,72,0.997958
1250,74,0.997973
1260,81,0.997989
1270,80,0.998005
1280,75,0.998020
1290,79,0.998036
1300,83,0.998052
1310,104,0.998073
1320,79,0.998089
1330,103,0.998110
1340,97,0.998129
1350,74,0.998144
1360,104,0.998165
1370,106,0.998186
1380,101,0.998206
1390,82,0.998222
1400,75,0.998237
1410,84,0.998254
1420,69,0.998268
1430,75,0.998283
1440,63,0.998296
1450,56,0.998307
1460,54,0.998318
1470,60,0.998330
1480,51,0.998340
1490,51,0.998350
1500,36,0.998357
1510,40,0.998365
1520,57,0.998377
1530,53,0.998387
1540,51,0.998397
1550,43,0.998406
1560,36,0.998413
1570,40,0.998421
1580,48,0.998431
1590,42,0.998439
1600,39,0.998447
1610,36,0.998454
1620,34,0.998461
1630,36,0.998468
1640,40,0.998476
1650,36,0.998483
1660,28,0.998489
1670,38,0.998497
1680,30,0.998503
1690,44,0.998511
1700,39,0.998519
1710,31,0.998525
1720,31,0.998532
1730,46,0.998541
1740,28,0.998546
1750,31,0.998553
1760,24,0.998557
1770,28,0.998563
1780,39,0.998571
1790,39,0.998579
1800,28,0.998584
1810,34,0.998591
1820,36,0.998598
1830,31,0.998604
1840,33,0.998611
1850,39,0.998619
1860,31,0.998625
1870,24,0.998630
1880,27,0.998635
1890,26,0.998640
1900,43,0.998649
1910,37,0.998656
1920,35,0.998663
1930,21,0.998668
1940,34,0.998674
1950,39,0.998682
1960,36,0.998689
1970,28,0.998695
1980,40,0.998703
1990,41,0.998711
2000,26,0.998716
2010,32,0.998723
2020,32,0.998729
2030,37,0.998737
2040,32,0.998743
2050,37,0.998750
2060,35,0.998757
2070,26,0.998762
2080,25,0.998767
2090,34,0.998774
2100,26,0.998779
2110,29,0.998785
2120,28,0.998791
2130,31,0.998797
2140,22,0.998801
2150,31,0.998808
2160,23,0.998812
2170,28,0.998818
2180,30,0.998824
2190,23,0.998828
2200,31,0.998835
2210,32,0.998841
2220,30,0.998847
2230,31,0.998853
2240,32,0.998860
2250,21,0.998864
2260,17,0.998867
2270,25,0.998872
2280,22,0.998877
2290,27,0.998882
2300,25,0.998887
2310,36,0.998894
2320,20,0.998898
2330,27,0.998904
2340,24,0.998908
2350,28,0.998914
2360,23,0.998919
2370,30,0.998925
2380,27,0.998930
2390,22,0.998934
2400,27,0.998940
2410,25,0.998945
2420,22,0.998949
2430,30,0.998955
2440,34,0.998962
2450,25,0.998967
2460,24,0.998972
2470,30,0.998978
2480,31,0.998984
2490,11,0.998986
2500,17,0.998990
2510,29,0.998995
2520,36,0.999003
2530,25,0.999008
2540,23,0.999012
2550,28,0.999018
2560,13,0.999020
2570,22,0.999025
2580,19,0.999029
2590,24,0.999033
2600,22,0.999038
2610,22,0.999042
2620,20,0.999046
2630,23,0.999051
2640,28,0.999056
2650,18,0.999060
2660,20,0.999064
2670,27,0.999069
2680,21,0.999074
2690,25,0.999079
2700,24,0.999083
2710,35,0.999090
2720,28,0.999096
2730,26,0.999101
2740,25,0.999106
2750,29,0.999112
2760,14,0.999115
2770,24,0.999120
2780,23,0.999124
2790,37,0.999132
2800,25,0.999137
2810,26,0.999142
2820,20,0.999146
2830,27,0.999151
2840,24,0.999156
2850,33,0.999163
2860,24,0.999167
2870,36,0.999175
2880,31,0.999181
2890,33,0.999187
2900,38,0.999195
2910,34,0.999202
2920,26,0.999207
2930,15,0.999210
2940,28,0.999216
2950,33,0.999222
2960,25,0.999227
2970,35,0.999234
2980,26,0.999239
2990,32,0.999246
3000,26,0.999251
3010,31,0.999257
3020,41,0.999265
3030,37,0.999273
3040,35,0.999280
3050,24,0.999285
3060,34,0.999291
3070,28,0.999297
3080,34,0.999304
3090,34,0.999311
3100,36,0.999318
3110,34,0.999325
3120,25,0.999330
3130,37,0.999337
3140,30,0.999343
3150,36,0.999350
3160,30,0.999356
3170,40,0.999364
3180,36,0.999371
3190,30,0.999377
3200,43,0.999386
3210,30,0.999392
3220,39,0.999400
3230,35,0.999407
3240,36,0.999414
3250,34,0.999421
3260,41,0.999429
3270,26,0.999434
3280,28,0.999440
3290,37,0.999447
3300,38,0.999455
3310,36,0.999462
3320,37,0.999469
3330,38,0.999477
3340,27,0.999482
3350,35,0.999489
3360,27,0.999495
3370,38,0.999502
3380,41,0.999511
3390,30,0.999517
3400,30,0.999523
3410,23,0.999527
3420,34,0.999534
3430,40,0.999542
3440,44,0.999551
3450,33,0.999557
3460,44,0.999566
3470,36,0.999573
3480,36,0.999581
3490,38,0.999588
3500,32,0.999595
3510,31,0.999601
3520,41,0.999609
3530,47,0.999618
3540,43,0.999627
3550,41,0.999635
3560,42,0.999644
3570,40,0.999651
3580,38,0.999659
3590,38,0.999667
3600,27,0.999672
3610,31,0.999678
3620,32,0.999685
3630,23,0.999689
3640,36,0.999696
3650,30,0.999702
3660,24,0.999707
3670,40,0.999715
3680,38,0.999723
3690,27,0.999728
3700,32,0.999735
3710,28,0.999740
3720,21,0.999744
3730,30,0.999750
3740,26,0.999756
3750,29,0.999761
3760,16,0.999765
3770,27,0.999770
3780,23,0.999775
3790,20,0.999779
3800,21,0.999783
3810,25,0.999788
3820,19,0.999792
3830,28,0.999797
3840,19,0.999801
3850,18,0.999805
3860,22,0.999809
3870,19,0.999813
3880,23,0.999817
3890,13,0.999820
3900,17,0.999823
3910,18,0.999827
3920,12,0.999829
3930,18,0.999833
3940,15,0.999836
3950,13,0.999839
3960,10,0.999841
3970,13,0.999843
3980,9,0.999845
3990,9,0.999847
4000,9,0.999849
4010,5,0.999850
4020,11,0.999852
4030,9,0.999854
4040,10,0.999856
4050,7,0.999857
4060,14,0.999860
4070,13,0.999862
4080,10,0.999864
4090,11,0.999867
4100,9,0.999868
4110,9,0.999870
4120,5,0.999871
4130,7,0.999873
4140,10,0.999875
4150,2,0.999875
4160,7,0.999876
4170,7,0.999878
4180,11,0.999880
4190,6,0.999881
4200,4,0.999882
4210,4,0.999883
4220,10,0.999885
4230,10,0.999887
4240,7,0.999888
4250,2,0.999889
4260,11,0.999891
4270,10,0.999893
4280,6,0.999894
4290,11,0.999896
4300,9,0.999898
4310,5,0.999899
4320,4,0.999900
4330,6,0.999901
4340,15,0.999904
4350,4,0.999905
4360,3,0.999905
4370,7,0.999907
4380,4,0.999908
4390,8,0.999909
4400,6,0.999910
4410,9,0.999912
4420,4,0.999913
4430,4,0.999914
4440,7,0.999915
4450,11,0.999917
4460,8,0.999919
4470,3,0.999920
4480,2,0.999920
4490,6,0.999921
4500,14,0.999924
4510,4,0.999925
4520,7,0.999926
4530,4,0.999927
4540,8,0.999929
4550,7,0.999930
4560,4,0.999931
4570,7,0.999932
4580,4,0.999933
4590,4,0.999934
4600,8,0.999935
4610,4,0.999936
4620,3,0.999937
4630,5,0.999938
4640,2,0.999938
4650,8,0.999940
4660,8,0.999941
4670,5,0.999942
4680,5,0.999943
4690,2,0.999944
4700,1,0.999944
4710,4,0.999945
4720,6,0.999946
4730,6,0.999947
4740,6,0.999948
4750,4,0.999949
4760,3,0.999950
4770,4,0.999951
4780,5,0.999952
4790,3,0.999952
4820,3,0.999953
4830,10,0.999955
4840,4,0.999956
4850,4,0.999956
4860,4,0.999957
4870,6,0.999958
4880,3,0.999959
4890,1,0.999959
4900,2,0.999960
4910,2,0.999960
4920,3,0.999961
4940,6,0.999962
4950,6,0.999963
4960,3,0.999964
4970,4,0.999964
4980,2,0.999965
4990,4,0.999966
5000,4,0.999966
5010,1,0.999967
5020,3,0.999967
5030,1,0.999967
5040,3,0.999968
5050,2,0.999968
5060,3,0.999969
5090,2,0.999969
5100,4,0.999970
5110,3,0.999971
5120,2,0.999971
5130,4,0.999972
5140,1,0.999972
5150,2,0.999973
5160,2,0.999973
5170,1,0.999973
5180,1,0.999973
5190,3,0.999974
5200,2,0.999974
5230,2,0.999975
5240,2,0.999975
5250,2,0.999976
5260,3,0.999976
5270,1,0.999976
5280,4,0.999977
5300,1,0.999977
5310,1,0.999978
5320,1,0.999978
5330,1,0.999978
5340,1,0.999978
5360,3,0.999979
5370,2,0.999979
5380,2,0.999980
5390,1,0.999980
5420,1,0.999980
5440,1,0.999980
5460,3,0.999981
5470,2,0.999981
5490,2,0.999982
5540,1,0.999982
5570,1,0.999982
5580,1,0.999982
5590,1,0.999982
5600,1,0.999983
5610,3,0.999983
5620,2,0.999984
5630,2,0.999984
5650,2,0.999984
5660,1,0.999985
5700,1,0.999985
5720,1,0.999985
5730,1,0.999985
5760,1,0.999985
5820,3,0.999986
5830,2,0.999986
5860,1,0.999987
5870,1,0.999987
5920,2,0.999987
5930,1,0.999987
5950,1,0.999988
5960,2,0.999988
5970,2,0.999988
5980,1,0.999989
6010,2,0.999989
6020,4,0.999990
6040,1,0.999990
6060,1,0.999990
6090,1,0.999990
6110,1,0.999991
6120,1,0.999991
6150,2,0.999991
6170,1,0.999991
6200,1,0.999992
6210,1,0.999992
6220,2,0.999992
6250,2,0.999993
6270,1,0.999993
6290,1,0.999993
6320,1,0.999993
6330,1,0.999993
6380,1,0.999994
6390,1,0.999994
6400,1,0.999994
6420,1,0.999994
6440,1,0.999994
6460,2,0.999995
6490,2,0.999995
6570,1,0.999995
6580,1,0.999996
6640,1,0.999996
6660,1,0.999996
6670,1,0.999996
6680,1,0.999996
6700,2,0.999997
6750,1,0.999997
6760,1,0.999997
6800,2,0.999998
6890,1,0.999998
6970,1,0.999998
7080,1,0.999998
7180,1,0.999998
7500,1,0.999999
8070,1,0.999999
8120,1,0.999999
8330,1,0.999999
8440,1,0.999999
8740,1,1.000000
8800,1,1.000000
8960,1,1.000000
