#latency,cnt,cdf
30,12,0.000001
50,3328,0.000352
60,697476,0.073766
70,81058,0.082298
80,705139,0.156519
90,18449,0.158461
100,123798,0.171492
110,293096,0.202342
120,400496,0.244497
130,183249,0.263786
140,66054,0.270738
150,230023,0.294950
160,19991,0.297054
170,189776,0.317029
180,492941,0.368915
190,454906,0.416797
200,579609,0.477805
210,501088,0.530549
220,304537,0.562603
230,680058,0.634185
240,383711,0.674573
250,189481,0.694517
260,305370,0.726660
270,707958,0.801178
280,334191,0.836354
290,276366,0.865443
300,180485,0.884441
310,212952,0.906855
320,354964,0.944218
330,130449,0.957949
340,186665,0.977597
350,12582,0.978921
360,21405,0.981174
370,15412,0.982796
380,30206,0.985976
390,81956,0.994602
400,11578,0.995821
410,4655,0.996311
420,5987,0.996941
430,6132,0.997586
440,3112,0.997914
450,1147,0.998035
460,782,0.998117
470,2868,0.998419
480,6724,0.999126
490,396,0.999168
500,623,0.999234
510,1003,0.999339
520,209,0.999361
530,228,0.999385
540,63,0.999392
550,57,0.999398
560,45,0.999403
570,84,0.999412
580,237,0.999436
590,59,0.999443
600,38,0.999447
610,42,0.999451
620,46,0.999456
630,58,0.999462
640,36,0.999466
650,63,0.999472
660,73,0.999480
670,63,0.999487
680,53,0.999492
690,56,0.999498
700,80,0.999507
710,47,0.999512
720,42,0.999516
730,51,0.999521
740,42,0.999526
750,63,0.999532
760,48,0.999538
770,50,0.999543
780,34,0.999546
790,46,0.999551
800,45,0.999556
810,33,0.999559
820,26,0.999562
830,28,0.999565
840,35,0.999569
850,38,0.999573
860,24,0.999575
870,33,0.999579
880,27,0.999582
890,46,0.999586
900,45,0.999591
910,30,0.999594
920,33,0.999598
930,32,0.999601
940,52,0.999607
950,33,0.999610
960,39,0.999614
970,40,0.999618
980,35,0.999622
990,33,0.999626
1000,47,0.999631
1010,32,0.999634
1020,41,0.999638
1030,29,0.999641
1040,24,0.999644
1050,30,0.999647
1060,33,0.999650
1070,22,0.999653
1080,27,0.999656
1090,23,0.999658
1100,31,0.999661
1110,20,0.999663
1120,16,0.999665
1130,19,0.999667
1140,22,0.999669
1150,16,0.999671
1160,20,0.999673
1170,11,0.999674
1180,15,0.999676
1190,18,0.999678
1200,15,0.999679
1210,17,0.999681
1220,13,0.999683
1230,13,0.999684
1240,13,0.999685
1250,10,0.999686
1260,12,0.999688
1270,15,0.999689
1280,13,0.999691
1290,21,0.999693
1300,29,0.999696
1310,21,0.999698
1320,28,0.999701
1330,19,0.999703
1340,21,0.999705
1350,18,0.999707
1360,24,0.999710
1370,23,0.999712
1380,34,0.999716
1390,25,0.999718
1400,12,0.999720
1410,24,0.999722
1420,24,0.999725
1430,22,0.999727
1440,24,0.999729
1450,21,0.999732
1460,13,0.999733
1470,17,0.999735
1480,11,0.999736
1490,13,0.999737
1500,7,0.999738
1510,8,0.999739
1520,19,0.999741
1530,11,0.999742
1540,13,0.999743
1550,10,0.999744
1560,10,0.999745
1570,9,0.999746
1580,9,0.999747
1590,9,0.999748
1600,12,0.999750
1610,6,0.999750
1620,10,0.999751
1630,10,0.999752
1640,6,0.999753
1650,9,0.999754
1660,9,0.999755
1670,7,0.999756
1680,12,0.999757
1690,13,0.999758
1700,9,0.999759
1710,13,0.999761
1720,5,0.999761
1730,8,0.999762
1740,6,0.999763
1750,8,0.999763
1760,9,0.999764
1770,7,0.999765
1780,2,0.999765
1790,4,0.999766
1800,10,0.999767
1810,7,0.999767
1820,6,0.999768
1830,10,0.999769
1840,3,0.999770
1850,10,0.999771
1860,9,0.999771
1870,12,0.999773
1880,17,0.999775
1890,13,0.999776
1900,13,0.999777
1910,29,0.999780
1920,15,0.999782
1930,23,0.999784
1940,17,0.999786
1950,13,0.999788
1960,11,0.999789
1970,18,0.999791
1980,15,0.999792
1990,10,0.999793
2000,12,0.999794
2010,23,0.999797
2020,16,0.999799
2030,25,0.999801
2040,25,0.999804
2050,17,0.999806
2060,19,0.999808
2070,17,0.999809
2080,18,0.999811
2090,14,0.999813
2100,14,0.999814
2110,10,0.999815
2120,5,0.999816
2130,5,0.999816
2140,13,0.999818
2150,10,0.999819
2160,7,0.999819
2170,18,0.999821
2180,8,0.999822
2190,4,0.999823
2200,9,0.999824
2210,7,0.999824
2220,11,0.999825
2230,5,0.999826
2240,9,0.999827
2250,9,0.999828
2260,9,0.999829
2270,11,0.999830
2280,12,0.999831
2290,12,0.999833
2300,13,0.999834
2310,10,0.999835
2320,19,0.999837
2330,13,0.999838
2340,10,0.999839
2350,13,0.999841
2360,13,0.999842
2370,11,0.999843
2380,8,0.999844
2390,8,0.999845
2400,8,0.999846
2410,5,0.999846
2420,10,0.999847
2430,11,0.999849
2440,9,0.999849
2450,4,0.999850
2460,7,0.999851
2470,6,0.999851
2480,8,0.999852
2490,16,0.999854
2500,8,0.999855
2510,9,0.999856
2520,13,0.999857
2530,11,0.999858
2540,7,0.999859
2550,16,0.999861
2560,8,0.999861
2570,14,0.999863
2580,6,0.999864
2590,6,0.999864
2600,7,0.999865
2610,10,0.999866
2620,7,0.999867
2630,6,0.999867
2640,11,0.999868
2650,6,0.999869
2660,10,0.999870
2670,8,0.999871
2680,6,0.999872
2690,7,0.999872
2700,9,0.999873
2710,5,0.999874
2720,7,0.999875
2730,8,0.999875
2740,6,0.999876
2750,8,0.999877
2760,12,0.999878
2770,9,0.999879
2780,6,0.999880
2790,1,0.999880
2800,6,0.999880
2810,8,0.999881
2820,5,0.999882
2830,10,0.999883
2840,5,0.999883
2850,11,0.999885
2860,8,0.999885
2870,5,0.999886
2880,3,0.999886
2890,6,0.999887
2900,6,0.999887
2910,11,0.999889
2920,4,0.999889
2930,9,0.999890
2940,4,0.999890
2950,7,0.999891
2960,10,0.999892
2970,7,0.999893
2980,9,0.999894
2990,3,0.999894
3000,7,0.999895
3010,9,0.999896
3020,8,0.999897
3030,8,0.999898
3040,5,0.999898
3050,7,0.999899
3060,8,0.999900
3070,6,0.999900
3080,2,0.999901
3090,7,0.999901
3100,5,0.999902
3110,8,0.999903
3120,4,0.999903
3130,10,0.999904
3140,7,0.999905
3150,3,0.999905
3160,10,0.999906
3170,11,0.999907
3180,4,0.999908
3190,9,0.999909
3200,14,0.999910
3210,11,0.999911
3220,12,0.999913
3230,12,0.999914
3240,4,0.999914
3250,14,0.999916
3260,8,0.999917
3270,8,0.999918
3280,7,0.999918
3290,10,0.999919
3300,9,0.999920
3310,7,0.999921
3320,11,0.999922
3330,3,0.999922
3340,16,0.999924
3350,9,0.999925
3360,13,0.999926
3370,12,0.999928
3380,9,0.999929
3390,6,0.999929
3400,11,0.999930
3410,16,0.999932
3420,10,0.999933
3430,16,0.999935
3440,12,0.999936
3450,15,0.999938
3460,12,0.999939
3470,5,0.999940
3480,11,0.999941
3490,12,0.999942
3500,15,0.999943
3510,13,0.999945
3520,20,0.999947
3530,13,0.999948
3540,12,0.999950
3550,7,0.999950
3560,8,0.999951
3570,13,0.999953
3580,9,0.999953
3590,10,0.999955
3600,11,0.999956
3610,13,0.999957
3620,10,0.999958
3630,5,0.999959
3640,6,0.999959
3650,9,0.999960
3660,8,0.999961
3670,9,0.999962
3680,7,0.999963
3690,5,0.999963
3700,9,0.999964
3710,6,0.999965
3720,2,0.999965
3730,9,0.999966
3740,6,0.999967
3750,9,0.999968
3760,7,0.999968
3770,5,0.999969
3780,4,0.999969
3790,7,0.999970
3800,1,0.999970
3810,11,0.999971
3820,4,0.999972
3830,3,0.999972
3840,5,0.999973
3850,3,0.999973
3860,5,0.999973
3870,1,0.999973
3880,5,0.999974
3890,3,0.999974
3900,5,0.999975
3910,1,0.999975
3920,2,0.999975
3930,3,0.999976
3940,3,0.999976
3950,3,0.999976
3960,3,0.999976
3970,1,0.999977
3980,2,0.999977
3990,7,0.999977
4000,2,0.999978
4010,4,0.999978
4020,1,0.999978
4040,3,0.999979
4050,3,0.999979
4060,1,0.999979
4070,4,0.999979
4080,1,0.999979
4100,2,0.999980
4110,3,0.999980
4120,1,0.999980
4130,3,0.999980
4160,3,0.999981
4170,3,0.999981
4180,1,0.999981
4190,1,0.999981
4200,5,0.999982
4210,6,0.999982
4230,1,0.999983
4240,3,0.999983
4270,2,0.999983
4290,1,0.999983
4310,3,0.999983
4320,3,0.999984
4340,1,0.999984
4350,2,0.999984
4360,1,0.999984
4380,1,0.999984
4390,2,0.999985
4400,2,0.999985
4420,1,0.999985
4430,2,0.999985
4450,1,0.999985
4460,1,0.999985
4470,4,0.999986
4480,4,0.999986
4490,2,0.999986
4500,2,0.999987
4520,5,0.999987
4530,1,0.999987
4540,1,0.999987
4550,5,0.999988
4560,1,0.999988
4570,3,0.999988
4580,3,0.999989
4590,1,0.999989
4600,2,0.999989
4630,1,0.999989
4640,1,0.999989
4650,1,0.999989
4660,1,0.999989
4670,1,0.999989
4680,1,0.999989
4690,1,0.999990
4700,2,0.999990
4710,5,0.999990
4720,2,0.999991
4730,2,0.999991
4740,4,0.999991
4750,4,0.999992
4760,2,0.999992
4770,1,0.999992
4790,1,0.999992
4800,2,0.999992
4810,2,0.999992
4820,1,0.999993
4830,1,0.999993
4840,2,0.999993
4850,2,0.999993
4860,3,0.999993
4870,2,0.999994
4890,2,0.999994
4900,2,0.999994
4910,2,0.999994
4920,1,0.999994
4930,2,0.999995
4940,3,0.999995
4950,1,0.999995
4960,1,0.999995
4970,3,0.999995
4980,3,0.999996
4990,3,0.999996
5000,1,0.999996
5010,1,0.999996
5020,1,0.999996
5030,1,0.999996
5040,1,0.999997
5050,2,0.999997
5070,1,0.999997
5100,3,0.999997
5110,1,0.999997
5120,1,0.999997
5150,1,0.999997
5160,1,0.999998
5170,1,0.999998
5290,1,0.999998
5320,1,0.999998
5440,1,0.999998
5460,1,0.999998
5480,1,0.999998
5510,1,0.999998
5520,1,0.999998
5590,1,0.999999
5640,1,0.999999
5720,1,0.999999
5750,1,0.999999
5850,2,0.999999
5860,1,0.999999
5920,1,0.999999
5990,1,0.999999
6040,1,0.999999
6150,1,1.000000
6500,1,1.000000
8130,1,1.000000
8570,1,1.000000
11030,1,1.000000
