#latency,cnt,cdf
0,836,0.000084
10,6,0.000084
20,1,0.000084
30,51,0.000089
50,3437,0.000433
60,687112,0.069144
70,89779,0.078122
80,705769,0.148699
90,21190,0.150818
100,151089,0.165927
110,245779,0.190505
120,457160,0.236221
130,199460,0.256167
140,80643,0.264231
150,236988,0.287930
160,18842,0.289814
170,210690,0.310883
180,503566,0.361240
190,501832,0.411423
200,599629,0.471386
210,516009,0.522987
220,318764,0.554863
230,724708,0.627334
240,404760,0.667810
250,205757,0.688386
260,297698,0.718156
270,749586,0.793114
280,341051,0.827219
290,306080,0.857827
300,190762,0.876903
310,228736,0.899777
320,384748,0.938252
330,139372,0.952189
340,202036,0.972393
350,17903,0.974183
360,28497,0.977033
370,22969,0.979330
380,36828,0.983012
390,88079,0.991820
400,13657,0.993186
410,6127,0.993799
420,5810,0.994380
430,8172,0.995197
440,5539,0.995751
450,1421,0.995893
460,1118,0.996005
470,2700,0.996275
480,7157,0.996990
490,896,0.997080
500,1037,0.997184
510,1483,0.997332
520,496,0.997382
530,667,0.997448
540,234,0.997472
550,266,0.997498
560,262,0.997524
570,324,0.997557
580,752,0.997632
590,344,0.997666
600,347,0.997701
610,346,0.997736
620,348,0.997770
630,494,0.997820
640,452,0.997865
650,373,0.997902
660,400,0.997942
670,413,0.997984
680,394,0.998023
690,339,0.998057
700,305,0.998088
710,333,0.998121
720,397,0.998160
730,323,0.998193
740,241,0.998217
750,223,0.998239
760,213,0.998260
770,191,0.998280
780,193,0.998299
790,162,0.998315
800,173,0.998332
810,161,0.998348
820,160,0.998365
830,122,0.998377
840,168,0.998393
850,161,0.998410
860,126,0.998422
870,173,0.998439
880,207,0.998460
890,208,0.998481
900,232,0.998504
910,262,0.998530
920,238,0.998554
930,251,0.998579
940,224,0.998602
950,228,0.998625
960,241,0.998649
970,205,0.998669
980,234,0.998693
990,211,0.998714
1000,182,0.998732
1010,214,0.998753
1020,189,0.998772
1030,166,0.998789
1040,137,0.998802
1050,126,0.998815
1060,157,0.998831
1070,119,0.998843
1080,85,0.998851
1090,106,0.998862
1100,113,0.998873
1110,97,0.998883
1120,98,0.998892
1130,103,0.998903
1140,91,0.998912
1150,101,0.998922
1160,64,0.998928
1170,81,0.998936
1180,82,0.998945
1190,78,0.998953
1200,69,0.998959
1210,59,0.998965
1220,68,0.998972
1230,66,0.998979
1240,86,0.998987
1250,98,0.998997
1260,103,0.999007
1270,117,0.999019
1280,120,0.999031
1290,123,0.999043
1300,169,0.999060
1310,142,0.999075
1320,156,0.999090
1330,168,0.999107
1340,155,0.999122
1350,134,0.999136
1360,149,0.999151
1370,145,0.999165
1380,107,0.999176
1390,127,0.999189
1400,106,0.999199
1410,116,0.999211
1420,108,0.999222
1430,98,0.999231
1440,77,0.999239
1450,77,0.999247
1460,58,0.999253
1470,66,0.999259
1480,64,0.999266
1490,53,0.999271
1500,48,0.999276
1510,41,0.999280
1520,36,0.999283
1530,56,0.999289
1540,43,0.999293
1550,36,0.999297
1560,34,0.999300
1570,41,0.999304
1580,42,0.999309
1590,40,0.999313
1600,33,0.999316
1610,36,0.999319
1620,32,0.999323
1630,30,0.999326
1640,36,0.999329
1650,31,0.999332
1660,36,0.999336
1670,29,0.999339
1680,27,0.999342
1690,40,0.999346
1700,43,0.999350
1710,41,0.999354
1720,44,0.999358
1730,35,0.999362
1740,31,0.999365
1750,39,0.999369
1760,31,0.999372
1770,36,0.999376
1780,39,0.999380
1790,28,0.999382
1800,27,0.999385
1810,34,0.999388
1820,34,0.999392
1830,38,0.999396
1840,42,0.999400
1850,35,0.999403
1860,25,0.999406
1870,41,0.999410
1880,35,0.999413
1890,31,0.999416
1900,33,0.999420
1910,39,0.999424
1920,33,0.999427
1930,38,0.999431
1940,30,0.999434
1950,39,0.999438
1960,36,0.999441
1970,40,0.999445
1980,30,0.999448
1990,28,0.999451
2000,38,0.999455
2010,24,0.999457
2020,25,0.999460
2030,34,0.999463
2040,46,0.999468
2050,43,0.999472
2060,31,0.999475
2070,26,0.999478
2080,39,0.999482
2090,31,0.999485
2100,29,0.999488
2110,32,0.999491
2120,32,0.999494
2130,29,0.999497
2140,25,0.999499
2150,18,0.999501
2160,26,0.999504
2170,23,0.999506
2180,23,0.999509
2190,19,0.999510
2200,17,0.999512
2210,27,0.999515
2220,22,0.999517
2230,21,0.999519
2240,15,0.999521
2250,27,0.999523
2260,17,0.999525
2270,27,0.999528
2280,24,0.999530
2290,25,0.999533
2300,27,0.999535
2310,28,0.999538
2320,20,0.999540
2330,23,0.999542
2340,28,0.999545
2350,30,0.999548
2360,24,0.999551
2370,16,0.999552
2380,28,0.999555
2390,25,0.999557
2400,22,0.999560
2410,16,0.999561
2420,28,0.999564
2430,28,0.999567
2440,33,0.999570
2450,26,0.999573
2460,23,0.999575
2470,27,0.999578
2480,31,0.999581
2490,30,0.999584
2500,24,0.999586
2510,25,0.999589
2520,19,0.999591
2530,16,0.999592
2540,18,0.999594
2550,15,0.999596
2560,29,0.999599
2570,22,0.999601
2580,22,0.999603
2590,12,0.999604
2600,24,0.999606
2610,11,0.999608
2620,22,0.999610
2630,19,0.999612
2640,19,0.999614
2650,19,0.999615
2660,24,0.999618
2670,21,0.999620
2680,22,0.999622
2690,26,0.999625
2700,24,0.999627
2710,23,0.999629
2720,24,0.999632
2730,20,0.999634
2740,17,0.999636
2750,20,0.999638
2760,27,0.999640
2770,17,0.999642
2780,24,0.999644
2790,17,0.999646
2800,19,0.999648
2810,16,0.999650
2820,22,0.999652
2830,11,0.999653
2840,18,0.999655
2850,28,0.999658
2860,20,0.999659
2870,26,0.999662
2880,27,0.999665
2890,18,0.999667
2900,26,0.999669
2910,16,0.999671
2920,24,0.999673
2930,17,0.999675
2940,20,0.999677
2950,23,0.999679
2960,23,0.999681
2970,13,0.999683
2980,25,0.999685
2990,30,0.999688
3000,17,0.999690
3010,22,0.999692
3020,20,0.999694
3030,20,0.999696
3040,18,0.999698
3050,20,0.999700
3060,17,0.999702
3070,22,0.999704
3080,28,0.999707
3090,21,0.999709
3100,20,0.999711
3110,29,0.999714
3120,22,0.999716
3130,20,0.999718
3140,22,0.999720
3150,18,0.999722
3160,31,0.999725
3170,19,0.999727
3180,17,0.999729
3190,29,0.999731
3200,22,0.999734
3210,18,0.999735
3220,18,0.999737
3230,20,0.999739
3240,17,0.999741
3250,32,0.999744
3260,27,0.999747
3270,22,0.999749
3280,24,0.999752
3290,24,0.999754
3300,14,0.999755
3310,25,0.999758
3320,27,0.999761
3330,17,0.999762
3340,18,0.999764
3350,21,0.999766
3360,23,0.999768
3370,28,0.999771
3380,18,0.999773
3390,25,0.999776
3400,26,0.999778
3410,24,0.999780
3420,37,0.999784
3430,27,0.999787
3440,27,0.999790
3450,29,0.999793
3460,34,0.999796
3470,38,0.999800
3480,32,0.999803
3490,52,0.999808
3500,37,0.999812
3510,32,0.999815
3520,29,0.999818
3530,35,0.999821
3540,34,0.999825
3550,44,0.999829
3560,34,0.999833
3570,37,0.999836
3580,38,0.999840
3590,33,0.999843
3600,29,0.999846
3610,34,0.999850
3620,25,0.999852
3630,30,0.999855
3640,26,0.999858
3650,27,0.999861
3660,33,0.999864
3670,32,0.999867
3680,25,0.999870
3690,33,0.999873
3700,21,0.999875
3710,27,0.999878
3720,31,0.999881
3730,23,0.999883
3740,19,0.999885
3750,27,0.999888
3760,16,0.999889
3770,25,0.999892
3780,27,0.999894
3790,14,0.999896
3800,24,0.999898
3810,18,0.999900
3820,21,0.999902
3830,12,0.999903
3840,22,0.999906
3850,16,0.999907
3860,16,0.999909
3870,15,0.999910
3880,10,0.999911
3890,16,0.999913
3900,12,0.999914
3910,15,0.999915
3920,13,0.999917
3930,13,0.999918
3940,15,0.999920
3950,13,0.999921
3960,8,0.999922
3970,15,0.999923
3980,9,0.999924
3990,8,0.999925
4000,8,0.999926
4010,14,0.999927
4020,11,0.999928
4030,11,0.999929
4040,9,0.999930
4050,14,0.999932
4060,11,0.999933
4070,7,0.999933
4080,4,0.999934
4090,13,0.999935
4100,9,0.999936
4110,12,0.999937
4120,10,0.999938
4130,8,0.999939
4140,7,0.999940
4150,6,0.999940
4160,5,0.999941
4170,8,0.999942
4180,15,0.999943
4190,9,0.999944
4200,10,0.999945
4210,6,0.999946
4220,11,0.999947
4230,11,0.999948
4240,9,0.999949
4250,7,0.999949
4260,8,0.999950
4270,9,0.999951
4280,8,0.999952
4290,7,0.999953
4300,4,0.999953
4310,10,0.999954
4320,9,0.999955
4330,6,0.999955
4340,7,0.999956
4350,10,0.999957
4360,7,0.999958
4370,6,0.999959
4380,10,0.999960
4390,9,0.999960
4400,4,0.999961
4410,6,0.999961
4420,9,0.999962
4430,7,0.999963
4440,6,0.999964
4450,4,0.999964
4460,5,0.999964
4470,4,0.999965
4480,7,0.999966
4490,8,0.999966
4500,6,0.999967
4510,6,0.999968
4520,6,0.999968
4530,9,0.999969
4540,7,0.999970
4550,8,0.999971
4560,4,0.999971
4570,5,0.999972
4580,4,0.999972
4590,3,0.999972
4600,2,0.999972
4610,6,0.999973
4620,8,0.999974
4630,2,0.999974
4640,6,0.999975
4650,6,0.999975
4660,4,0.999976
4670,4,0.999976
4680,3,0.999976
4690,7,0.999977
4700,10,0.999978
4710,6,0.999979
4720,5,0.999979
4730,4,0.999979
4740,6,0.999980
4750,1,0.999980
4760,9,0.999981
4770,4,0.999982
4780,8,0.999982
4790,4,0.999983
4800,3,0.999983
4810,3,0.999983
4820,2,0.999983
4830,4,0.999984
4840,8,0.999985
4850,2,0.999985
4860,1,0.999985
4870,6,0.999986
4880,4,0.999986
4890,2,0.999986
4900,6,0.999987
4910,5,0.999987
4920,3,0.999988
4930,3,0.999988
4940,3,0.999988
4950,1,0.999988
4960,4,0.999989
4970,3,0.999989
4980,4,0.999989
4990,2,0.999990
5000,3,0.999990
5020,3,0.999990
5030,1,0.999990
5050,3,0.999991
5060,3,0.999991
5090,4,0.999991
5110,3,0.999992
5130,1,0.999992
5140,2,0.999992
5160,1,0.999992
5170,2,0.999992
5180,1,0.999992
5190,2,0.999992
5200,1,0.999993
5210,1,0.999993
5220,1,0.999993
5240,1,0.999993
5260,2,0.999993
5290,1,0.999993
5300,1,0.999993
5310,3,0.999994
5330,1,0.999994
5340,1,0.999994
5360,1,0.999994
5370,1,0.999994
5390,1,0.999994
5420,1,0.999994
5460,1,0.999994
5480,2,0.999995
5500,1,0.999995
5540,1,0.999995
5550,1,0.999995
5570,1,0.999995
5580,1,0.999995
5600,2,0.999995
5640,1,0.999995
5690,3,0.999996
5710,3,0.999996
5740,2,0.999996
5750,1,0.999996
5810,2,0.999996
5830,1,0.999996
5840,1,0.999997
5890,1,0.999997
5980,1,0.999997
6000,1,0.999997
6070,1,0.999997
6090,1,0.999997
6110,1,0.999997
6130,1,0.999997
6150,1,0.999997
6180,1,0.999997
6210,1,0.999998
6240,1,0.999998
6380,1,0.999998
6410,1,0.999998
6430,1,0.999998
6480,1,0.999998
6670,1,0.999998
6680,1,0.999998
6740,2,0.999999
6860,1,0.999999
6880,1,0.999999
6930,1,0.999999
7010,1,0.999999
7050,1,0.999999
7120,1,0.999999
7200,1,0.999999
7220,1,0.999999
7300,1,0.999999
7310,1,1.000000
7940,1,1.000000
8320,1,1.000000
8410,1,1.000000
8630,1,1.000000
9230,1,1.000000
