#latency,cnt,cdf
30,7,0.000001
50,2111,0.000212
60,745257,0.074737
70,95961,0.084334
80,769095,0.161243
90,25333,0.163776
100,105142,0.174291
110,324748,0.206765
120,437504,0.250516
130,191453,0.269661
140,67482,0.276409
150,276236,0.304033
160,21715,0.306204
170,300023,0.336207
180,463592,0.382566
190,578542,0.440420
200,604016,0.500822
210,544777,0.555299
220,342789,0.589578
230,710912,0.660670
240,394271,0.700097
250,155292,0.715626
260,467256,0.762351
270,581405,0.820492
280,364523,0.856944
290,219345,0.878879
300,219850,0.900864
310,223960,0.923260
320,306788,0.953938
330,124422,0.966381
340,145295,0.980910
350,17431,0.982653
360,30240,0.985677
370,8693,0.986547
380,31818,0.989728
390,62737,0.996002
400,8883,0.996890
410,3247,0.997215
420,6753,0.997890
430,8941,0.998784
440,370,0.998821
450,238,0.998845
460,112,0.998856
470,1632,0.999020
480,8195,0.999839
490,193,0.999858
500,49,0.999863
510,60,0.999869
520,28,0.999872
530,28,0.999875
540,26,0.999878
550,28,0.999880
560,9,0.999881
570,19,0.999883
580,16,0.999885
590,18,0.999887
600,10,0.999888
610,5,0.999888
620,4,0.999888
630,8,0.999889
640,9,0.999890
650,7,0.999891
660,7,0.999892
670,6,0.999892
680,5,0.999893
690,10,0.999894
700,5,0.999894
710,5,0.999895
720,8,0.999896
730,4,0.999896
740,8,0.999897
750,7,0.999897
760,8,0.999898
770,4,0.999899
780,4,0.999899
790,2,0.999899
800,6,0.999900
810,4,0.999900
820,4,0.999901
830,2,0.999901
840,3,0.999901
850,6,0.999902
860,7,0.999902
870,2,0.999903
880,3,0.999903
890,2,0.999903
900,3,0.999903
910,2,0.999904
930,5,0.999904
940,3,0.999904
950,3,0.999905
960,4,0.999905
970,5,0.999906
980,3,0.999906
990,5,0.999906
1000,1,0.999906
1010,5,0.999907
1020,7,0.999908
1040,6,0.999908
1050,4,0.999909
1060,6,0.999909
1070,2,0.999910
1080,8,0.999910
1090,2,0.999910
1100,7,0.999911
1110,2,0.999911
1120,1,0.999911
1130,2,0.999912
1140,3,0.999912
1150,2,0.999912
1160,7,0.999913
1170,2,0.999913
1180,4,0.999914
1190,1,0.999914
1210,1,0.999914
1220,5,0.999914
1230,2,0.999914
1240,5,0.999915
1250,7,0.999916
1260,4,0.999916
1270,2,0.999916
1280,2,0.999916
1290,3,0.999917
1300,2,0.999917
1310,4,0.999917
1320,6,0.999918
1330,2,0.999918
1340,5,0.999919
1350,2,0.999919
1360,5,0.999919
1370,4,0.999920
1380,4,0.999920
1390,3,0.999920
1400,5,0.999921
1410,2,0.999921
1420,5,0.999922
1430,6,0.999922
1440,5,0.999923
1450,1,0.999923
1460,3,0.999923
1470,2,0.999923
1480,2,0.999924
1490,4,0.999924
1500,4,0.999924
1510,2,0.999924
1520,2,0.999925
1530,2,0.999925
1540,2,0.999925
1550,3,0.999925
1560,2,0.999926
1570,6,0.999926
1580,5,0.999927
1590,4,0.999927
1600,4,0.999928
1610,1,0.999928
1620,6,0.999928
1630,2,0.999928
1640,9,0.999929
1650,6,0.999930
1660,3,0.999930
1670,2,0.999930
1690,6,0.999931
1700,7,0.999932
1710,3,0.999932
1720,1,0.999932
1730,3,0.999932
1740,7,0.999933
1750,5,0.999934
1760,4,0.999934
1770,8,0.999935
1780,8,0.999936
1790,6,0.999936
1800,6,0.999937
1810,5,0.999937
1820,4,0.999938
1830,5,0.999938
1840,3,0.999938
1850,4,0.999939
1860,9,0.999940
1870,4,0.999940
1880,5,0.999941
1890,2,0.999941
1900,2,0.999941
1910,6,0.999942
1920,1,0.999942
1930,2,0.999942
1940,5,0.999942
1950,7,0.999943
1960,6,0.999944
1970,6,0.999944
1980,6,0.999945
1990,4,0.999945
2000,4,0.999946
2010,5,0.999946
2030,6,0.999947
2040,1,0.999947
2050,3,0.999947
2060,1,0.999947
2070,4,0.999948
2080,5,0.999948
2090,4,0.999949
2100,6,0.999949
2110,4,0.999950
2120,4,0.999950
2130,1,0.999950
2140,3,0.999951
2150,2,0.999951
2160,1,0.999951
2170,5,0.999951
2180,1,0.999951
2190,3,0.999952
2200,2,0.999952
2210,2,0.999952
2220,5,0.999953
2230,2,0.999953
2240,1,0.999953
2250,2,0.999953
2260,4,0.999954
2270,3,0.999954
2280,4,0.999954
2290,4,0.999955
2300,6,0.999955
2310,3,0.999955
2320,6,0.999956
2330,2,0.999956
2340,2,0.999956
2350,2,0.999957
2360,1,0.999957
2370,2,0.999957
2380,1,0.999957
2390,1,0.999957
2400,1,0.999957
2410,3,0.999958
2420,3,0.999958
2430,2,0.999958
2440,1,0.999958
2450,2,0.999958
2460,2,0.999959
2470,3,0.999959
2490,4,0.999959
2500,2,0.999960
2510,1,0.999960
2520,3,0.999960
2530,2,0.999960
2540,1,0.999960
2550,2,0.999960
2560,4,0.999961
2570,2,0.999961
2580,2,0.999961
2590,4,0.999962
2600,1,0.999962
2610,4,0.999962
2620,3,0.999962
2630,4,0.999963
2640,4,0.999963
2650,3,0.999964
2660,1,0.999964
2670,1,0.999964
2680,1,0.999964
2690,1,0.999964
2710,2,0.999964
2730,3,0.999964
2740,1,0.999964
2750,2,0.999965
2760,1,0.999965
2770,1,0.999965
2780,4,0.999965
2810,1,0.999965
2820,1,0.999965
2830,1,0.999966
2840,3,0.999966
2850,5,0.999966
2860,3,0.999967
2870,2,0.999967
2880,3,0.999967
2890,6,0.999968
2900,4,0.999968
2910,3,0.999969
2920,2,0.999969
2930,3,0.999969
2940,2,0.999969
2950,3,0.999969
2960,2,0.999970
2970,1,0.999970
2980,1,0.999970
2990,4,0.999970
3000,2,0.999970
3010,2,0.999971
3020,3,0.999971
3030,3,0.999971
3040,2,0.999972
3050,3,0.999972
3060,3,0.999972
3070,3,0.999972
3080,1,0.999973
3090,2,0.999973
3120,2,0.999973
3130,1,0.999973
3140,3,0.999973
3150,1,0.999973
3170,2,0.999974
3180,3,0.999974
3190,2,0.999974
3200,2,0.999974
3220,4,0.999975
3230,2,0.999975
3240,3,0.999975
3250,1,0.999975
3260,2,0.999976
3270,1,0.999976
3280,4,0.999976
3290,2,0.999976
3310,8,0.999977
3320,6,0.999978
3330,4,0.999978
3340,2,0.999978
3350,4,0.999979
3360,6,0.999979
3370,2,0.999979
3380,7,0.999980
3390,7,0.999981
3400,8,0.999982
3410,4,0.999982
3420,4,0.999982
3430,9,0.999983
3440,5,0.999984
3450,11,0.999985
3460,14,0.999986
3470,11,0.999987
3480,8,0.999988
3490,2,0.999988
3500,4,0.999989
3510,6,0.999989
3520,2,0.999990
3530,3,0.999990
3540,3,0.999990
3550,6,0.999991
3560,8,0.999992
3570,1,0.999992
3580,3,0.999992
3600,1,0.999992
3620,2,0.999992
3630,1,0.999992
3640,1,0.999992
3660,2,0.999993
3670,1,0.999993
3680,1,0.999993
3690,1,0.999993
3700,1,0.999993
3710,1,0.999993
3730,1,0.999993
3760,1,0.999993
3780,1,0.999994
3790,1,0.999994
3810,1,0.999994
3850,2,0.999994
3890,2,0.999994
3910,1,0.999994
3920,1,0.999994
3930,1,0.999994
3940,1,0.999995
3970,1,0.999995
4000,1,0.999995
4020,1,0.999995
4030,2,0.999995
4040,1,0.999995
4050,2,0.999995
4100,2,0.999996
4150,1,0.999996
4170,1,0.999996
4260,1,0.999996
4290,1,0.999996
4300,1,0.999996
4370,1,0.999996
4390,1,0.999996
4400,2,0.999996
4430,1,0.999996
4450,1,0.999997
4460,1,0.999997
4470,1,0.999997
4480,1,0.999997
4500,1,0.999997
4520,1,0.999997
4540,2,0.999997
4560,2,0.999997
4590,1,0.999998
4620,1,0.999998
4630,1,0.999998
4700,1,0.999998
4710,1,0.999998
4740,1,0.999998
4760,1,0.999998
4770,1,0.999998
4810,1,0.999998
4840,1,0.999999
4850,1,0.999999
4860,1,0.999999
4900,1,0.999999
4910,1,0.999999
5030,1,0.999999
5040,1,0.999999
5050,1,0.999999
5080,1,0.999999
5110,1,0.999999
5270,1,1.000000
5310,1,1.000000
5490,1,1.000000
5500,1,1.000000
5970,1,1.000000
13520,1,1.000000
