#latency,cnt,cdf
0,700,0.000074
10,8,0.000075
30,32,0.000078
40,1,0.000078
50,3311,0.000426
60,684111,0.072430
70,64535,0.079222
80,686916,0.151521
90,17359,0.153348
100,143951,0.168499
110,327074,0.202924
120,351330,0.239901
130,206887,0.261676
140,57973,0.267778
150,230960,0.292087
160,16754,0.293850
170,196095,0.314490
180,493455,0.366426
190,449187,0.413703
200,579521,0.474699
210,493849,0.526677
220,292498,0.557462
230,683039,0.629353
240,364061,0.667671
250,215089,0.690309
260,307759,0.722701
270,669315,0.793147
280,351746,0.830169
290,260452,0.857581
300,189310,0.877506
310,212255,0.899846
320,354005,0.937106
330,137652,0.951594
340,195572,0.972178
350,14737,0.973729
360,24471,0.976305
370,17017,0.978096
380,41194,0.982431
390,102247,0.993193
400,12549,0.994514
410,6454,0.995193
420,9641,0.996208
430,7926,0.997042
440,5224,0.997592
450,1105,0.997708
460,716,0.997784
470,3747,0.998178
480,8369,0.999059
490,677,0.999130
500,683,0.999202
510,893,0.999296
520,258,0.999323
530,244,0.999349
540,60,0.999355
550,58,0.999361
560,138,0.999376
570,121,0.999388
580,329,0.999423
590,56,0.999429
600,48,0.999434
610,46,0.999439
620,128,0.999452
630,80,0.999461
640,67,0.999468
650,59,0.999474
660,73,0.999482
670,77,0.999490
680,73,0.999497
690,58,0.999504
700,61,0.999510
710,62,0.999516
720,45,0.999521
730,50,0.999527
740,62,0.999533
750,51,0.999538
760,45,0.999543
770,42,0.999548
780,52,0.999553
790,39,0.999557
800,37,0.999561
810,32,0.999564
820,28,0.999567
830,20,0.999569
840,37,0.999573
850,39,0.999577
860,29,0.999580
870,38,0.999584
880,25,0.999587
890,38,0.999591
900,43,0.999596
910,29,0.999599
920,43,0.999603
930,36,0.999607
940,35,0.999611
950,39,0.999615
960,32,0.999618
970,41,0.999622
980,44,0.999627
990,35,0.999631
1000,34,0.999634
1010,32,0.999638
1020,37,0.999642
1030,24,0.999644
1040,30,0.999647
1050,38,0.999651
1060,27,0.999654
1070,20,0.999656
1080,31,0.999660
1090,18,0.999661
1100,20,0.999664
1110,22,0.999666
1120,21,0.999668
1130,15,0.999670
1140,18,0.999672
1150,17,0.999673
1160,15,0.999675
1170,12,0.999676
1180,8,0.999677
1190,15,0.999679
1200,12,0.999680
1210,12,0.999681
1220,15,0.999683
1230,18,0.999685
1240,13,0.999686
1250,13,0.999687
1260,18,0.999689
1270,9,0.999690
1280,21,0.999692
1290,19,0.999694
1300,18,0.999696
1310,32,0.999700
1320,22,0.999702
1330,21,0.999704
1340,22,0.999706
1350,28,0.999709
1360,30,0.999713
1370,18,0.999714
1380,22,0.999717
1390,17,0.999719
1400,24,0.999721
1410,24,0.999724
1420,27,0.999726
1430,23,0.999729
1440,26,0.999732
1450,19,0.999734
1460,16,0.999735
1470,22,0.999738
1480,16,0.999739
1490,10,0.999740
1500,16,0.999742
1510,11,0.999743
1520,10,0.999744
1530,14,0.999746
1540,24,0.999748
1550,14,0.999750
1560,9,0.999751
1570,11,0.999752
1580,9,0.999753
1590,11,0.999754
1600,16,0.999756
1610,6,0.999756
1620,6,0.999757
1630,7,0.999758
1640,12,0.999759
1650,8,0.999760
1660,11,0.999761
1670,14,0.999762
1680,11,0.999763
1690,8,0.999764
1700,3,0.999765
1710,6,0.999765
1720,6,0.999766
1730,11,0.999767
1740,9,0.999768
1750,7,0.999769
1760,7,0.999770
1770,5,0.999770
1780,12,0.999771
1790,11,0.999772
1800,12,0.999774
1810,7,0.999774
1820,10,0.999776
1830,12,0.999777
1840,5,0.999777
1850,6,0.999778
1860,17,0.999780
1870,12,0.999781
1880,8,0.999782
1890,13,0.999783
1900,14,0.999785
1910,11,0.999786
1920,15,0.999787
1930,13,0.999789
1940,25,0.999791
1950,15,0.999793
1960,16,0.999795
1970,10,0.999796
1980,12,0.999797
1990,17,0.999799
2000,11,0.999800
2010,9,0.999801
2020,11,0.999802
2030,16,0.999804
2040,19,0.999806
2050,25,0.999808
2060,15,0.999810
2070,15,0.999811
2080,17,0.999813
2090,20,0.999815
2100,17,0.999817
2110,16,0.999819
2120,5,0.999819
2130,13,0.999821
2140,10,0.999822
2150,10,0.999823
2160,8,0.999824
2170,2,0.999824
2180,5,0.999824
2190,7,0.999825
2200,12,0.999826
2210,12,0.999828
2220,8,0.999829
2230,9,0.999829
2240,11,0.999831
2250,9,0.999832
2260,9,0.999833
2270,9,0.999833
2280,6,0.999834
2290,12,0.999835
2300,14,0.999837
2310,13,0.999838
2320,8,0.999839
2330,13,0.999840
2340,10,0.999842
2350,8,0.999842
2360,7,0.999843
2370,3,0.999843
2380,8,0.999844
2390,12,0.999846
2400,12,0.999847
2410,17,0.999849
2420,7,0.999849
2430,9,0.999850
2440,11,0.999851
2450,9,0.999852
2460,18,0.999854
2470,16,0.999856
2480,8,0.999857
2490,7,0.999857
2500,8,0.999858
2510,9,0.999859
2520,12,0.999861
2530,17,0.999862
2540,7,0.999863
2550,14,0.999865
2560,10,0.999866
2570,8,0.999866
2580,11,0.999868
2590,7,0.999868
2600,3,0.999869
2610,5,0.999869
2620,3,0.999869
2630,7,0.999870
2640,6,0.999871
2650,7,0.999872
2660,5,0.999872
2670,7,0.999873
2680,8,0.999874
2690,10,0.999875
2700,2,0.999875
2710,6,0.999876
2720,7,0.999876
2730,5,0.999877
2740,5,0.999877
2750,5,0.999878
2760,4,0.999878
2770,7,0.999879
2780,10,0.999880
2790,7,0.999881
2800,8,0.999882
2810,2,0.999882
2820,5,0.999882
2830,7,0.999883
2840,13,0.999885
2850,10,0.999886
2860,11,0.999887
2870,7,0.999887
2880,10,0.999889
2890,6,0.999889
2900,6,0.999890
2910,8,0.999891
2920,8,0.999891
2930,8,0.999892
2940,7,0.999893
2950,11,0.999894
2960,6,0.999895
2970,6,0.999896
2980,8,0.999896
2990,10,0.999897
3000,8,0.999898
3010,11,0.999899
3020,6,0.999900
3030,8,0.999901
3040,7,0.999902
3050,9,0.999903
3060,5,0.999903
3070,11,0.999904
3080,3,0.999905
3090,11,0.999906
3100,7,0.999906
3110,12,0.999908
3120,8,0.999909
3130,4,0.999909
3140,11,0.999910
3150,10,0.999911
3160,5,0.999912
3170,11,0.999913
3180,15,0.999914
3190,8,0.999915
3200,16,0.999917
3210,9,0.999918
3220,6,0.999919
3230,13,0.999920
3240,10,0.999921
3250,8,0.999922
3260,7,0.999923
3270,6,0.999923
3280,6,0.999924
3290,9,0.999925
3300,12,0.999926
3310,13,0.999927
3320,15,0.999929
3330,7,0.999930
3340,8,0.999931
3350,14,0.999932
3360,11,0.999933
3370,10,0.999934
3380,11,0.999935
3390,8,0.999936
3400,10,0.999937
3410,8,0.999938
3420,10,0.999939
3430,12,0.999940
3440,13,0.999942
3450,11,0.999943
3460,17,0.999945
3470,16,0.999946
3480,11,0.999948
3490,9,0.999949
3500,12,0.999950
3510,10,0.999951
3520,19,0.999953
3530,8,0.999954
3540,10,0.999955
3550,10,0.999956
3560,7,0.999957
3570,9,0.999958
3580,7,0.999958
3590,9,0.999959
3600,11,0.999960
3610,9,0.999961
3620,15,0.999963
3630,12,0.999964
3640,5,0.999965
3650,4,0.999965
3660,4,0.999965
3670,7,0.999966
3680,4,0.999967
3690,4,0.999967
3700,6,0.999968
3710,7,0.999968
3720,4,0.999969
3730,6,0.999969
3740,2,0.999970
3750,5,0.999970
3760,3,0.999971
3770,8,0.999971
3780,5,0.999972
3790,7,0.999973
3800,5,0.999973
3810,6,0.999974
3820,6,0.999974
3830,4,0.999975
3840,3,0.999975
3850,4,0.999976
3860,1,0.999976
3880,7,0.999976
3890,3,0.999977
3900,3,0.999977
3910,2,0.999977
3920,3,0.999978
3930,4,0.999978
3940,1,0.999978
3950,6,0.999979
3960,5,0.999979
3970,5,0.999980
3980,1,0.999980
3990,1,0.999980
4000,2,0.999980
4020,2,0.999980
4030,1,0.999981
4040,3,0.999981
4050,1,0.999981
4060,1,0.999981
4070,2,0.999981
4080,5,0.999982
4100,2,0.999982
4110,2,0.999982
4120,3,0.999983
4130,1,0.999983
4140,2,0.999983
4150,3,0.999983
4160,4,0.999984
4180,2,0.999984
4190,1,0.999984
4210,4,0.999984
4220,3,0.999985
4230,1,0.999985
4240,2,0.999985
4250,1,0.999985
4260,1,0.999985
4270,4,0.999986
4280,2,0.999986
4300,1,0.999986
4310,1,0.999986
4320,1,0.999986
4330,1,0.999986
4340,2,0.999986
4360,2,0.999987
4370,1,0.999987
4390,1,0.999987
4410,3,0.999987
4420,5,0.999988
4430,2,0.999988
4440,1,0.999988
4450,3,0.999988
4470,1,0.999988
4480,1,0.999989
4490,3,0.999989
4520,2,0.999989
4530,3,0.999989
4540,3,0.999990
4550,2,0.999990
4560,3,0.999990
4570,1,0.999990
4580,2,0.999991
4590,1,0.999991
4600,2,0.999991
4610,2,0.999991
4620,4,0.999991
4630,1,0.999992
4640,2,0.999992
4660,3,0.999992
4670,2,0.999992
4690,1,0.999992
4700,2,0.999993
4720,2,0.999993
4740,2,0.999993
4750,2,0.999993
4760,1,0.999993
4770,3,0.999994
4780,1,0.999994
4790,1,0.999994
4800,4,0.999994
4820,1,0.999994
4830,2,0.999995
4840,1,0.999995
4850,1,0.999995
4860,1,0.999995
4870,1,0.999995
4880,2,0.999995
4920,3,0.999996
4930,2,0.999996
4950,1,0.999996
4960,1,0.999996
4970,4,0.999996
4990,2,0.999997
5010,1,0.999997
5020,2,0.999997
5030,3,0.999997
5040,1,0.999997
5110,1,0.999997
5120,1,0.999998
5160,1,0.999998
5170,1,0.999998
5200,1,0.999998
5210,1,0.999998
5220,1,0.999998
5300,1,0.999998
5330,1,0.999998
5360,2,0.999999
5520,1,0.999999
5530,1,0.999999
5610,1,0.999999
5700,1,0.999999
5760,1,0.999999
5830,1,0.999999
5840,1,0.999999
5850,1,0.999999
6100,1,0.999999
6140,1,1.000000
7530,1,1.000000
7790,1,1.000000
8390,1,1.000000
8820,1,1.000000
