#latency,cnt,cdf
0,3426,0.000361
10,121,0.000373
20,10,0.000374
30,1,0.000375
40,1,0.000375
50,29224,0.003451
60,99644,0.013940
70,112860,0.025820
80,125771,0.039059
90,85732,0.048083
100,87303,0.057273
110,158013,0.073906
120,136421,0.088266
130,112969,0.100158
140,104271,0.111134
150,103990,0.122080
160,104491,0.133079
170,103957,0.144022
180,111561,0.155765
190,107211,0.167051
200,102473,0.177838
210,98537,0.188210
220,96181,0.198334
230,96039,0.208444
240,94586,0.218400
250,92452,0.228132
260,92728,0.237893
270,92755,0.247657
280,92261,0.257368
290,91898,0.267042
300,90105,0.276527
310,89129,0.285909
320,88251,0.295198
330,86527,0.304306
340,85469,0.313303
350,83662,0.322110
360,82629,0.330808
370,81486,0.339385
380,79544,0.347758
390,78636,0.356036
400,78032,0.364250
410,77517,0.372409
420,76106,0.380420
430,74992,0.388314
440,73668,0.396069
450,72260,0.403675
460,70862,0.411134
470,70075,0.418511
480,69209,0.425796
490,67960,0.432950
500,67736,0.440080
510,66186,0.447047
520,65927,0.453987
530,65707,0.460903
540,65632,0.467812
550,65363,0.474692
560,64293,0.481460
570,63574,0.488152
580,63211,0.494806
590,61917,0.501323
600,61052,0.507750
610,60281,0.514095
620,59187,0.520325
630,58575,0.526491
640,57235,0.532516
650,56912,0.538507
660,56134,0.544416
670,56030,0.550314
680,55051,0.556108
690,53881,0.561780
700,53729,0.567436
710,52886,0.573003
720,52008,0.578477
730,51212,0.583868
740,50963,0.589233
750,49809,0.594476
760,49066,0.599641
770,48297,0.604725
780,48133,0.609791
790,48055,0.614850
800,47436,0.619843
810,47111,0.624802
820,46839,0.629732
830,46008,0.634575
840,45343,0.639348
850,44518,0.644034
860,44313,0.648699
870,43587,0.653287
880,43186,0.657833
890,41768,0.662230
900,41346,0.666582
910,41004,0.670898
920,40815,0.675195
930,40355,0.679442
940,39891,0.683641
950,39109,0.687758
960,38693,0.691831
970,38191,0.695851
980,37591,0.699808
990,36736,0.703675
1000,36520,0.707519
1010,36229,0.711333
1020,35550,0.715075
1030,34886,0.718747
1040,34875,0.722418
1050,34134,0.726012
1060,33943,0.729585
1070,33885,0.733151
1080,33539,0.736682
1090,33176,0.740174
1100,32260,0.743570
1110,31604,0.746897
1120,31267,0.750188
1130,30961,0.753447
1140,30518,0.756659
1150,29840,0.759800
1160,30107,0.762970
1170,29157,0.766039
1180,29297,0.769123
1190,28875,0.772162
1200,28784,0.775192
1210,28099,0.778150
1220,27751,0.781071
1230,27137,0.783928
1240,26848,0.786754
1250,26492,0.789542
1260,26277,0.792308
1270,25555,0.794998
1280,25372,0.797669
1290,25353,0.800338
1300,24759,0.802944
1310,24389,0.805511
1320,24665,0.808108
1330,24167,0.810652
1340,23979,0.813176
1350,23651,0.815665
1360,23464,0.818135
1370,22845,0.820540
1380,22419,0.822900
1390,22308,0.825248
1400,21931,0.827557
1410,21751,0.829846
1420,21134,0.832071
1430,21114,0.834293
1440,20568,0.836458
1450,20623,0.838629
1460,20233,0.840759
1470,20082,0.842873
1480,19872,0.844965
1490,19344,0.847001
1500,18875,0.848988
1510,18764,0.850963
1520,18955,0.852958
1530,18131,0.854867
1540,17891,0.856750
1550,17746,0.858618
1560,17497,0.860460
1570,17717,0.862325
1580,17198,0.864135
1590,16997,0.865924
1600,16799,0.867693
1610,16556,0.869435
1620,16144,0.871135
1630,16181,0.872838
1640,15880,0.874510
1650,15515,0.876143
1660,15222,0.877745
1670,15086,0.879333
1680,14641,0.880874
1690,14588,0.882410
1700,14544,0.883941
1710,14319,0.885448
1720,14234,0.886946
1730,14032,0.888423
1740,13882,0.889885
1750,13805,0.891338
1760,13485,0.892757
1770,13121,0.894139
1780,13000,0.895507
1790,12647,0.896838
1800,12746,0.898180
1810,12305,0.899475
1820,12318,0.900772
1830,12272,0.902064
1840,11952,0.903322
1850,11729,0.904556
1860,11650,0.905783
1870,11616,0.907005
1880,11349,0.908200
1890,11249,0.909384
1900,11123,0.910555
1910,11072,0.911721
1920,10693,0.912846
1930,10567,0.913958
1940,10415,0.915055
1950,10404,0.916150
1960,10299,0.917234
1970,10053,0.918292
1980,9856,0.919330
1990,9721,0.920353
2000,9406,0.921343
2010,9420,0.922335
2020,9490,0.923334
2030,9144,0.924296
2040,8908,0.925234
2050,8871,0.926168
2060,8801,0.927094
2070,8712,0.928011
2080,8412,0.928897
2090,8539,0.929795
2100,8514,0.930692
2110,8224,0.931557
2120,8184,0.932419
2130,8150,0.933277
2140,7978,0.934116
2150,7838,0.934942
2160,7752,0.935758
2170,7641,0.936562
2180,7394,0.937340
2190,7363,0.938115
2200,7211,0.938874
2210,7334,0.939646
2220,7296,0.940414
2230,7148,0.941167
2240,6862,0.941889
2250,6750,0.942600
2260,6763,0.943311
2270,6762,0.944023
2280,6666,0.944725
2290,6524,0.945412
2300,6393,0.946085
2310,6291,0.946747
2320,6217,0.947401
2330,6121,0.948046
2340,6063,0.948684
2350,5978,0.949313
2360,5922,0.949936
2370,5888,0.950556
2380,5737,0.951160
2390,5689,0.951759
2400,5646,0.952353
2410,5594,0.952942
2420,5351,0.953505
2430,5293,0.954063
2440,5225,0.954613
2450,5261,0.955166
2460,5133,0.955707
2470,5114,0.956245
2480,5053,0.956777
2490,4971,0.957300
2500,4920,0.957818
2510,4832,0.958327
2520,4847,0.958837
2530,4795,0.959342
2540,4657,0.959832
2550,4527,0.960308
2560,4515,0.960784
2570,4384,0.961245
2580,4436,0.961712
2590,4215,0.962156
2600,4201,0.962598
2610,4266,0.963047
2620,4132,0.963482
2630,4161,0.963920
2640,4050,0.964346
2650,3918,0.964759
2660,4028,0.965183
2670,3854,0.965588
2680,3809,0.965989
2690,3721,0.966381
2700,3648,0.966765
2710,3656,0.967150
2720,3687,0.967538
2730,3558,0.967912
2740,3607,0.968292
2750,3537,0.968665
2760,3504,0.969033
2770,3458,0.969397
2780,3426,0.969758
2790,3163,0.970091
2800,3351,0.970444
2810,3246,0.970785
2820,3067,0.971108
2830,3139,0.971439
2840,3109,0.971766
2850,2996,0.972081
2860,2981,0.972395
2870,2858,0.972696
2880,2842,0.972995
2890,2949,0.973305
2900,2831,0.973603
2910,2748,0.973893
2920,2701,0.974177
2930,2690,0.974460
2940,2748,0.974750
2950,2624,0.975026
2960,2515,0.975290
2970,2528,0.975557
2980,2456,0.975815
2990,2345,0.976062
3000,2340,0.976308
3010,2380,0.976559
3020,2370,0.976808
3030,2244,0.977044
3040,2339,0.977291
3050,2311,0.977534
3060,2220,0.977768
3070,2146,0.977993
3080,2086,0.978213
3090,2057,0.978430
3100,2122,0.978653
3110,2013,0.978865
3120,2103,0.979086
3130,2035,0.979300
3140,1988,0.979510
3150,1950,0.979715
3160,1862,0.979911
3170,1900,0.980111
3180,1886,0.980309
3190,1853,0.980505
3200,1774,0.980691
3210,1832,0.980884
3220,1752,0.981069
3230,1744,0.981252
3240,1728,0.981434
3250,1753,0.981619
3260,1692,0.981797
3270,1739,0.981980
3280,1634,0.982152
3290,1665,0.982327
3300,1583,0.982494
3310,1513,0.982653
3320,1536,0.982815
3330,1550,0.982978
3340,1510,0.983137
3350,1419,0.983286
3360,1532,0.983447
3370,1397,0.983594
3380,1404,0.983742
3390,1445,0.983894
3400,1406,0.984042
3410,1357,0.984185
3420,1354,0.984328
3430,1279,0.984462
3440,1279,0.984597
3450,1337,0.984738
3460,1282,0.984873
3470,1277,0.985007
3480,1271,0.985141
3490,1250,0.985272
3500,1238,0.985403
3510,1207,0.985530
3520,1187,0.985655
3530,1189,0.985780
3540,1073,0.985893
3550,1197,0.986019
3560,1104,0.986135
3570,1185,0.986260
3580,1073,0.986373
3590,1117,0.986490
3600,1165,0.986613
3610,1044,0.986723
3620,1064,0.986835
3630,1092,0.986950
3640,1042,0.987059
3650,1025,0.987167
3660,1018,0.987274
3670,945,0.987374
3680,957,0.987475
3690,1023,0.987582
3700,956,0.987683
3710,869,0.987774
3720,884,0.987868
3730,899,0.987962
3740,904,0.988057
3750,890,0.988151
3760,900,0.988246
3770,909,0.988341
3780,848,0.988431
3790,862,0.988521
3800,863,0.988612
3810,817,0.988698
3820,755,0.988778
3830,797,0.988862
3840,783,0.988944
3850,802,0.989028
3860,828,0.989116
3870,707,0.989190
3880,787,0.989273
3890,773,0.989354
3900,740,0.989432
3910,747,0.989511
3920,709,0.989585
3930,719,0.989661
3940,707,0.989736
3950,738,0.989813
3960,721,0.989889
3970,676,0.989960
3980,708,0.990035
3990,754,0.990114
4000,638,0.990181
4010,633,0.990248
4020,668,0.990318
4030,711,0.990393
4040,644,0.990461
4050,606,0.990525
4060,616,0.990590
4070,640,0.990657
4080,647,0.990725
4090,633,0.990792
4100,606,0.990855
4110,627,0.990921
4120,577,0.990982
4130,627,0.991048
4140,583,0.991110
4150,581,0.991171
4160,567,0.991230
4170,588,0.991292
4180,600,0.991355
4190,579,0.991416
4200,542,0.991473
4210,571,0.991534
4220,538,0.991590
4230,555,0.991649
4240,531,0.991704
4250,562,0.991764
4260,599,0.991827
4270,536,0.991883
4280,500,0.991936
4290,495,0.991988
4300,527,0.992043
4310,488,0.992095
4320,513,0.992149
4330,550,0.992207
4340,506,0.992260
4350,463,0.992309
4360,483,0.992359
4370,475,0.992409
4380,462,0.992458
4390,480,0.992509
4400,458,0.992557
4410,450,0.992604
4420,442,0.992651
4430,442,0.992697
4440,484,0.992748
4450,462,0.992797
4460,478,0.992847
4470,467,0.992896
4480,474,0.992946
4490,461,0.992995
4500,424,0.993039
4510,439,0.993086
4520,420,0.993130
4530,421,0.993174
4540,422,0.993218
4550,446,0.993265
4560,410,0.993309
4570,440,0.993355
4580,450,0.993402
4590,449,0.993450
4600,397,0.993491
4610,416,0.993535
4620,408,0.993578
4630,383,0.993618
4640,420,0.993663
4650,429,0.993708
4660,384,0.993748
4670,369,0.993787
4680,425,0.993832
4690,363,0.993870
4700,391,0.993911
4710,371,0.993950
4720,352,0.993987
4730,373,0.994026
4740,378,0.994066
4750,380,0.994106
4760,377,0.994146
4770,377,0.994186
4780,363,0.994224
4790,358,0.994262
4800,386,0.994302
4810,381,0.994342
4820,415,0.994386
4830,381,0.994426
4840,334,0.994461
4850,337,0.994497
4860,323,0.994531
4870,351,0.994568
4880,383,0.994608
4890,362,0.994646
4900,363,0.994684
4910,347,0.994721
4920,333,0.994756
4930,300,0.994787
4940,316,0.994821
4950,343,0.994857
4960,339,0.994892
4970,378,0.994932
4980,283,0.994962
4990,309,0.994995
5000,313,0.995028
5010,321,0.995061
5020,338,0.995097
5030,342,0.995133
5040,340,0.995169
5050,313,0.995202
5060,313,0.995235
5070,303,0.995266
5080,328,0.995301
5090,357,0.995339
5100,343,0.995375
5110,322,0.995409
5120,289,0.995439
5130,295,0.995470
5140,310,0.995503
5150,300,0.995534
5160,304,0.995566
5170,287,0.995597
5180,304,0.995629
5190,289,0.995659
5200,277,0.995688
5210,322,0.995722
5220,290,0.995753
5230,282,0.995782
5240,273,0.995811
5250,309,0.995843
5260,287,0.995874
5270,265,0.995902
5280,257,0.995929
5290,280,0.995958
5300,274,0.995987
5310,275,0.996016
5320,247,0.996042
5330,256,0.996069
5340,247,0.996095
5350,239,0.996120
5360,275,0.996149
5370,239,0.996174
5380,279,0.996203
5390,249,0.996230
5400,267,0.996258
5410,255,0.996285
5420,238,0.996310
5430,253,0.996336
5440,248,0.996362
5450,233,0.996387
5460,202,0.996408
5470,225,0.996432
5480,213,0.996454
5490,217,0.996477
5500,244,0.996503
5510,232,0.996527
5520,237,0.996552
5530,225,0.996576
5540,231,0.996600
5550,219,0.996623
5560,210,0.996645
5570,236,0.996670
5580,213,0.996693
5590,230,0.996717
5600,217,0.996740
5610,219,0.996763
5620,209,0.996785
5630,229,0.996809
5640,209,0.996831
5650,205,0.996852
5660,199,0.996873
5670,210,0.996895
5680,181,0.996915
5690,191,0.996935
5700,219,0.996958
5710,192,0.996978
5720,201,0.996999
5730,201,0.997020
5740,195,0.997041
5750,208,0.997063
5760,183,0.997082
5770,227,0.997106
5780,194,0.997126
5790,196,0.997147
5800,206,0.997169
5810,183,0.997188
5820,184,0.997207
5830,165,0.997225
5840,200,0.997246
5850,184,0.997265
5860,190,0.997285
5870,168,0.997303
5880,184,0.997322
5890,210,0.997344
5900,195,0.997365
5910,171,0.997383
5920,182,0.997402
5930,188,0.997422
5940,194,0.997442
5950,178,0.997461
5960,179,0.997480
5970,157,0.997496
5980,166,0.997514
5990,137,0.997528
6000,132,0.997542
6010,182,0.997561
6020,162,0.997578
6030,178,0.997597
6040,155,0.997613
6050,165,0.997631
6060,157,0.997647
6070,170,0.997665
6080,174,0.997683
6090,164,0.997701
6100,180,0.997719
6110,153,0.997736
6120,181,0.997755
6130,161,0.997772
6140,148,0.997787
6150,152,0.997803
6160,161,0.997820
6170,147,0.997836
6180,168,0.997853
6190,147,0.997869
6200,157,0.997885
6210,165,0.997903
6220,160,0.997919
6230,169,0.997937
6240,152,0.997953
6250,142,0.997968
6260,143,0.997983
6270,147,0.997999
6280,149,0.998014
6290,134,0.998029
6300,156,0.998045
6310,159,0.998062
6320,161,0.998079
6330,149,0.998094
6340,141,0.998109
6350,137,0.998124
6360,149,0.998139
6370,149,0.998155
6380,155,0.998171
6390,137,0.998186
6400,146,0.998201
6410,156,0.998217
6420,105,0.998228
6430,129,0.998242
6440,139,0.998257
6450,136,0.998271
6460,137,0.998285
6470,142,0.998300
6480,145,0.998316
6490,120,0.998328
6500,131,0.998342
6510,136,0.998356
6520,116,0.998369
6530,126,0.998382
6540,130,0.998396
6550,125,0.998409
6560,126,0.998422
6570,122,0.998435
6580,130,0.998448
6590,140,0.998463
6600,126,0.998477
6610,111,0.998488
6620,126,0.998501
6630,123,0.998514
6640,129,0.998528
6650,133,0.998542
6660,118,0.998554
6670,125,0.998568
6680,143,0.998583
6690,128,0.998596
6700,127,0.998609
6710,99,0.998620
6720,140,0.998635
6730,115,0.998647
6740,116,0.998659
6750,115,0.998671
6760,106,0.998682
6770,108,0.998694
6780,114,0.998706
6790,115,0.998718
6800,126,0.998731
6810,96,0.998741
6820,105,0.998752
6830,125,0.998765
6840,97,0.998775
6850,108,0.998787
6860,122,0.998800
6870,117,0.998812
6880,93,0.998822
6890,116,0.998834
6900,113,0.998846
6910,115,0.998858
6920,102,0.998869
6930,113,0.998881
6940,108,0.998892
6950,100,0.998902
6960,108,0.998914
6970,114,0.998926
6980,112,0.998938
6990,99,0.998948
7000,106,0.998959
7010,100,0.998970
7020,103,0.998981
7030,98,0.998991
7040,107,0.999002
7050,78,0.999010
7060,99,0.999021
7070,95,0.999031
7080,88,0.999040
7090,97,0.999050
7100,101,0.999061
7110,97,0.999071
7120,97,0.999081
7130,108,0.999093
7140,101,0.999103
7150,72,0.999111
7160,97,0.999121
7170,101,0.999132
7180,113,0.999144
7190,88,0.999153
7200,104,0.999164
7210,109,0.999175
7220,69,0.999183
7230,96,0.999193
7240,81,0.999201
7250,78,0.999209
7260,66,0.999216
7270,91,0.999226
7280,77,0.999234
7290,84,0.999243
7300,91,0.999252
7310,109,0.999264
7320,86,0.999273
7330,79,0.999281
7340,97,0.999292
7350,82,0.999300
7360,65,0.999307
7370,78,0.999315
7380,63,0.999322
7390,75,0.999330
7400,70,0.999337
7410,70,0.999345
7420,76,0.999353
7430,81,0.999361
7440,80,0.999369
7450,86,0.999379
7460,78,0.999387
7470,78,0.999395
7480,64,0.999402
7490,81,0.999410
7500,69,0.999417
7510,69,0.999425
7520,62,0.999431
7530,56,0.999437
7540,74,0.999445
7550,52,0.999450
7560,71,0.999458
7570,64,0.999465
7580,57,0.999471
7590,65,0.999477
7600,76,0.999485
7610,53,0.999491
7620,60,0.999497
7630,75,0.999505
7640,63,0.999512
7650,42,0.999516
7660,57,0.999522
7670,74,0.999530
7680,62,0.999537
7690,53,0.999542
7700,54,0.999548
7710,55,0.999554
7720,69,0.999561
7730,47,0.999566
7740,53,0.999571
7750,60,0.999578
7760,62,0.999584
7770,60,0.999591
7780,41,0.999595
7790,57,0.999601
7800,47,0.999606
7810,49,0.999611
7820,41,0.999615
7830,44,0.999620
7840,45,0.999625
7850,46,0.999630
7860,43,0.999634
7870,44,0.999639
7880,45,0.999643
7890,36,0.999647
7900,43,0.999652
7910,54,0.999657
7920,40,0.999662
7930,40,0.999666
7940,37,0.999670
7950,38,0.999674
7960,36,0.999678
7970,58,0.999684
7980,39,0.999688
7990,45,0.999692
8000,39,0.999697
8010,43,0.999701
8020,36,0.999705
8030,50,0.999710
8040,33,0.999714
8050,36,0.999717
8060,47,0.999722
8070,42,0.999727
8080,43,0.999731
8090,32,0.999735
8100,28,0.999738
8110,38,0.999742
8120,37,0.999746
8130,24,0.999748
8140,27,0.999751
8150,26,0.999754
8160,38,0.999758
8170,25,0.999760
8180,28,0.999763
8190,30,0.999766
8200,39,0.999771
8210,28,0.999774
8220,27,0.999776
8230,39,0.999780
8240,31,0.999784
8250,27,0.999786
8260,27,0.999789
8270,40,0.999794
8280,21,0.999796
8290,28,0.999799
8300,22,0.999801
8310,30,0.999804
8320,20,0.999806
8330,30,0.999809
8340,24,0.999812
8350,22,0.999814
8360,25,0.999817
8370,14,0.999818
8380,22,0.999821
8390,29,0.999824
8400,18,0.999826
8410,27,0.999829
8420,20,0.999831
8430,18,0.999833
8440,26,0.999835
8450,23,0.999838
8460,17,0.999839
8470,13,0.999841
8480,25,0.999843
8490,15,0.999845
8500,19,0.999847
8510,21,0.999849
8520,19,0.999851
8530,26,0.999854
8540,20,0.999856
8550,18,0.999858
8560,14,0.999859
8570,13,0.999861
8580,18,0.999863
8590,13,0.999864
8600,22,0.999866
8610,16,0.999868
8620,12,0.999869
8630,19,0.999871
8640,20,0.999873
8650,13,0.999875
8660,8,0.999876
8670,18,0.999878
8680,15,0.999879
8690,13,0.999881
8700,13,0.999882
8710,7,0.999883
8720,7,0.999883
8730,18,0.999885
8740,14,0.999887
8750,15,0.999888
8760,21,0.999891
8770,10,0.999892
8780,17,0.999893
8790,5,0.999894
8800,14,0.999895
8810,14,0.999897
8820,16,0.999899
8830,12,0.999900
8840,9,0.999901
8850,7,0.999901
8860,6,0.999902
8870,12,0.999903
8880,12,0.999905
8890,8,0.999905
8900,13,0.999907
8910,12,0.999908
8920,5,0.999909
8930,4,0.999909
8940,8,0.999910
8950,7,0.999911
8960,9,0.999912
8970,7,0.999912
8980,5,0.999913
8990,7,0.999914
9000,8,0.999914
9010,13,0.999916
9020,7,0.999917
9030,10,0.999918
9040,7,0.999918
9050,14,0.999920
9060,10,0.999921
9070,8,0.999922
9080,3,0.999922
9090,8,0.999923
9100,8,0.999924
9110,12,0.999925
9120,11,0.999926
9130,9,0.999927
9140,9,0.999928
9150,3,0.999928
9160,4,0.999929
9170,9,0.999930
9180,7,0.999930
9190,3,0.999931
9200,5,0.999931
9210,3,0.999932
9220,6,0.999932
9230,6,0.999933
9240,6,0.999933
9250,9,0.999934
9260,6,0.999935
9270,10,0.999936
9280,7,0.999937
9290,5,0.999937
9300,8,0.999938
9310,8,0.999939
9320,2,0.999939
9330,8,0.999940
9340,6,0.999941
9350,9,0.999942
9360,6,0.999942
9370,7,0.999943
9380,4,0.999943
9390,4,0.999944
9400,6,0.999945
9410,5,0.999945
9420,4,0.999945
9430,6,0.999946
9440,7,0.999947
9450,4,0.999947
9460,7,0.999948
9470,3,0.999948
9480,3,0.999949
9490,3,0.999949
9500,7,0.999950
9510,4,0.999950
9520,9,0.999951
9530,8,0.999952
9540,10,0.999953
9550,2,0.999953
9560,5,0.999954
9570,6,0.999954
9580,1,0.999954
9590,3,0.999955
9600,3,0.999955
9610,7,0.999956
9620,5,0.999956
9630,5,0.999957
9640,11,0.999958
9650,3,0.999958
9660,3,0.999959
9670,3,0.999959
9680,8,0.999960
9690,4,0.999960
9700,4,0.999961
9710,4,0.999961
9720,3,0.999961
9730,4,0.999962
9740,3,0.999962
9750,4,0.999963
9760,3,0.999963
9770,2,0.999963
9780,4,0.999963
9790,3,0.999964
9800,2,0.999964
9810,5,0.999965
9820,3,0.999965
9830,1,0.999965
9840,1,0.999965
9850,5,0.999966
9860,5,0.999966
9870,3,0.999966
9880,3,0.999967
9890,3,0.999967
9910,4,0.999967
9920,5,0.999968
9930,3,0.999968
9940,6,0.999969
9950,3,0.999969
9960,4,0.999970
9970,4,0.999970
9980,3,0.999970
9990,4,0.999971
10000,2,0.999971
10010,3,0.999971
10020,2,0.999972
10030,5,0.999972
10040,3,0.999972
10050,3,0.999973
10060,6,0.999973
10070,4,0.999974
10080,3,0.999974
10090,2,0.999974
10100,3,0.999975
10110,2,0.999975
10120,2,0.999975
10130,3,0.999975
10140,3,0.999976
10150,1,0.999976
10160,1,0.999976
10180,1,0.999976
10190,4,0.999976
10200,2,0.999977
10210,3,0.999977
10220,2,0.999977
10230,3,0.999977
10240,1,0.999978
10250,2,0.999978
10260,3,0.999978
10270,2,0.999978
10280,3,0.999979
10290,1,0.999979
10300,3,0.999979
10310,1,0.999979
10320,2,0.999979
10330,3,0.999980
10340,1,0.999980
10350,1,0.999980
10360,3,0.999980
10380,2,0.999980
10390,1,0.999981
10400,3,0.999981
10410,1,0.999981
10420,1,0.999981
10430,1,0.999981
10440,1,0.999981
10470,2,0.999981
10480,1,0.999982
10490,4,0.999982
10530,2,0.999982
10540,1,0.999982
10560,2,0.999983
10570,4,0.999983
10580,1,0.999983
10590,2,0.999983
10600,2,0.999983
10620,1,0.999984
10630,2,0.999984
10650,1,0.999984
10660,3,0.999984
10680,1,0.999984
10690,2,0.999985
10700,2,0.999985
10710,1,0.999985
10720,1,0.999985
10730,2,0.999985
10740,1,0.999985
10750,3,0.999986
10760,1,0.999986
10770,1,0.999986
10780,4,0.999986
10790,2,0.999986
10800,2,0.999987
10810,1,0.999987
10830,2,0.999987
10840,4,0.999987
10850,1,0.999987
10880,2,0.999988
10900,2,0.999988
10910,1,0.999988
10920,1,0.999988
10930,1,0.999988
10940,2,0.999988
10960,1,0.999989
10970,4,0.999989
10980,1,0.999989
11020,2,0.999989
11030,3,0.999990
11040,2,0.999990
11070,2,0.999990
11100,1,0.999990
11110,1,0.999990
11120,1,0.999990
11140,1,0.999990
11150,1,0.999991
11210,1,0.999991
11220,1,0.999991
11260,3,0.999991
11270,1,0.999991
11280,1,0.999991
11300,1,0.999991
11310,1,0.999991
11320,2,0.999992
11330,1,0.999992
11340,3,0.999992
11350,1,0.999992
11370,1,0.999992
11380,2,0.999993
11390,1,0.999993
11410,1,0.999993
11430,1,0.999993
11440,4,0.999993
11450,2,0.999994
11480,1,0.999994
11550,1,0.999994
11560,2,0.999994
11570,1,0.999994
11590,2,0.999994
11600,1,0.999994
11620,3,0.999995
11640,2,0.999995
11690,2,0.999995
11700,2,0.999995
11730,2,0.999995
11740,3,0.999996
11770,1,0.999996
11780,1,0.999996
11800,1,0.999996
11810,2,0.999996
11820,2,0.999997
11830,1,0.999997
11840,2,0.999997
11850,1,0.999997
11870,1,0.999997
11880,2,0.999997
11890,2,0.999997
11930,2,0.999998
11940,1,0.999998
11960,2,0.999998
11970,1,0.999998
11990,1,0.999998
12030,1,0.999998
12040,1,0.999998
12050,3,0.999999
12070,1,0.999999
12100,2,0.999999
12110,1,0.999999
12140,1,0.999999
12180,1,0.999999
12190,1,0.999999
12220,1,1.000000
12240,1,1.000000
12260,1,1.000000
12320,1,1.000000
12380,1,1.000000
