#latency,cnt,cdf
0,1876,0.000375
10,2,0.000375
20,2,0.000376
30,132,0.000402
40,2,0.000403
50,7527,0.001907
60,927059,0.187217
70,24739,0.192162
80,879581,0.367981
90,8657,0.369712
100,282909,0.426262
110,656266,0.557443
120,220448,0.601508
130,408802,0.683224
140,17640,0.686750
150,289363,0.744590
160,13356,0.747260
170,165025,0.780247
180,329516,0.846114
190,216068,0.889304
200,258297,0.940935
210,20448,0.945022
220,11569,0.947334
230,42607,0.955851
240,131154,0.982067
250,6731,0.983413
260,6546,0.984721
270,12414,0.987203
280,2674,0.987737
290,12950,0.990326
300,6644,0.991654
310,5069,0.992667
320,5720,0.993811
330,12001,0.996210
340,268,0.996263
350,553,0.996374
360,281,0.996430
370,336,0.996497
380,7922,0.998080
390,184,0.998117
400,110,0.998139
410,100,0.998159
420,124,0.998184
430,112,0.998206
440,87,0.998224
450,90,0.998242
460,84,0.998259
470,81,0.998275
480,97,0.998294
490,81,0.998310
500,89,0.998328
510,91,0.998346
520,73,0.998361
530,89,0.998379
540,83,0.998395
550,79,0.998411
560,93,0.998430
570,101,0.998450
580,102,0.998470
590,84,0.998487
600,90,0.998505
610,89,0.998523
620,87,0.998540
630,71,0.998554
640,89,0.998572
650,68,0.998586
660,70,0.998600
670,77,0.998615
680,71,0.998629
690,75,0.998644
700,74,0.998659
710,72,0.998674
720,72,0.998688
730,72,0.998702
740,72,0.998717
750,71,0.998731
760,56,0.998742
770,54,0.998753
780,61,0.998765
790,64,0.998778
800,44,0.998787
810,63,0.998799
820,57,0.998811
830,67,0.998824
840,62,0.998836
850,66,0.998850
860,71,0.998864
870,54,0.998875
880,55,0.998886
890,64,0.998898
900,64,0.998911
910,56,0.998922
920,50,0.998932
930,65,0.998945
940,42,0.998954
950,62,0.998966
960,63,0.998979
970,56,0.998990
980,61,0.999002
990,48,0.999012
1000,71,0.999026
1010,54,0.999037
1020,64,0.999050
1030,46,0.999059
1040,57,0.999070
1050,68,0.999084
1060,48,0.999093
1070,58,0.999105
1080,39,0.999113
1090,41,0.999121
1100,31,0.999127
1110,51,0.999137
1120,31,0.999143
1130,41,0.999152
1140,33,0.999158
1150,31,0.999164
1160,40,0.999172
1170,25,0.999177
1180,31,0.999184
1190,26,0.999189
1200,35,0.999196
1210,24,0.999201
1220,24,0.999205
1230,24,0.999210
1240,17,0.999214
1250,26,0.999219
1260,21,0.999223
1270,20,0.999227
1280,15,0.999230
1290,14,0.999233
1300,18,0.999236
1310,27,0.999242
1320,18,0.999245
1330,23,0.999250
1340,17,0.999253
1350,15,0.999256
1360,14,0.999259
1370,15,0.999262
1380,17,0.999266
1390,11,0.999268
1400,16,0.999271
1410,21,0.999275
1420,13,0.999278
1430,18,0.999281
1440,12,0.999284
1450,17,0.999287
1460,19,0.999291
1470,20,0.999295
1480,19,0.999299
1490,16,0.999302
1500,15,0.999305
1510,17,0.999308
1520,15,0.999311
1530,12,0.999314
1540,20,0.999318
1550,18,0.999321
1560,12,0.999324
1570,16,0.999327
1580,13,0.999330
1590,26,0.999335
1600,13,0.999337
1610,23,0.999342
1620,15,0.999345
1630,14,0.999348
1640,19,0.999352
1650,22,0.999356
1660,16,0.999359
1670,12,0.999362
1680,18,0.999365
1690,8,0.999367
1700,18,0.999370
1710,28,0.999376
1720,16,0.999379
1730,12,0.999382
1740,17,0.999385
1750,20,0.999389
1760,6,0.999390
1770,15,0.999393
1780,15,0.999396
1790,16,0.999399
1800,16,0.999403
1810,16,0.999406
1820,24,0.999411
1830,12,0.999413
1840,14,0.999416
1850,12,0.999418
1860,15,0.999421
1870,17,0.999425
1880,22,0.999429
1890,17,0.999432
1900,17,0.999436
1910,14,0.999439
1920,17,0.999442
1930,11,0.999444
1940,10,0.999446
1950,17,0.999449
1960,10,0.999452
1970,20,0.999456
1980,17,0.999459
1990,11,0.999461
2000,10,0.999463
2010,11,0.999465
2020,12,0.999468
2030,14,0.999470
2040,17,0.999474
2050,15,0.999477
2060,11,0.999479
2070,14,0.999482
2080,9,0.999484
2090,8,0.999485
2100,12,0.999488
2110,13,0.999490
2120,12,0.999493
2130,9,0.999494
2140,8,0.999496
2150,15,0.999499
2160,16,0.999502
2170,11,0.999504
2180,14,0.999507
2190,11,0.999509
2200,15,0.999512
2210,13,0.999515
2220,14,0.999518
2230,16,0.999521
2240,15,0.999524
2250,22,0.999528
2260,13,0.999531
2270,19,0.999535
2280,11,0.999537
2290,10,0.999539
2300,12,0.999541
2310,10,0.999543
2320,15,0.999546
2330,16,0.999550
2340,13,0.999552
2350,17,0.999556
2360,9,0.999557
2370,11,0.999560
2380,7,0.999561
2390,16,0.999564
2400,14,0.999567
2410,7,0.999568
2420,20,0.999572
2430,14,0.999575
2440,22,0.999580
2450,16,0.999583
2460,16,0.999586
2470,10,0.999588
2480,13,0.999591
2490,20,0.999595
2500,10,0.999597
2510,12,0.999599
2520,10,0.999601
2530,21,0.999605
2540,10,0.999607
2550,19,0.999611
2560,15,0.999614
2570,13,0.999617
2580,9,0.999618
2590,16,0.999622
2600,12,0.999624
2610,18,0.999628
2620,16,0.999631
2630,13,0.999633
2640,13,0.999636
2650,14,0.999639
2660,16,0.999642
2670,18,0.999646
2680,16,0.999649
2690,18,0.999652
2700,15,0.999655
2710,16,0.999659
2720,16,0.999662
2730,17,0.999665
2740,17,0.999669
2750,13,0.999671
2760,17,0.999675
2770,12,0.999677
2780,13,0.999680
2790,14,0.999682
2800,15,0.999685
2810,10,0.999687
2820,17,0.999691
2830,21,0.999695
2840,8,0.999697
2850,12,0.999699
2860,21,0.999703
2870,18,0.999707
2880,16,0.999710
2890,22,0.999714
2900,12,0.999717
2910,15,0.999720
2920,17,0.999723
2930,12,0.999726
2940,17,0.999729
2950,12,0.999731
2960,9,0.999733
2970,21,0.999737
2980,17,0.999741
2990,13,0.999743
3000,14,0.999746
3010,18,0.999750
3020,13,0.999752
3030,23,0.999757
3040,15,0.999760
3050,14,0.999763
3060,20,0.999767
3070,22,0.999771
3080,20,0.999775
3090,11,0.999777
3100,14,0.999780
3110,18,0.999784
3120,15,0.999787
3130,16,0.999790
3140,17,0.999793
3150,14,0.999796
3160,17,0.999799
3170,10,0.999802
3180,18,0.999805
3190,25,0.999810
3200,14,0.999813
3210,18,0.999816
3220,11,0.999819
3230,16,0.999822
3240,22,0.999826
3250,15,0.999829
3260,20,0.999833
3270,16,0.999837
3280,17,0.999840
3290,9,0.999842
3300,25,0.999847
3310,16,0.999850
3320,22,0.999854
3330,17,0.999858
3340,15,0.999861
3350,16,0.999864
3360,21,0.999868
3370,14,0.999871
3380,14,0.999874
3390,13,0.999876
3400,15,0.999879
3410,16,0.999882
3420,13,0.999885
3430,11,0.999887
3440,16,0.999890
3450,15,0.999893
3460,8,0.999895
3470,14,0.999898
3480,14,0.999901
3490,13,0.999903
3500,13,0.999906
3510,13,0.999908
3520,11,0.999911
3530,14,0.999913
3540,14,0.999916
3550,7,0.999918
3560,5,0.999919
3570,7,0.999920
3580,19,0.999924
3590,16,0.999927
3600,5,0.999928
3610,13,0.999931
3620,11,0.999933
3630,9,0.999935
3640,7,0.999936
3650,8,0.999938
3660,10,0.999940
3670,8,0.999941
3680,11,0.999943
3690,10,0.999945
3700,8,0.999947
3710,5,0.999948
3720,5,0.999949
3730,5,0.999950
3740,4,0.999951
3750,4,0.999952
3760,8,0.999953
3770,3,0.999954
3780,1,0.999954
3790,5,0.999955
3800,4,0.999956
3810,6,0.999957
3820,4,0.999958
3830,3,0.999958
3840,2,0.999959
3850,4,0.999960
3860,4,0.999960
3880,2,0.999961
3890,3,0.999961
3900,4,0.999962
3910,2,0.999963
3920,4,0.999963
3930,2,0.999964
3940,1,0.999964
3950,2,0.999964
3960,2,0.999965
3970,5,0.999966
3980,1,0.999966
4000,3,0.999967
4010,2,0.999967
4020,2,0.999967
4030,2,0.999968
4050,5,0.999969
4060,1,0.999969
4080,2,0.999969
4090,3,0.999970
4100,1,0.999970
4120,1,0.999970
4130,2,0.999971
4140,2,0.999971
4150,3,0.999972
4160,2,0.999972
4170,2,0.999973
4180,1,0.999973
4190,2,0.999973
4200,3,0.999974
4210,1,0.999974
4220,4,0.999975
4240,1,0.999975
4250,1,0.999975
4260,1,0.999975
4280,3,0.999976
4290,1,0.999976
4310,1,0.999976
4320,1,0.999977
4330,1,0.999977
4350,1,0.999977
4370,1,0.999977
4380,2,0.999978
4390,1,0.999978
4410,2,0.999978
4420,1,0.999978
4430,3,0.999979
4450,1,0.999979
4460,2,0.999980
4480,2,0.999980
4490,1,0.999980
4500,1,0.999980
4510,1,0.999981
4530,2,0.999981
4560,1,0.999981
4570,2,0.999982
4580,1,0.999982
4590,1,0.999982
4600,2,0.999982
4610,1,0.999983
4630,1,0.999983
4640,2,0.999983
4650,2,0.999984
4660,1,0.999984
4680,2,0.999984
4690,5,0.999985
4700,1,0.999985
4710,2,0.999986
4720,1,0.999986
4740,1,0.999986
4750,1,0.999986
4760,1,0.999987
4770,4,0.999987
4780,3,0.999988
4790,1,0.999988
4800,1,0.999988
4810,2,0.999989
4820,3,0.999989
4830,1,0.999990
4840,4,0.999990
4860,1,0.999991
4870,3,0.999991
4880,2,0.999992
4900,2,0.999992
4920,1,0.999992
4940,3,0.999993
4950,3,0.999993
4960,2,0.999994
4970,1,0.999994
4990,1,0.999994
5000,2,0.999995
5010,2,0.999995
5070,2,0.999995
5120,1,0.999996
5130,2,0.999996
5220,1,0.999996
5260,1,0.999996
5290,1,0.999997
5320,1,0.999997
5360,2,0.999997
5420,1,0.999997
5580,1,0.999998
5620,1,0.999998
5750,1,0.999998
5760,1,0.999998
5910,1,0.999998
6000,1,0.999999
6100,1,0.999999
6210,1,0.999999
6320,1,0.999999
6530,1,0.999999
7730,1,1.000000
8530,1,1.000000
9610,1,1.000000
