#latency,cnt,cdf
20,1,0.000000
30,84,0.000009
40,2,0.000009
50,4566,0.000490
60,932294,0.098626
70,95281,0.108655
80,935662,0.207146
90,22984,0.209565
100,158441,0.226243
110,406484,0.269031
120,507305,0.322431
130,206112,0.344127
140,63191,0.350779
150,211564,0.373048
160,14791,0.374605
170,174857,0.393011
180,448169,0.440187
190,438686,0.486364
200,527769,0.541919
210,444978,0.588758
220,252613,0.615349
230,615685,0.680158
240,326523,0.714529
250,166757,0.732082
260,264073,0.759879
270,623208,0.825480
280,302810,0.857354
290,236045,0.882201
300,159245,0.898964
310,182635,0.918188
320,317444,0.951603
330,113799,0.963582
340,160618,0.980489
350,10800,0.981626
360,19273,0.983655
370,13906,0.985119
380,25442,0.987797
390,70528,0.995221
400,9680,0.996240
410,3977,0.996658
420,5252,0.997211
430,5484,0.997788
440,2744,0.998077
450,944,0.998177
460,747,0.998255
470,2488,0.998517
480,6281,0.999178
490,344,0.999214
500,501,0.999267
510,947,0.999367
520,164,0.999384
530,175,0.999403
540,41,0.999407
550,49,0.999412
560,26,0.999415
570,69,0.999422
580,234,0.999447
590,57,0.999453
600,38,0.999457
610,48,0.999462
620,44,0.999466
630,52,0.999472
640,62,0.999478
650,62,0.999485
660,66,0.999492
670,62,0.999498
680,64,0.999505
690,78,0.999513
700,63,0.999520
710,56,0.999526
720,50,0.999531
730,59,0.999537
740,62,0.999544
750,51,0.999549
760,51,0.999555
770,27,0.999557
780,41,0.999562
790,37,0.999566
800,41,0.999570
810,34,0.999573
820,44,0.999578
830,30,0.999581
840,33,0.999585
850,34,0.999588
860,28,0.999591
870,19,0.999593
880,34,0.999597
890,36,0.999601
900,46,0.999605
910,35,0.999609
920,37,0.999613
930,36,0.999617
940,41,0.999621
950,41,0.999626
960,39,0.999630
970,34,0.999633
980,36,0.999637
990,26,0.999640
1000,34,0.999643
1010,31,0.999647
1020,30,0.999650
1030,24,0.999652
1040,33,0.999656
1050,31,0.999659
1060,23,0.999661
1070,22,0.999664
1080,14,0.999665
1090,15,0.999667
1100,30,0.999670
1110,23,0.999672
1120,18,0.999674
1130,24,0.999677
1140,21,0.999679
1150,17,0.999681
1160,19,0.999683
1170,17,0.999685
1180,16,0.999686
1190,13,0.999688
1200,11,0.999689
1210,19,0.999691
1220,9,0.999692
1230,19,0.999694
1240,11,0.999695
1250,21,0.999697
1260,16,0.999699
1270,19,0.999701
1280,17,0.999703
1290,20,0.999705
1300,19,0.999707
1310,16,0.999708
1320,24,0.999711
1330,26,0.999714
1340,19,0.999716
1350,24,0.999718
1360,25,0.999721
1370,24,0.999723
1380,21,0.999725
1390,20,0.999728
1400,22,0.999730
1410,17,0.999732
1420,21,0.999734
1430,23,0.999736
1440,18,0.999738
1450,15,0.999740
1460,11,0.999741
1470,25,0.999744
1480,13,0.999745
1490,13,0.999746
1500,12,0.999748
1510,15,0.999749
1520,11,0.999750
1530,18,0.999752
1540,15,0.999754
1550,13,0.999755
1560,10,0.999756
1570,12,0.999757
1580,7,0.999758
1590,7,0.999759
1600,10,0.999760
1610,15,0.999762
1620,11,0.999763
1630,10,0.999764
1640,11,0.999765
1650,11,0.999766
1660,8,0.999767
1670,9,0.999768
1680,10,0.999769
1690,6,0.999770
1700,8,0.999770
1710,7,0.999771
1720,10,0.999772
1730,8,0.999773
1740,7,0.999774
1750,11,0.999775
1760,12,0.999776
1770,10,0.999777
1780,10,0.999778
1790,5,0.999779
1800,11,0.999780
1810,6,0.999781
1820,15,0.999782
1830,6,0.999783
1840,7,0.999784
1850,11,0.999785
1860,14,0.999786
1870,9,0.999787
1880,14,0.999789
1890,8,0.999789
1900,6,0.999790
1910,12,0.999791
1920,12,0.999793
1930,12,0.999794
1940,10,0.999795
1950,11,0.999796
1960,12,0.999797
1970,11,0.999799
1980,14,0.999800
1990,11,0.999801
2000,11,0.999802
2010,24,0.999805
2020,19,0.999807
2030,21,0.999809
2040,24,0.999812
2050,16,0.999813
2060,22,0.999816
2070,20,0.999818
2080,18,0.999820
2090,12,0.999821
2100,11,0.999822
2110,12,0.999823
2120,10,0.999824
2130,11,0.999825
2140,9,0.999826
2150,14,0.999828
2160,7,0.999829
2170,7,0.999829
2180,10,0.999830
2190,10,0.999831
2200,8,0.999832
2210,11,0.999833
2220,10,0.999835
2230,6,0.999835
2240,8,0.999836
2250,4,0.999836
2260,10,0.999837
2270,8,0.999838
2280,13,0.999840
2290,11,0.999841
2300,10,0.999842
2310,12,0.999843
2320,8,0.999844
2330,12,0.999845
2340,12,0.999847
2350,6,0.999847
2360,7,0.999848
2370,4,0.999848
2380,9,0.999849
2390,10,0.999850
2400,11,0.999851
2410,7,0.999852
2420,10,0.999853
2430,12,0.999855
2440,7,0.999855
2450,8,0.999856
2460,8,0.999857
2470,10,0.999858
2480,11,0.999859
2490,9,0.999860
2500,9,0.999861
2510,10,0.999862
2520,6,0.999863
2530,9,0.999864
2540,5,0.999864
2550,6,0.999865
2560,3,0.999865
2570,8,0.999866
2580,7,0.999867
2590,14,0.999868
2600,5,0.999869
2610,8,0.999870
2620,7,0.999870
2630,7,0.999871
2640,11,0.999872
2650,5,0.999873
2660,6,0.999873
2670,7,0.999874
2680,4,0.999875
2690,2,0.999875
2700,9,0.999876
2710,8,0.999876
2720,4,0.999877
2730,9,0.999878
2740,6,0.999879
2750,8,0.999879
2760,4,0.999880
2770,5,0.999880
2780,4,0.999881
2790,6,0.999881
2800,8,0.999882
2810,8,0.999883
2820,7,0.999884
2830,5,0.999884
2840,9,0.999885
2850,7,0.999886
2860,12,0.999887
2870,8,0.999888
2880,8,0.999889
2890,4,0.999889
2900,4,0.999890
2910,6,0.999890
2920,8,0.999891
2930,7,0.999892
2940,9,0.999893
2950,8,0.999894
2960,9,0.999895
2970,11,0.999896
2980,7,0.999897
2990,5,0.999897
3000,4,0.999898
3010,12,0.999899
3020,5,0.999899
3030,7,0.999900
3040,5,0.999901
3050,6,0.999901
3060,8,0.999902
3070,3,0.999902
3080,7,0.999903
3090,7,0.999904
3100,3,0.999904
3110,4,0.999905
3120,7,0.999905
3130,12,0.999907
3140,11,0.999908
3150,9,0.999909
3160,8,0.999910
3170,10,0.999911
3180,4,0.999911
3190,10,0.999912
3200,8,0.999913
3210,8,0.999914
3220,12,0.999915
3230,10,0.999916
3240,8,0.999917
3250,7,0.999918
3260,8,0.999919
3270,15,0.999920
3280,7,0.999921
3290,13,0.999922
3300,9,0.999923
3310,10,0.999924
3320,11,0.999925
3330,16,0.999927
3340,9,0.999928
3350,7,0.999929
3360,17,0.999931
3370,11,0.999932
3380,16,0.999933
3390,8,0.999934
3400,11,0.999935
3410,16,0.999937
3420,15,0.999939
3430,15,0.999940
3440,4,0.999941
3450,13,0.999942
3460,12,0.999943
3470,10,0.999944
3480,10,0.999945
3490,11,0.999947
3500,7,0.999947
3510,9,0.999948
3520,8,0.999949
3530,10,0.999950
3540,8,0.999951
3550,13,0.999952
3560,10,0.999953
3570,13,0.999955
3580,15,0.999956
3590,8,0.999957
3600,10,0.999958
3610,4,0.999959
3620,16,0.999960
3630,9,0.999961
3640,9,0.999962
3650,11,0.999963
3660,4,0.999964
3670,4,0.999964
3680,8,0.999965
3690,8,0.999966
3700,8,0.999967
3710,3,0.999967
3720,8,0.999968
3730,9,0.999969
3740,6,0.999969
3750,7,0.999970
3760,4,0.999971
3770,2,0.999971
3780,5,0.999971
3790,1,0.999971
3800,3,0.999972
3810,5,0.999972
3820,1,0.999972
3830,3,0.999973
3840,6,0.999973
3850,2,0.999974
3860,7,0.999974
3870,6,0.999975
3880,3,0.999975
3890,5,0.999976
3900,3,0.999976
3910,5,0.999977
3920,2,0.999977
3930,1,0.999977
3940,6,0.999978
3950,2,0.999978
3960,2,0.999978
3970,1,0.999978
3980,2,0.999978
3990,3,0.999979
4000,2,0.999979
4010,4,0.999979
4020,2,0.999979
4030,2,0.999980
4040,1,0.999980
4050,1,0.999980
4060,1,0.999980
4070,3,0.999980
4080,1,0.999980
4090,1,0.999981
4100,3,0.999981
4110,1,0.999981
4120,1,0.999981
4130,4,0.999981
4140,2,0.999982
4150,2,0.999982
4160,4,0.999982
4170,4,0.999983
4180,2,0.999983
4200,3,0.999983
4210,4,0.999984
4220,2,0.999984
4240,5,0.999984
4250,1,0.999985
4280,1,0.999985
4290,3,0.999985
4310,1,0.999985
4320,3,0.999985
4330,2,0.999986
4340,2,0.999986
4350,4,0.999986
4360,1,0.999986
4370,3,0.999987
4380,2,0.999987
4390,1,0.999987
4400,2,0.999987
4410,3,0.999987
4420,1,0.999988
4430,1,0.999988
4450,2,0.999988
4460,3,0.999988
4480,3,0.999989
4490,1,0.999989
4510,2,0.999989
4520,1,0.999989
4530,1,0.999989
4540,1,0.999989
4560,3,0.999989
4580,4,0.999990
4620,2,0.999990
4630,1,0.999990
4640,2,0.999990
4660,1,0.999991
4670,2,0.999991
4680,1,0.999991
4690,1,0.999991
4700,2,0.999991
4720,1,0.999991
4740,1,0.999991
4750,1,0.999991
4760,2,0.999992
4770,2,0.999992
4780,1,0.999992
4790,1,0.999992
4800,3,0.999992
4810,3,0.999993
4820,2,0.999993
4840,1,0.999993
4850,1,0.999993
4870,3,0.999994
4880,2,0.999994
4890,2,0.999994
4900,1,0.999994
4910,1,0.999994
4920,3,0.999994
4940,1,0.999995
4950,1,0.999995
4960,2,0.999995
4970,1,0.999995
4990,3,0.999995
5040,1,0.999995
5050,1,0.999995
5060,4,0.999996
5070,3,0.999996
5080,2,0.999996
5110,4,0.999997
5120,3,0.999997
5140,2,0.999997
5150,1,0.999997
5170,1,0.999998
5210,1,0.999998
5220,1,0.999998
5230,1,0.999998
5260,2,0.999998
5270,1,0.999998
5340,1,0.999998
5510,1,0.999998
5530,1,0.999999
5600,1,0.999999
5610,1,0.999999
5650,1,0.999999
5830,1,0.999999
6000,2,0.999999
6040,1,0.999999
6080,1,0.999999
6240,1,0.999999
6270,1,1.000000
6310,1,1.000000
6440,1,1.000000
6870,1,1.000000
8340,1,1.000000
