#latency,cnt,cdf
0,3821,0.000402
10,42,0.000407
20,2,0.000407
30,278,0.000436
40,3,0.000436
50,4194,0.000878
60,792521,0.084309
70,80676,0.092802
80,791323,0.176107
90,21435,0.178364
100,281471,0.207995
110,368743,0.246814
120,435667,0.292678
130,296166,0.323856
140,81003,0.332383
150,191110,0.352502
160,13871,0.353962
170,190537,0.374021
180,412222,0.417417
190,527487,0.472947
200,459576,0.521328
210,399658,0.563401
220,256164,0.590368
230,570150,0.650390
240,317263,0.683789
250,237542,0.708796
260,237347,0.733782
270,533319,0.789926
280,296667,0.821157
290,235204,0.845918
300,202981,0.867286
310,233460,0.891863
320,272583,0.920559
330,149225,0.936268
340,242401,0.961787
350,20933,0.963990
360,29055,0.967049
370,28376,0.970036
380,59683,0.976319
390,112221,0.988133
400,14200,0.989628
410,11949,0.990886
420,19887,0.992979
430,19131,0.994993
440,18414,0.996932
450,1073,0.997045
460,682,0.997117
470,4321,0.997571
480,11759,0.998809
490,1615,0.998979
500,591,0.999042
510,762,0.999122
520,356,0.999159
530,442,0.999206
540,71,0.999213
550,105,0.999224
560,412,0.999268
570,362,0.999306
580,905,0.999401
590,97,0.999411
600,37,0.999415
610,28,0.999418
620,352,0.999455
630,242,0.999481
640,47,0.999486
650,63,0.999492
660,57,0.999498
670,59,0.999505
680,46,0.999509
690,48,0.999514
700,41,0.999519
710,33,0.999522
720,61,0.999529
730,34,0.999532
740,36,0.999536
750,52,0.999541
760,50,0.999547
770,41,0.999551
780,45,0.999556
790,33,0.999559
800,35,0.999563
810,40,0.999567
820,38,0.999571
830,17,0.999573
840,21,0.999575
850,32,0.999578
860,20,0.999581
870,22,0.999583
880,28,0.999586
890,28,0.999589
900,14,0.999590
910,14,0.999592
920,18,0.999594
930,31,0.999597
940,17,0.999599
950,29,0.999602
960,29,0.999605
970,18,0.999607
980,26,0.999609
990,24,0.999612
1000,27,0.999615
1010,24,0.999617
1020,26,0.999620
1030,16,0.999622
1040,26,0.999624
1050,26,0.999627
1060,14,0.999629
1070,22,0.999631
1080,14,0.999632
1090,15,0.999634
1100,16,0.999636
1110,15,0.999637
1120,6,0.999638
1130,18,0.999640
1140,13,0.999641
1150,16,0.999643
1160,15,0.999645
1170,17,0.999646
1180,14,0.999648
1190,12,0.999649
1200,13,0.999650
1210,9,0.999651
1220,14,0.999653
1230,16,0.999654
1240,11,0.999656
1250,10,0.999657
1260,14,0.999658
1270,13,0.999660
1280,26,0.999662
1290,29,0.999665
1300,26,0.999668
1310,31,0.999671
1320,34,0.999675
1330,23,0.999677
1340,41,0.999682
1350,36,0.999685
1360,38,0.999689
1370,43,0.999694
1380,34,0.999698
1390,38,0.999702
1400,35,0.999705
1410,31,0.999708
1420,35,0.999712
1430,21,0.999714
1440,19,0.999716
1450,25,0.999719
1460,20,0.999721
1470,17,0.999723
1480,13,0.999724
1490,17,0.999726
1500,19,0.999728
1510,15,0.999730
1520,13,0.999731
1530,16,0.999733
1540,8,0.999734
1550,8,0.999734
1560,6,0.999735
1570,8,0.999736
1580,9,0.999737
1590,5,0.999737
1600,8,0.999738
1610,6,0.999739
1620,7,0.999740
1630,7,0.999740
1640,4,0.999741
1650,5,0.999741
1660,5,0.999742
1670,7,0.999743
1680,7,0.999743
1690,8,0.999744
1700,3,0.999744
1710,4,0.999745
1720,3,0.999745
1730,9,0.999746
1740,5,0.999747
1750,6,0.999747
1760,5,0.999748
1770,8,0.999749
1780,9,0.999750
1790,14,0.999751
1800,6,0.999752
1810,11,0.999753
1820,19,0.999755
1830,12,0.999756
1840,12,0.999757
1850,6,0.999758
1860,9,0.999759
1870,11,0.999760
1880,18,0.999762
1890,33,0.999765
1900,33,0.999769
1910,20,0.999771
1920,17,0.999773
1930,18,0.999775
1940,10,0.999776
1950,24,0.999778
1960,20,0.999780
1970,21,0.999783
1980,28,0.999786
1990,22,0.999788
2000,23,0.999790
2010,22,0.999793
2020,21,0.999795
2030,14,0.999796
2040,13,0.999798
2050,16,0.999799
2060,20,0.999801
2070,7,0.999802
2080,33,0.999806
2090,15,0.999807
2100,21,0.999809
2110,11,0.999811
2120,7,0.999811
2130,9,0.999812
2140,15,0.999814
2150,14,0.999815
2160,11,0.999817
2170,5,0.999817
2180,12,0.999818
2190,10,0.999819
2200,7,0.999820
2210,9,0.999821
2220,7,0.999822
2230,12,0.999823
2240,6,0.999824
2250,4,0.999824
2260,10,0.999825
2270,10,0.999826
2280,7,0.999827
2290,10,0.999828
2300,14,0.999829
2310,11,0.999831
2320,12,0.999832
2330,7,0.999833
2340,8,0.999833
2350,15,0.999835
2360,6,0.999836
2370,13,0.999837
2380,8,0.999838
2390,18,0.999840
2400,10,0.999841
2410,10,0.999842
2420,10,0.999843
2430,9,0.999844
2440,15,0.999845
2450,10,0.999847
2460,6,0.999847
2470,6,0.999848
2480,8,0.999849
2490,7,0.999849
2500,14,0.999851
2510,9,0.999852
2520,14,0.999853
2530,3,0.999854
2540,6,0.999854
2550,11,0.999855
2560,7,0.999856
2570,5,0.999857
2580,2,0.999857
2590,5,0.999857
2600,7,0.999858
2610,10,0.999859
2620,7,0.999860
2630,5,0.999860
2640,8,0.999861
2650,3,0.999862
2660,11,0.999863
2670,5,0.999863
2680,10,0.999864
2690,5,0.999865
2700,8,0.999866
2710,6,0.999866
2720,4,0.999867
2730,2,0.999867
2740,7,0.999868
2750,5,0.999868
2760,2,0.999868
2770,6,0.999869
2780,6,0.999870
2790,8,0.999871
2800,10,0.999872
2810,5,0.999872
2820,7,0.999873
2830,6,0.999873
2840,9,0.999874
2850,10,0.999875
2860,4,0.999876
2870,4,0.999876
2880,10,0.999877
2890,6,0.999878
2900,2,0.999878
2910,4,0.999879
2920,5,0.999879
2930,6,0.999880
2940,4,0.999880
2950,3,0.999880
2960,10,0.999882
2970,7,0.999882
2980,5,0.999883
2990,4,0.999883
3000,11,0.999884
3010,10,0.999885
3020,6,0.999886
3030,6,0.999887
3040,4,0.999887
3050,6,0.999888
3060,4,0.999888
3070,6,0.999889
3080,8,0.999890
3090,4,0.999890
3100,13,0.999891
3110,10,0.999893
3120,9,0.999893
3130,8,0.999894
3140,7,0.999895
3150,7,0.999896
3160,7,0.999897
3170,8,0.999897
3180,8,0.999898
3190,8,0.999899
3200,8,0.999900
3210,10,0.999901
3220,11,0.999902
3230,8,0.999903
3240,14,0.999904
3250,9,0.999905
3260,7,0.999906
3270,14,0.999908
3280,10,0.999909
3290,8,0.999909
3300,8,0.999910
3310,9,0.999911
3320,8,0.999912
3330,15,0.999914
3340,8,0.999915
3350,9,0.999915
3360,17,0.999917
3370,8,0.999918
3380,10,0.999919
3390,18,0.999921
3400,18,0.999923
3410,17,0.999925
3420,13,0.999926
3430,18,0.999928
3440,15,0.999930
3450,11,0.999931
3460,9,0.999932
3470,10,0.999933
3480,14,0.999934
3490,15,0.999936
3500,10,0.999937
3510,6,0.999937
3520,12,0.999939
3530,17,0.999941
3540,9,0.999941
3550,12,0.999943
3560,6,0.999943
3570,13,0.999945
3580,10,0.999946
3590,12,0.999947
3600,8,0.999948
3610,6,0.999949
3620,11,0.999950
3630,2,0.999950
3640,8,0.999951
3650,5,0.999951
3660,6,0.999952
3670,6,0.999952
3680,13,0.999954
3690,11,0.999955
3700,9,0.999956
3710,4,0.999956
3720,10,0.999957
3730,5,0.999958
3740,8,0.999959
3750,8,0.999960
3760,10,0.999961
3770,6,0.999961
3780,4,0.999962
3790,4,0.999962
3800,5,0.999963
3810,5,0.999963
3820,6,0.999964
3830,4,0.999964
3840,5,0.999965
3850,6,0.999965
3860,1,0.999966
3870,6,0.999966
3880,6,0.999967
3890,2,0.999967
3900,5,0.999968
3910,5,0.999968
3920,3,0.999968
3930,1,0.999969
3940,2,0.999969
3950,1,0.999969
3960,5,0.999969
3970,3,0.999970
3980,3,0.999970
3990,1,0.999970
4000,4,0.999970
4010,5,0.999971
4020,5,0.999972
4030,4,0.999972
4040,3,0.999972
4050,2,0.999973
4060,2,0.999973
4070,1,0.999973
4080,5,0.999973
4090,3,0.999974
4100,2,0.999974
4110,1,0.999974
4120,2,0.999974
4140,1,0.999974
4150,3,0.999975
4160,2,0.999975
4180,2,0.999975
4190,2,0.999975
4200,3,0.999976
4210,3,0.999976
4220,4,0.999976
4240,1,0.999976
4250,3,0.999977
4260,1,0.999977
4280,1,0.999977
4290,1,0.999977
4300,2,0.999977
4310,3,0.999978
4320,1,0.999978
4330,1,0.999978
4340,5,0.999978
4350,3,0.999979
4360,1,0.999979
4380,2,0.999979
4420,1,0.999979
4430,1,0.999979
4440,1,0.999979
4460,1,0.999979
4470,1,0.999979
4490,2,0.999980
4500,1,0.999980
4520,3,0.999980
4530,4,0.999981
4540,3,0.999981
4550,4,0.999981
4560,2,0.999981
4570,5,0.999982
4580,1,0.999982
4600,2,0.999982
4610,3,0.999983
4620,2,0.999983
4630,3,0.999983
4640,2,0.999983
4660,1,0.999983
4670,1,0.999984
4680,2,0.999984
4690,2,0.999984
4710,1,0.999984
4720,1,0.999984
4730,1,0.999984
4740,3,0.999985
4750,3,0.999985
4760,3,0.999985
4770,3,0.999986
4780,1,0.999986
4790,1,0.999986
4800,4,0.999986
4810,2,0.999986
4820,4,0.999987
4830,2,0.999987
4840,1,0.999987
4850,4,0.999988
4860,5,0.999988
4870,2,0.999988
4880,3,0.999989
4890,5,0.999989
4900,3,0.999989
4910,1,0.999990
4920,2,0.999990
4930,4,0.999990
4940,4,0.999991
4950,3,0.999991
4960,3,0.999991
4970,4,0.999992
4980,1,0.999992
4990,2,0.999992
5000,3,0.999992
5010,3,0.999993
5020,1,0.999993
5030,2,0.999993
5040,6,0.999994
5050,1,0.999994
5060,3,0.999994
5070,2,0.999994
5090,4,0.999995
5100,4,0.999995
5110,3,0.999995
5130,3,0.999996
5140,3,0.999996
5150,1,0.999996
5160,1,0.999996
5170,4,0.999997
5180,2,0.999997
5190,1,0.999997
5200,2,0.999997
5210,1,0.999997
5220,1,0.999997
5230,2,0.999998
5260,1,0.999998
5270,2,0.999998
5290,1,0.999998
5300,1,0.999998
5350,1,0.999998
5390,1,0.999998
5490,1,0.999998
5510,1,0.999999
5560,1,0.999999
5610,1,0.999999
5710,1,0.999999
5890,1,0.999999
5980,1,0.999999
6000,1,0.999999
6180,1,0.999999
6320,1,0.999999
6550,1,0.999999
7210,1,1.000000
7750,1,1.000000
8820,1,1.000000
9200,1,1.000000
9210,1,1.000000
