#latency,cnt,cdf
50,8037,0.000804
60,32659,0.004070
70,27958,0.006865
80,36721,0.010537
90,20321,0.012570
100,19581,0.014528
110,40272,0.018555
120,35611,0.022116
130,28236,0.024940
140,24484,0.027388
150,24113,0.029799
160,24397,0.032239
170,26245,0.034864
180,30515,0.037915
190,30400,0.040955
200,29815,0.043936
210,29794,0.046916
220,31331,0.050049
230,32134,0.053262
240,32020,0.056464
250,33150,0.059779
260,34533,0.063233
270,35038,0.066736
280,35047,0.070241
290,35300,0.073771
300,35836,0.077355
310,36224,0.080977
320,36463,0.084624
330,37249,0.088348
340,37243,0.092073
350,37325,0.095805
360,37982,0.099603
370,38187,0.103422
380,38685,0.107291
390,39083,0.111199
400,39217,0.115121
410,39468,0.119067
420,39626,0.123030
430,39824,0.127012
440,40190,0.131031
450,40224,0.135054
460,40135,0.139067
470,40943,0.143162
480,41078,0.147269
490,40977,0.151367
500,41140,0.155481
510,41545,0.159636
520,41935,0.163829
530,41912,0.168020
540,41664,0.172187
550,42011,0.176388
560,42076,0.180595
570,42299,0.184825
580,42453,0.189071
590,42741,0.193345
600,42715,0.197616
610,42998,0.201916
620,42772,0.206193
630,42658,0.210459
640,42971,0.214756
650,43103,0.219066
660,43163,0.223383
670,43079,0.227691
680,43217,0.232012
690,43179,0.236330
700,43129,0.240643
710,43447,0.244988
720,43314,0.249319
730,43617,0.253681
740,43542,0.258035
750,43303,0.262365
760,43354,0.266701
770,43232,0.271024
780,43347,0.275359
790,43569,0.279716
800,43030,0.284019
810,43106,0.288329
820,43052,0.292634
830,43477,0.296982
840,43512,0.301333
850,43735,0.305707
860,42829,0.309990
870,43044,0.314294
880,42986,0.318593
890,43015,0.322894
900,42887,0.327183
910,42876,0.331470
920,42612,0.335732
930,43038,0.340035
940,43001,0.344336
950,42563,0.348592
960,42488,0.352841
970,42487,0.357089
980,42601,0.361349
990,42573,0.365607
1000,42362,0.369843
1010,42035,0.374047
1020,42158,0.378262
1030,41672,0.382430
1040,42215,0.386651
1050,41938,0.390845
1060,41759,0.395021
1070,41549,0.399176
1080,41814,0.403357
1090,41496,0.407507
1100,41378,0.411644
1110,41163,0.415761
1120,41477,0.419908
1130,41020,0.424010
1140,40888,0.428099
1150,40891,0.432188
1160,40589,0.436247
1170,40774,0.440325
1180,40766,0.444401
1190,40425,0.448444
1200,40277,0.452471
1210,39927,0.456464
1220,39765,0.460441
1230,39968,0.464437
1240,39258,0.468363
1250,39398,0.472303
1260,39234,0.476226
1270,38932,0.480120
1280,39026,0.484022
1290,38748,0.487897
1300,38730,0.491770
1310,38553,0.495625
1320,38380,0.499463
1330,38257,0.503289
1340,38194,0.507108
1350,37859,0.510894
1360,37423,0.514637
1370,37606,0.518397
1380,37650,0.522162
1390,37071,0.525869
1400,36672,0.529536
1410,36853,0.533222
1420,36904,0.536912
1430,36385,0.540551
1440,36282,0.544179
1450,36513,0.547830
1460,35878,0.551418
1470,36284,0.555046
1480,35592,0.558606
1490,35423,0.562148
1500,35234,0.565671
1510,35318,0.569203
1520,34898,0.572693
1530,34939,0.576187
1540,34459,0.579633
1550,34310,0.583064
1560,34200,0.586484
1570,34023,0.589886
1580,33800,0.593266
1590,33784,0.596644
1600,33532,0.599998
1610,33158,0.603313
1620,33002,0.606614
1630,33255,0.609939
1640,32764,0.613216
1650,32562,0.616472
1660,32526,0.619724
1670,32285,0.622953
1680,32045,0.626157
1690,31850,0.629342
1700,31517,0.632494
1710,31257,0.635620
1720,31435,0.638763
1730,31147,0.641878
1740,30937,0.644972
1750,31159,0.648088
1760,30538,0.651141
1770,30470,0.654188
1780,30332,0.657221
1790,30313,0.660253
1800,29870,0.663240
1810,30003,0.666240
1820,29270,0.669167
1830,29479,0.672115
1840,29004,0.675015
1850,28787,0.677894
1860,28544,0.680749
1870,28287,0.683577
1880,28625,0.686440
1890,28051,0.689245
1900,27909,0.692036
1910,27625,0.694798
1920,27914,0.697590
1930,27563,0.700346
1940,27162,0.703062
1950,26753,0.705737
1960,26831,0.708421
1970,26693,0.711090
1980,26303,0.713720
1990,26460,0.716366
2000,26316,0.718998
2010,25795,0.721577
2020,25671,0.724144
2030,25566,0.726701
2040,25431,0.729244
2050,25114,0.731755
2060,25280,0.734283
2070,24826,0.736766
2080,25009,0.739267
2090,24929,0.741760
2100,24470,0.744207
2110,24269,0.746634
2120,24166,0.749050
2130,23819,0.751432
2140,23922,0.753824
2150,23523,0.756177
2160,23399,0.758517
2170,23196,0.760836
2180,22852,0.763121
2190,22787,0.765400
2200,22585,0.767659
2210,22566,0.769915
2220,22178,0.772133
2230,22077,0.774341
2240,21980,0.776539
2250,21730,0.778712
2260,21397,0.780851
2270,21669,0.783018
2280,21191,0.785137
2290,21010,0.787238
2300,21102,0.789349
2310,20639,0.791412
2320,20648,0.793477
2330,20408,0.795518
2340,20313,0.797549
2350,19807,0.799530
2360,20095,0.801540
2370,19702,0.803510
2380,19562,0.805466
2390,19414,0.807407
2400,19207,0.809328
2410,19111,0.811239
2420,18864,0.813126
2430,18864,0.815012
2440,18555,0.816867
2450,18543,0.818722
2460,18482,0.820570
2470,18511,0.822421
2480,17940,0.824215
2490,17908,0.826006
2500,18064,0.827812
2510,17709,0.829583
2520,17680,0.831351
2530,17339,0.833085
2540,17207,0.834806
2550,16909,0.836497
2560,16807,0.838177
2570,16674,0.839845
2580,16449,0.841490
2590,16617,0.843151
2600,16291,0.844781
2610,16280,0.846408
2620,16055,0.848014
2630,15715,0.849585
2640,16073,0.851193
2650,15733,0.852766
2660,15571,0.854323
2670,15264,0.855850
2680,15327,0.857382
2690,14967,0.858879
2700,14910,0.860370
2710,14728,0.861843
2720,14475,0.863290
2730,14452,0.864735
2740,14639,0.866199
2750,14310,0.867630
2760,14295,0.869060
2770,14114,0.870471
2780,14088,0.871880
2790,13890,0.873269
2800,13843,0.874653
2810,13623,0.876016
2820,13389,0.877355
2830,13433,0.878698
2840,13248,0.880023
2850,13032,0.881326
2860,13139,0.882640
2870,12826,0.883922
2880,12752,0.885198
2890,12472,0.886445
2900,12563,0.887701
2910,12369,0.888938
2920,12245,0.890163
2930,12045,0.891367
2940,12148,0.892582
2950,11805,0.893762
2960,11918,0.894954
2970,11424,0.896097
2980,11577,0.897254
2990,11387,0.898393
3000,11345,0.899527
3010,11330,0.900660
3020,11084,0.901769
3030,10870,0.902856
3040,10975,0.903953
3050,10684,0.905022
3060,10636,0.906085
3070,10604,0.907146
3080,10409,0.908187
3090,10378,0.909224
3100,10197,0.910244
3110,10207,0.911265
3120,10073,0.912272
3130,9932,0.913265
3140,9802,0.914245
3150,9612,0.915207
3160,9532,0.916160
3170,9475,0.917107
3180,9587,0.918066
3190,9425,0.919009
3200,9187,0.919927
3210,9020,0.920829
3220,9028,0.921732
3230,8862,0.922618
3240,8833,0.923502
3250,8825,0.924384
3260,8655,0.925250
3270,8589,0.926108
3280,8519,0.926960
3290,8441,0.927805
3300,8333,0.928638
3310,8374,0.929475
3320,8209,0.930296
3330,8052,0.931101
3340,7924,0.931894
3350,7837,0.932677
3360,7763,0.933454
3370,7810,0.934235
3380,7643,0.934999
3390,7628,0.935762
3400,7416,0.936503
3410,7268,0.937230
3420,7268,0.937957
3430,7174,0.938674
3440,7262,0.939401
3450,7054,0.940106
3460,7062,0.940812
3470,6878,0.941500
3480,6916,0.942192
3490,6727,0.942864
3500,6764,0.943541
3510,6611,0.944202
3520,6576,0.944859
3530,6502,0.945510
3540,6357,0.946145
3550,6404,0.946786
3560,6326,0.947418
3570,6257,0.948044
3580,6058,0.948650
3590,6047,0.949255
3600,5900,0.949844
3610,5940,0.950438
3620,6050,0.951043
3630,5780,0.951621
3640,5709,0.952192
3650,5632,0.952756
3660,5524,0.953308
3670,5456,0.953854
3680,5410,0.954395
3690,5522,0.954947
3700,5370,0.955484
3710,5272,0.956011
3720,5343,0.956545
3730,5207,0.957066
3740,5025,0.957569
3750,5019,0.958070
3760,4940,0.958564
3770,4973,0.959062
3780,4938,0.959556
3790,4885,0.960044
3800,4745,0.960518
3810,4813,0.961000
3820,4778,0.961478
3830,4604,0.961938
3840,4573,0.962395
3850,4410,0.962836
3860,4410,0.963277
3870,4518,0.963729
3880,4412,0.964170
3890,4310,0.964601
3900,4350,0.965036
3910,4229,0.965459
3920,4152,0.965874
3930,4084,0.966283
3940,4183,0.966701
3950,4067,0.967108
3960,4023,0.967510
3970,4077,0.967918
3980,3904,0.968308
3990,3702,0.968678
4000,3876,0.969066
4010,3773,0.969443
4020,3773,0.969821
4030,3695,0.970190
4040,3676,0.970558
4050,3470,0.970905
4060,3485,0.971253
4070,3506,0.971604
4080,3475,0.971951
4090,3340,0.972285
4100,3315,0.972617
4110,3290,0.972946
4120,3324,0.973278
4130,3348,0.973613
4140,3205,0.973934
4150,3155,0.974249
4160,3139,0.974563
4170,3033,0.974866
4180,3051,0.975171
4190,3136,0.975485
4200,3014,0.975786
4210,2938,0.976080
4220,3064,0.976386
4230,3009,0.976687
4240,2934,0.976981
4250,2806,0.977261
4260,2729,0.977534
4270,2831,0.977817
4280,2738,0.978091
4290,2711,0.978362
4300,2743,0.978637
4310,2623,0.978899
4320,2692,0.979168
4330,2554,0.979424
4340,2536,0.979677
4350,2486,0.979926
4360,2399,0.980166
4370,2449,0.980411
4380,2512,0.980662
4390,2382,0.980900
4400,2419,0.981142
4410,2326,0.981374
4420,2267,0.981601
4430,2301,0.981831
4440,2217,0.982053
4450,2253,0.982278
4460,2151,0.982493
4470,2149,0.982708
4480,2085,0.982917
4490,2135,0.983130
4500,2076,0.983338
4510,2053,0.983543
4520,2017,0.983745
4530,1949,0.983940
4540,1955,0.984135
4550,1985,0.984334
4560,1913,0.984525
4570,1924,0.984717
4580,1888,0.984906
4590,1835,0.985090
4600,1746,0.985264
4610,1833,0.985448
4620,1703,0.985618
4630,1758,0.985794
4640,1770,0.985971
4650,1758,0.986147
4660,1636,0.986310
4670,1610,0.986471
4680,1634,0.986634
4690,1659,0.986800
4700,1637,0.986964
4710,1539,0.987118
4720,1612,0.987279
4730,1522,0.987431
4740,1541,0.987585
4750,1513,0.987737
4760,1538,0.987891
4770,1461,0.988037
4780,1499,0.988187
4790,1331,0.988320
4800,1395,0.988459
4810,1423,0.988602
4820,1338,0.988735
4830,1394,0.988875
4840,1400,0.989015
4850,1343,0.989149
4860,1198,0.989269
4870,1346,0.989403
4880,1262,0.989530
4890,1343,0.989664
4900,1318,0.989796
4910,1210,0.989917
4920,1220,0.990039
4930,1201,0.990159
4940,1174,0.990276
4950,1249,0.990401
4960,1192,0.990520
4970,1125,0.990633
4980,1137,0.990746
4990,1152,0.990862
5000,1075,0.990969
5010,1158,0.991085
5020,1076,0.991193
5030,1160,0.991309
5040,1067,0.991415
5050,1033,0.991519
5060,1008,0.991619
5070,985,0.991718
5080,978,0.991816
5090,999,0.991916
5100,956,0.992011
5110,962,0.992107
5120,946,0.992202
5130,885,0.992290
5140,914,0.992382
5150,856,0.992468
5160,917,0.992559
5170,842,0.992643
5180,874,0.992731
5190,862,0.992817
5200,856,0.992903
5210,873,0.992990
5220,841,0.993074
5230,809,0.993155
5240,789,0.993234
5250,790,0.993313
5260,738,0.993387
5270,839,0.993470
5280,767,0.993547
5290,721,0.993619
5300,740,0.993693
5310,750,0.993768
5320,685,0.993837
5330,742,0.993911
5340,665,0.993977
5350,748,0.994052
5360,687,0.994121
5370,717,0.994193
5380,674,0.994260
5390,651,0.994325
5400,615,0.994387
5410,657,0.994452
5420,627,0.994515
5430,681,0.994583
5440,645,0.994648
5450,653,0.994713
5460,636,0.994777
5470,568,0.994833
5480,584,0.994892
5490,588,0.994951
5500,563,0.995007
5510,556,0.995062
5520,578,0.995120
5530,533,0.995174
5540,539,0.995228
5550,549,0.995282
5560,508,0.995333
5570,556,0.995389
5580,538,0.995443
5590,463,0.995489
5600,539,0.995543
5610,490,0.995592
5620,497,0.995642
5630,492,0.995691
5640,483,0.995739
5650,480,0.995787
5660,501,0.995837
5670,458,0.995883
5680,477,0.995931
5690,442,0.995975
5700,481,0.996023
5710,438,0.996067
5720,415,0.996108
5730,431,0.996151
5740,452,0.996197
5750,442,0.996241
5760,425,0.996283
5770,455,0.996329
5780,429,0.996372
5790,436,0.996415
5800,403,0.996455
5810,402,0.996496
5820,412,0.996537
5830,374,0.996574
5840,397,0.996614
5850,358,0.996650
5860,375,0.996687
5870,396,0.996727
5880,363,0.996763
5890,361,0.996799
5900,360,0.996835
5910,365,0.996872
5920,382,0.996910
5930,337,0.996944
5940,353,0.996979
5950,322,0.997011
5960,334,0.997045
5970,319,0.997077
5980,290,0.997105
5990,305,0.997136
6000,295,0.997166
6010,313,0.997197
6020,292,0.997226
6030,281,0.997254
6040,313,0.997285
6050,274,0.997313
6060,298,0.997343
6070,301,0.997373
6080,279,0.997401
6090,289,0.997429
6100,259,0.997455
6110,258,0.997481
6120,272,0.997508
6130,255,0.997534
6140,285,0.997562
6150,245,0.997587
6160,287,0.997616
6170,263,0.997642
6180,223,0.997664
6190,283,0.997693
6200,260,0.997719
6210,238,0.997742
6220,244,0.997767
6230,238,0.997791
6240,192,0.997810
6250,225,0.997832
6260,230,0.997855
6270,235,0.997879
6280,223,0.997901
6290,189,0.997920
6300,206,0.997940
6310,203,0.997961
6320,218,0.997983
6330,176,0.998000
6340,211,0.998021
6350,192,0.998040
6360,200,0.998061
6370,196,0.998080
6380,182,0.998098
6390,179,0.998116
6400,198,0.998136
6410,188,0.998155
6420,169,0.998172
6430,201,0.998192
6440,187,0.998210
6450,184,0.998229
6460,180,0.998247
6470,188,0.998266
6480,177,0.998283
6490,190,0.998302
6500,179,0.998320
6510,157,0.998336
6520,154,0.998351
6530,152,0.998367
6540,155,0.998382
6550,182,0.998400
6560,168,0.998417
6570,151,0.998432
6580,152,0.998447
6590,143,0.998462
6600,131,0.998475
6610,151,0.998490
6620,129,0.998503
6630,154,0.998518
6640,151,0.998533
6650,148,0.998548
6660,153,0.998563
6670,138,0.998577
6680,128,0.998590
6690,129,0.998603
6700,139,0.998617
6710,142,0.998631
6720,129,0.998644
6730,127,0.998657
6740,140,0.998671
6750,119,0.998682
6760,137,0.998696
6770,133,0.998709
6780,118,0.998721
6790,121,0.998733
6800,128,0.998746
6810,125,0.998759
6820,115,0.998770
6830,131,0.998783
6840,96,0.998793
6850,110,0.998804
6860,129,0.998817
6870,122,0.998829
6880,128,0.998842
6890,111,0.998853
6900,99,0.998863
6910,117,0.998874
6920,120,0.998887
6930,95,0.998896
6940,115,0.998908
6950,111,0.998919
6960,96,0.998928
6970,89,0.998937
6980,91,0.998946
6990,103,0.998957
7000,96,0.998966
7010,93,0.998975
7020,95,0.998985
7030,90,0.998994
7040,103,0.999004
7050,84,0.999013
7060,81,0.999021
7070,88,0.999030
7080,92,0.999039
7090,98,0.999048
7100,113,0.999060
7110,89,0.999069
7120,89,0.999078
7130,87,0.999086
7140,81,0.999094
7150,78,0.999102
7160,99,0.999112
7170,86,0.999121
7180,76,0.999128
7190,81,0.999136
7200,61,0.999143
7210,78,0.999150
7220,84,0.999159
7230,63,0.999165
7240,77,0.999173
7250,88,0.999182
7260,66,0.999188
7270,73,0.999195
7280,86,0.999204
7290,81,0.999212
7300,56,0.999218
7310,78,0.999225
7320,67,0.999232
7330,81,0.999240
7340,57,0.999246
7350,79,0.999254
7360,63,0.999260
7370,65,0.999267
7380,75,0.999274
7390,84,0.999283
7400,61,0.999289
7410,84,0.999297
7420,65,0.999304
7430,65,0.999310
7440,62,0.999316
7450,71,0.999323
7460,59,0.999329
7470,71,0.999336
7480,57,0.999342
7490,74,0.999349
7500,42,0.999354
7510,51,0.999359
7520,66,0.999365
7530,48,0.999370
7540,53,0.999376
7550,64,0.999382
7560,51,0.999387
7570,55,0.999393
7580,55,0.999398
7590,67,0.999405
7600,54,0.999410
7610,50,0.999415
7620,41,0.999419
7630,52,0.999424
7640,46,0.999429
7650,48,0.999434
7660,49,0.999439
7670,69,0.999446
7680,58,0.999451
7690,51,0.999457
7700,51,0.999462
7710,43,0.999466
7720,37,0.999470
7730,44,0.999474
7740,44,0.999478
7750,43,0.999483
7760,48,0.999488
7770,49,0.999492
7780,61,0.999498
7790,45,0.999503
7800,51,0.999508
7810,40,0.999512
7820,38,0.999516
7830,43,0.999520
7840,43,0.999524
7850,46,0.999529
7860,42,0.999533
7870,49,0.999538
7880,47,0.999543
7890,46,0.999547
7900,42,0.999552
7910,50,0.999557
7920,38,0.999560
7930,41,0.999565
7940,44,0.999569
7950,44,0.999573
7960,41,0.999578
7970,41,0.999582
7980,43,0.999586
7990,40,0.999590
8000,23,0.999592
8010,39,0.999596
8020,39,0.999600
8030,35,0.999604
8040,37,0.999607
8050,30,0.999610
8060,38,0.999614
8070,39,0.999618
8080,28,0.999621
8090,29,0.999624
8100,28,0.999626
8110,34,0.999630
8120,34,0.999633
8130,35,0.999637
8140,33,0.999640
8150,35,0.999644
8160,32,0.999647
8170,36,0.999650
8180,35,0.999654
8190,30,0.999657
8200,32,0.999660
8210,27,0.999663
8220,32,0.999666
8230,31,0.999669
8240,25,0.999672
8250,36,0.999675
8260,30,0.999678
8270,19,0.999680
8280,36,0.999684
8290,37,0.999687
8300,37,0.999691
8310,21,0.999693
8320,32,0.999696
8330,36,0.999700
8340,22,0.999702
8350,40,0.999706
8360,28,0.999709
8370,31,0.999712
8380,27,0.999715
8390,27,0.999717
8400,21,0.999720
8410,23,0.999722
8420,23,0.999724
8430,23,0.999726
8440,29,0.999729
8450,19,0.999731
8460,20,0.999733
8470,18,0.999735
8480,27,0.999738
8490,29,0.999741
8500,24,0.999743
8510,17,0.999745
8520,19,0.999747
8530,17,0.999748
8540,24,0.999751
8550,13,0.999752
8560,24,0.999754
8570,25,0.999757
8580,24,0.999759
8590,17,0.999761
8600,17,0.999763
8610,14,0.999764
8620,23,0.999766
8630,16,0.999768
8640,20,0.999770
8650,16,0.999772
8660,15,0.999773
8670,25,0.999776
8680,19,0.999777
8690,28,0.999780
8700,20,0.999782
8710,13,0.999784
8720,18,0.999785
8730,23,0.999788
8740,14,0.999789
8750,25,0.999792
8760,22,0.999794
8770,21,0.999796
8780,21,0.999798
8790,26,0.999801
8800,14,0.999802
8810,15,0.999803
8820,13,0.999805
8830,14,0.999806
8840,14,0.999808
8850,22,0.999810
8860,14,0.999811
8870,13,0.999812
8880,28,0.999815
8890,15,0.999817
8900,11,0.999818
8910,12,0.999819
8920,12,0.999820
8930,19,0.999822
8940,14,0.999824
8950,15,0.999825
8960,19,0.999827
8970,16,0.999829
8980,14,0.999830
8990,10,0.999831
9000,14,0.999832
9010,14,0.999834
9020,14,0.999835
9030,16,0.999837
9040,13,0.999838
9050,8,0.999839
9060,18,0.999841
9070,12,0.999842
9080,15,0.999843
9090,11,0.999844
9100,12,0.999846
9110,24,0.999848
9120,13,0.999849
9130,15,0.999851
9140,20,0.999853
9150,17,0.999855
9160,7,0.999855
9170,17,0.999857
9180,10,0.999858
9190,16,0.999860
9200,11,0.999861
9210,9,0.999862
9220,11,0.999863
9230,15,0.999864
9240,14,0.999866
9250,19,0.999867
9260,6,0.999868
9270,14,0.999870
9280,10,0.999870
9290,14,0.999872
9300,18,0.999874
9310,13,0.999875
9320,12,0.999876
9330,12,0.999877
9340,9,0.999878
9350,9,0.999879
9360,8,0.999880
9370,10,0.999881
9380,11,0.999882
9390,12,0.999883
9400,8,0.999884
9410,11,0.999885
9420,12,0.999886
9430,6,0.999887
9440,9,0.999888
9450,12,0.999889
9460,6,0.999890
9470,12,0.999891
9480,17,0.999893
9490,10,0.999894
9500,9,0.999894
9510,13,0.999896
9520,9,0.999897
9530,13,0.999898
9540,11,0.999899
9550,10,0.999900
9560,12,0.999901
9570,11,0.999902
9580,10,0.999903
9590,9,0.999904
9600,7,0.999905
9610,12,0.999906
9620,11,0.999907
9630,9,0.999908
9640,7,0.999909
9650,7,0.999910
9660,9,0.999910
9670,11,0.999912
9680,10,0.999913
9690,6,0.999913
9700,14,0.999915
9710,10,0.999916
9720,13,0.999917
9730,5,0.999917
9740,6,0.999918
9750,7,0.999919
9760,8,0.999919
9770,3,0.999920
9780,7,0.999920
9790,5,0.999921
9800,9,0.999922
9810,12,0.999923
9820,6,0.999924
9830,3,0.999924
9840,6,0.999925
9850,7,0.999925
9860,1,0.999925
9870,3,0.999926
9880,7,0.999926
9890,9,0.999927
9900,9,0.999928
9910,7,0.999929
9920,8,0.999930
9930,5,0.999930
9940,4,0.999931
9950,6,0.999931
9960,2,0.999931
9970,7,0.999932
9980,6,0.999933
9990,6,0.999933
10000,2,0.999933
10010,6,0.999934
10020,7,0.999935
10030,10,0.999936
10040,3,0.999936
10050,10,0.999937
10060,11,0.999938
10070,4,0.999939
10080,4,0.999939
10090,2,0.999939
10100,6,0.999940
10110,6,0.999940
10120,5,0.999941
10130,4,0.999941
10140,5,0.999942
10150,7,0.999942
10160,2,0.999943
10170,5,0.999943
10180,7,0.999944
10190,3,0.999944
10200,5,0.999945
10210,8,0.999946
10220,8,0.999946
10230,1,0.999946
10240,2,0.999947
10250,9,0.999947
10260,4,0.999948
10270,4,0.999948
10280,3,0.999949
10290,5,0.999949
10300,4,0.999950
10310,5,0.999950
10320,5,0.999951
10330,4,0.999951
10340,7,0.999952
10350,3,0.999952
10360,4,0.999952
10370,7,0.999953
10380,3,0.999953
10390,4,0.999954
10400,2,0.999954
10410,7,0.999955
10420,2,0.999955
10430,3,0.999955
10450,4,0.999955
10460,5,0.999956
10470,3,0.999956
10480,2,0.999956
10490,6,0.999957
10500,3,0.999957
10510,6,0.999958
10520,6,0.999959
10530,5,0.999959
10540,2,0.999959
10550,5,0.999960
10570,1,0.999960
10590,2,0.999960
10600,2,0.999960
10610,2,0.999960
10620,4,0.999961
10630,2,0.999961
10640,1,0.999961
10650,3,0.999961
10660,5,0.999962
10670,5,0.999963
10680,3,0.999963
10690,5,0.999963
10700,3,0.999964
10710,5,0.999964
10720,4,0.999964
10740,9,0.999965
10750,4,0.999966
10770,4,0.999966
10780,3,0.999967
10790,4,0.999967
10800,5,0.999967
10810,6,0.999968
10820,4,0.999968
10830,6,0.999969
10840,2,0.999969
10850,7,0.999970
10860,2,0.999970
10870,1,0.999970
10880,3,0.999970
10890,2,0.999971
10900,1,0.999971
10910,3,0.999971
10920,5,0.999972
10930,2,0.999972
10940,3,0.999972
10950,4,0.999973
10960,4,0.999973
10970,4,0.999973
10980,3,0.999974
10990,2,0.999974
11000,2,0.999974
11010,2,0.999974
11020,2,0.999974
11030,4,0.999975
11040,2,0.999975
11050,2,0.999975
11060,1,0.999975
11070,3,0.999976
11080,3,0.999976
11090,1,0.999976
11100,4,0.999976
11110,2,0.999977
11120,3,0.999977
11130,3,0.999977
11140,2,0.999977
11150,6,0.999978
11160,1,0.999978
11170,1,0.999978
11180,3,0.999978
11190,1,0.999979
11200,3,0.999979
11210,2,0.999979
11220,4,0.999979
11230,2,0.999980
11240,4,0.999980
11250,4,0.999981
11260,2,0.999981
11270,2,0.999981
11280,1,0.999981
11290,4,0.999981
11300,3,0.999982
11310,4,0.999982
11320,1,0.999982
11330,4,0.999983
11340,2,0.999983
11350,1,0.999983
11360,2,0.999983
11390,4,0.999983
11400,2,0.999984
11410,2,0.999984
11420,1,0.999984
11430,3,0.999984
11440,2,0.999985
11450,1,0.999985
11470,5,0.999985
11480,3,0.999985
11490,2,0.999986
11500,2,0.999986
11530,1,0.999986
11540,1,0.999986
11560,1,0.999986
11580,3,0.999986
11590,1,0.999987
11600,3,0.999987
11610,6,0.999987
11620,3,0.999988
11630,3,0.999988
11640,3,0.999988
11650,1,0.999988
11670,2,0.999989
11690,1,0.999989
11700,1,0.999989
11710,2,0.999989
11720,1,0.999989
11730,2,0.999989
11740,2,0.999990
11750,1,0.999990
11760,2,0.999990
11770,1,0.999990
11780,2,0.999990
11790,2,0.999990
11820,1,0.999990
11830,2,0.999991
11840,1,0.999991
11860,1,0.999991
11870,3,0.999991
11880,1,0.999991
11930,1,0.999991
11940,1,0.999991
11950,1,0.999991
11970,1,0.999992
11990,2,0.999992
12000,2,0.999992
12010,4,0.999992
12030,1,0.999992
12050,1,0.999993
12090,2,0.999993
12120,1,0.999993
12190,2,0.999993
12210,1,0.999993
12220,1,0.999993
12230,1,0.999993
12240,2,0.999994
12250,1,0.999994
12270,1,0.999994
12290,2,0.999994
12300,1,0.999994
12340,1,0.999994
12350,1,0.999994
12380,2,0.999995
12400,1,0.999995
12410,1,0.999995
12430,1,0.999995
12480,1,0.999995
12500,1,0.999995
12560,1,0.999995
12600,1,0.999995
12640,1,0.999995
12650,1,0.999995
12670,1,0.999996
12740,1,0.999996
12770,1,0.999996
12790,1,0.999996
12820,1,0.999996
12850,1,0.999996
12880,1,0.999996
12890,1,0.999996
12930,1,0.999996
12970,1,0.999996
13010,1,0.999996
13020,1,0.999997
13060,1,0.999997
13170,1,0.999997
13220,1,0.999997
13240,1,0.999997
13250,1,0.999997
13290,1,0.999997
13300,2,0.999997
13370,1,0.999997
13390,1,0.999998
13460,2,0.999998
13520,1,0.999998
13560,1,0.999998
13600,1,0.999998
13650,1,0.999998
13680,1,0.999998
13700,1,0.999998
13720,1,0.999999
13750,1,0.999999
13760,1,0.999999
13770,1,0.999999
13810,2,0.999999
13980,1,0.999999
14150,1,0.999999
14220,2,0.999999
14360,1,1.000000
14970,1,1.000000
15300,1,1.000000
15310,1,1.000000
15430,1,1.000000
15640,1,1.000000
