#latency,cnt,cdf
70,3,0.000000
80,3,0.000001
100,1,0.000001
120,1,0.000001
130,1,0.000001
180,1,0.000001
200,1,0.000001
210,2,0.000001
220,1,0.000001
230,1,0.000002
240,1,0.000002
250,1,0.000002
260,1,0.000002
270,1,0.000002
280,3,0.000002
290,1,0.000002
300,1,0.000002
310,2,0.000003
320,1,0.000003
330,1,0.000003
350,1,0.000003
360,1,0.000003
400,2,0.000003
410,2,0.000003
430,2,0.000004
440,3,0.000004
450,3,0.000004
460,2,0.000004
470,6,0.000005
480,5,0.000006
490,2,0.000006
500,4,0.000006
510,2,0.000006
520,3,0.000007
530,4,0.000007
540,3,0.000007
550,2,0.000007
560,1,0.000008
570,1,0.000008
580,4,0.000008
590,2,0.000008
610,1,0.000008
620,2,0.000009
630,5,0.000009
640,4,0.000009
650,1,0.000010
660,4,0.000010
670,2,0.000010
690,2,0.000010
700,2,0.000011
710,1,0.000011
720,1,0.000011
740,5,0.000011
770,4,0.000012
780,3,0.000012
800,1,0.000012
810,1,0.000012
820,2,0.000012
870,1,0.000012
890,2,0.000013
900,2,0.000013
910,2,0.000013
930,3,0.000013
940,2,0.000014
950,3,0.000014
960,2,0.000014
970,3,0.000014
980,2,0.000015
990,2,0.000015
1000,4,0.000015
1010,1,0.000015
1020,5,0.000016
1030,2,0.000016
1040,1,0.000016
1050,2,0.000016
1060,3,0.000017
1070,3,0.000017
1080,1,0.000017
1090,3,0.000017
1100,2,0.000018
1110,1,0.000018
1120,1,0.000018
1130,3,0.000018
1140,1,0.000018
1150,3,0.000018
1160,2,0.000019
1170,1,0.000019
1200,2,0.000019
1210,1,0.000019
1220,1,0.000019
1230,2,0.000019
1240,2,0.000019
1260,2,0.000020
1270,3,0.000020
1280,4,0.000020
1290,2,0.000021
1300,1,0.000021
1310,3,0.000021
1320,1,0.000021
1330,3,0.000021
1340,8,0.000022
1350,1,0.000022
1360,3,0.000023
1370,2,0.000023
1380,1,0.000023
1390,2,0.000023
1400,4,0.000024
1410,3,0.000024
1420,3,0.000024
1430,3,0.000024
1440,4,0.000025
1450,5,0.000025
1470,5,0.000026
1480,7,0.000026
1490,10,0.000028
1500,3,0.000028
1510,4,0.000028
1520,3,0.000029
1530,5,0.000029
1540,6,0.000030
1550,3,0.000030
1560,5,0.000030
1570,5,0.000031
1580,2,0.000031
1590,3,0.000031
1600,7,0.000032
1610,2,0.000032
1620,9,0.000033
1630,9,0.000034
1640,8,0.000035
1650,3,0.000035
1660,7,0.000036
1670,3,0.000036
1680,5,0.000037
1690,8,0.000038
1700,5,0.000038
1710,5,0.000038
1720,4,0.000039
1730,3,0.000039
1740,3,0.000039
1750,1,0.000040
1760,5,0.000040
1770,3,0.000040
1780,2,0.000041
1790,3,0.000041
1800,7,0.000042
1810,7,0.000042
1820,7,0.000043
1830,10,0.000044
1840,6,0.000045
1850,8,0.000045
1860,9,0.000046
1870,6,0.000047
1880,8,0.000048
1890,11,0.000049
1900,10,0.000050
1910,13,0.000051
1920,14,0.000052
1930,18,0.000054
1940,12,0.000056
1950,8,0.000056
1960,19,0.000058
1970,17,0.000060
1980,16,0.000062
1990,18,0.000063
2000,19,0.000065
2010,23,0.000067
2020,26,0.000070
2030,26,0.000073
2040,24,0.000075
2050,28,0.000078
2060,24,0.000080
2070,34,0.000084
2080,38,0.000087
2090,45,0.000092
2100,29,0.000095
2110,29,0.000098
2120,44,0.000102
2130,39,0.000106
2140,39,0.000110
2150,26,0.000113
2160,40,0.000117
2170,40,0.000121
2180,38,0.000124
2190,45,0.000129
2200,38,0.000133
2210,43,0.000137
2220,42,0.000141
2230,52,0.000146
2240,51,0.000152
2250,54,0.000157
2260,44,0.000161
2270,47,0.000166
2280,54,0.000171
2290,49,0.000176
2300,65,0.000183
2310,64,0.000189
2320,62,0.000195
2330,54,0.000201
2340,73,0.000208
2350,75,0.000216
2360,67,0.000222
2370,74,0.000230
2380,73,0.000237
2390,66,0.000244
2400,75,0.000251
2410,73,0.000258
2420,101,0.000269
2430,108,0.000279
2440,75,0.000287
2450,82,0.000295
2460,87,0.000304
2470,92,0.000313
2480,110,0.000324
2490,107,0.000335
2500,117,0.000346
2510,100,0.000356
2520,119,0.000368
2530,114,0.000380
2540,120,0.000392
2550,140,0.000406
2560,116,0.000417
2570,138,0.000431
2580,137,0.000445
2590,125,0.000457
2600,167,0.000474
2610,152,0.000489
2620,189,0.000508
2630,170,0.000525
2640,167,0.000542
2650,162,0.000558
2660,157,0.000574
2670,171,0.000591
2680,190,0.000610
2690,191,0.000629
2700,214,0.000650
2710,205,0.000671
2720,213,0.000692
2730,225,0.000715
2740,210,0.000736
2750,244,0.000760
2760,212,0.000781
2770,218,0.000803
2780,213,0.000824
2790,242,0.000848
2800,223,0.000871
2810,235,0.000894
2820,228,0.000917
2830,271,0.000944
2840,267,0.000971
2850,309,0.001002
2860,278,0.001030
2870,318,0.001061
2880,305,0.001092
2890,322,0.001124
2900,320,0.001156
2910,324,0.001188
2920,341,0.001222
2930,322,0.001255
2940,359,0.001291
2950,343,0.001325
2960,400,0.001365
2970,386,0.001403
2980,403,0.001444
2990,392,0.001483
3000,396,0.001523
3010,361,0.001559
3020,410,0.001600
3030,411,0.001641
3040,458,0.001687
3050,408,0.001727
3060,416,0.001769
3070,454,0.001814
3080,480,0.001862
3090,469,0.001909
3100,470,0.001956
3110,448,0.002001
3120,500,0.002051
3130,444,0.002096
3140,536,0.002149
3150,486,0.002198
3160,528,0.002251
3170,591,0.002310
3180,559,0.002365
3190,574,0.002423
3200,538,0.002477
3210,594,0.002536
3220,582,0.002594
3230,592,0.002654
3240,652,0.002719
3250,615,0.002780
3260,682,0.002848
3270,596,0.002908
3280,625,0.002970
3290,705,0.003041
3300,669,0.003108
3310,693,0.003177
3320,736,0.003251
3330,708,0.003322
3340,656,0.003387
3350,709,0.003458
3360,707,0.003529
3370,723,0.003601
3380,804,0.003681
3390,767,0.003758
3400,779,0.003836
3410,839,0.003920
3420,765,0.003996
3430,866,0.004083
3440,841,0.004167
3450,843,0.004252
3460,821,0.004334
3470,853,0.004419
3480,884,0.004507
3490,899,0.004597
3500,844,0.004682
3510,935,0.004775
3520,873,0.004862
3530,934,0.004956
3540,967,0.005052
3550,931,0.005146
3560,921,0.005238
3570,997,0.005337
3580,982,0.005436
3590,964,0.005532
3600,1014,0.005633
3610,1058,0.005739
3620,998,0.005839
3630,1013,0.005940
3640,1032,0.006043
3650,1014,0.006145
3660,1035,0.006248
3670,1048,0.006353
3680,1076,0.006461
3690,1066,0.006567
3700,1115,0.006679
3710,997,0.006779
3720,1173,0.006896
3730,1107,0.007007
3740,1169,0.007124
3750,1059,0.007229
3760,1154,0.007345
3770,1139,0.007459
3780,1134,0.007572
3790,1131,0.007685
3800,1239,0.007809
3810,1220,0.007931
3820,1206,0.008052
3830,1206,0.008172
3840,1252,0.008298
3850,1263,0.008424
3860,1252,0.008549
3870,1259,0.008675
3880,1243,0.008799
3890,1245,0.008924
3900,1263,0.009050
3910,1274,0.009177
3920,1344,0.009312
3930,1268,0.009439
3940,1309,0.009569
3950,1300,0.009700
3960,1339,0.009833
3970,1370,0.009970
3980,1374,0.010108
3990,1322,0.010240
4000,1358,0.010376
4010,1387,0.010514
4020,1360,0.010650
4030,1382,0.010789
4040,1424,0.010931
4050,1334,0.011064
4060,1381,0.011203
4070,1417,0.011344
4080,1400,0.011484
4090,1417,0.011626
4100,1503,0.011776
4110,1430,0.011919
4120,1436,0.012063
4130,1484,0.012211
4140,1521,0.012363
4150,1565,0.012520
4160,1590,0.012679
4170,1473,0.012826
4180,1505,0.012977
4190,1532,0.013130
4200,1451,0.013275
4210,1535,0.013428
4220,1598,0.013588
4230,1600,0.013748
4240,1618,0.013910
4250,1633,0.014073
4260,1508,0.014224
4270,1537,0.014378
4280,1623,0.014540
4290,1598,0.014700
4300,1586,0.014859
4310,1583,0.015017
4320,1661,0.015183
4330,1692,0.015352
4340,1646,0.015517
4350,1689,0.015686
4360,1633,0.015849
4370,1652,0.016014
4380,1644,0.016179
4390,1637,0.016342
4400,1624,0.016505
4410,1734,0.016678
4420,1716,0.016850
4430,1616,0.017011
4440,1716,0.017183
4450,1712,0.017354
4460,1713,0.017525
4470,1702,0.017696
4480,1726,0.017868
4490,1740,0.018042
4500,1700,0.018212
4510,1766,0.018389
4520,1695,0.018558
4530,1768,0.018735
4540,1730,0.018908
4550,1790,0.019087
4560,1819,0.019269
4570,1791,0.019448
4580,1870,0.019635
4590,1760,0.019811
4600,1768,0.019988
4610,1854,0.020173
4620,1847,0.020358
4630,1891,0.020547
4640,1854,0.020732
4650,1929,0.020925
4660,1928,0.021118
4670,1822,0.021300
4680,1966,0.021497
4690,1989,0.021696
4700,1967,0.021893
4710,2052,0.022098
4720,2061,0.022304
4730,2000,0.022504
4740,2032,0.022707
4750,2130,0.022920
4760,1985,0.023119
4770,2079,0.023326
4780,2222,0.023549
4790,2055,0.023754
4800,2160,0.023970
4810,2123,0.024183
4820,2117,0.024394
4830,2198,0.024614
4840,2215,0.024836
4850,2243,0.025060
4860,2305,0.025290
4870,2227,0.025513
4880,2237,0.025737
4890,2238,0.025960
4900,2335,0.026194
4910,2384,0.026432
4920,2357,0.026668
4930,2424,0.026911
4940,2447,0.027155
4950,2508,0.027406
4960,2565,0.027663
4970,2575,0.027920
4980,2529,0.028173
4990,2715,0.028444
5000,2723,0.028717
5010,2702,0.028987
5020,2808,0.029268
5030,2834,0.029551
5040,2886,0.029840
5050,3022,0.030142
5060,3016,0.030444
5070,3019,0.030745
5080,3111,0.031056
5090,3191,0.031376
5100,3230,0.031699
5110,3297,0.032028
5120,3269,0.032355
5130,3530,0.032708
5140,3540,0.033062
5150,3607,0.033423
5160,3600,0.033783
5170,3690,0.034152
5180,3716,0.034523
5190,3964,0.034920
5200,3814,0.035301
5210,3970,0.035698
5220,4080,0.036106
5230,4127,0.036519
5240,4238,0.036943
5250,4313,0.037374
5260,4489,0.037823
5270,4526,0.038276
5280,4614,0.038737
5290,4727,0.039210
5300,4965,0.039706
5310,5017,0.040208
5320,5112,0.040719
5330,5491,0.041268
5340,5342,0.041802
5350,5671,0.042369
5360,5856,0.042955
5370,5796,0.043535
5380,6148,0.044149
5390,6297,0.044779
5400,6393,0.045419
5410,6474,0.046066
5420,6728,0.046739
5430,6867,0.047425
5440,6968,0.048122
5450,7096,0.048832
5460,7428,0.049575
5470,7632,0.050338
5480,7750,0.051113
5490,8028,0.051916
5500,8114,0.052727
5510,8549,0.053582
5520,8785,0.054460
5530,9030,0.055363
5540,9216,0.056285
5550,9316,0.057217
5560,9383,0.058155
5570,9979,0.059153
5580,10385,0.060191
5590,10265,0.061218
5600,10687,0.062286
5610,10911,0.063378
5620,11224,0.064500
5630,11433,0.065643
5640,11836,0.066827
5650,12163,0.068043
5660,12475,0.069291
5670,12805,0.070571
5680,12886,0.071860
5690,13281,0.073188
5700,13932,0.074581
5710,14390,0.076020
5720,14576,0.077478
5730,14657,0.078943
5740,15196,0.080463
5750,15522,0.082015
5760,15886,0.083604
5770,16252,0.085229
5780,16849,0.086914
5790,16892,0.088603
5800,17755,0.090379
5810,17964,0.092175
5820,18325,0.094007
5830,18775,0.095885
5840,19413,0.097826
5850,19783,0.099805
5860,20248,0.101829
5870,20703,0.103900
5880,21107,0.106010
5890,21937,0.108204
5900,21934,0.110398
5910,22302,0.112628
5920,23308,0.114959
5930,23723,0.117331
5940,24020,0.119733
5950,24520,0.122185
5960,25127,0.124697
5970,25627,0.127260
5980,26093,0.129870
5990,26695,0.132539
6000,27115,0.135250
6010,27875,0.138038
6020,28479,0.140886
6030,28711,0.143757
6040,29478,0.146705
6050,30179,0.149723
6060,30386,0.152761
6070,31155,0.155877
6080,31754,0.159052
6090,32312,0.162283
6100,32862,0.165570
6110,33439,0.168913
6120,34270,0.172340
6130,34573,0.175798
6140,34987,0.179296
6150,35623,0.182859
6160,36656,0.186524
6170,36684,0.190193
6180,37433,0.193936
6190,38170,0.197753
6200,38555,0.201609
6210,39435,0.205552
6220,39914,0.209543
6230,40374,0.213581
6240,40871,0.217668
6250,41121,0.221780
6260,42132,0.225993
6270,42590,0.230252
6280,43557,0.234608
6290,43980,0.239006
6300,44396,0.243446
6310,44908,0.247936
6320,45098,0.252446
6330,45970,0.257043
6340,46567,0.261700
6350,46797,0.266380
6360,47404,0.271120
6370,47538,0.275874
6380,48585,0.280732
6390,48942,0.285627
6400,49041,0.290531
6410,49837,0.295514
6420,49955,0.300510
6430,50860,0.305596
6440,50890,0.310685
6450,51481,0.315833
6460,51621,0.320995
6470,52540,0.326249
6480,52837,0.331533
6490,53176,0.336850
6500,53320,0.342182
6510,54023,0.347585
6520,53911,0.352976
6530,54353,0.358411
6540,55247,0.363936
6550,54953,0.369431
6560,55442,0.374975
6570,55413,0.380516
6580,56886,0.386205
6590,56515,0.391857
6600,56767,0.397533
6610,56606,0.403194
6620,57775,0.408971
6630,57843,0.414756
6640,57851,0.420541
6650,57882,0.426329
6660,57759,0.432105
6670,58318,0.437937
6680,59137,0.443850
6690,58708,0.449721
6700,58569,0.455578
6710,58623,0.461440
6720,58877,0.467328
6730,58705,0.473199
6740,59080,0.479107
6750,58751,0.484982
6760,58750,0.490857
6770,59297,0.496786
6780,59276,0.502714
6790,59093,0.508623
6800,59378,0.514561
6810,59094,0.520470
6820,58919,0.526362
6830,58911,0.532254
6840,58622,0.538116
6850,59221,0.544038
6860,59314,0.549969
6870,59077,0.555877
6880,59248,0.561802
6890,58804,0.567682
6900,58425,0.573525
6910,58360,0.579361
6920,58325,0.585193
6930,57980,0.590991
6940,57390,0.596730
6950,57260,0.602456
6960,57178,0.608174
6970,57039,0.613878
6980,56730,0.619551
6990,56364,0.625187
7000,56309,0.630818
7010,56023,0.636420
7020,55874,0.642008
7030,55052,0.647513
7040,55374,0.653050
7050,54344,0.658485
7060,54240,0.663909
7070,53687,0.669277
7080,53586,0.674636
7090,53081,0.679944
7100,52647,0.685209
7110,52711,0.690480
7120,52166,0.695697
7130,51596,0.700856
7140,51366,0.705993
7150,50919,0.711085
7160,50779,0.716163
7170,50259,0.721188
7180,49262,0.726115
7190,48886,0.731003
7200,48461,0.735849
7210,48136,0.740663
7220,47839,0.745447
7230,47030,0.750150
7240,46789,0.754829
7250,46493,0.759478
7260,45708,0.764049
7270,45127,0.768562
7280,44617,0.773023
7290,44746,0.777498
7300,43858,0.781884
7310,43373,0.786221
7320,42951,0.790516
7330,42088,0.794725
7340,41245,0.798849
7350,40990,0.802948
7360,40928,0.807041
7370,40535,0.811095
7380,39504,0.815045
7390,39273,0.818972
7400,38646,0.822837
7410,37965,0.826634
7420,37304,0.830364
7430,36552,0.834019
7440,36390,0.837658
7450,35963,0.841254
7460,35210,0.844775
7470,34694,0.848245
7480,34463,0.851691
7490,33915,0.855083
7500,33089,0.858392
7510,32665,0.861658
7520,32291,0.864887
7530,31647,0.868052
7540,31153,0.871167
7550,30248,0.874192
7560,29899,0.877182
7570,29449,0.880127
7580,28934,0.883020
7590,28278,0.885848
7600,27536,0.888601
7610,27054,0.891307
7620,27038,0.894011
7630,26174,0.896628
7640,25433,0.899171
7650,25587,0.901730
7660,24946,0.904225
7670,24507,0.906675
7680,23676,0.909043
7690,23299,0.911373
7700,23046,0.913678
7710,22850,0.915963
7720,22050,0.918167
7730,21638,0.920331
7740,21149,0.922446
7750,20807,0.924527
7760,20009,0.926528
7770,19981,0.928526
7780,19497,0.930476
7790,18936,0.932369
7800,18541,0.934223
7810,17936,0.936017
7820,17852,0.937802
7830,17262,0.939528
7840,16917,0.941220
7850,16540,0.942874
7860,15965,0.944471
7870,15611,0.946032
7880,15454,0.947577
7890,15255,0.949103
7900,14732,0.950576
7910,14311,0.952007
7920,14098,0.953417
7930,13677,0.954784
7940,13291,0.956113
7950,12934,0.957407
7960,12773,0.958684
7970,12327,0.959917
7980,11841,0.961101
7990,11642,0.962265
8000,11367,0.963402
8010,11155,0.964517
8020,10735,0.965591
8030,10516,0.966642
8040,10290,0.967671
8050,9993,0.968671
8060,9704,0.969641
8070,9260,0.970567
8080,9087,0.971476
8090,8859,0.972362
8100,8605,0.973222
8110,8427,0.974065
8120,8063,0.974871
8130,7960,0.975667
8140,7811,0.976448
8150,7659,0.977214
8160,7300,0.977944
8170,7148,0.978659
8180,6736,0.979333
8190,6676,0.980000
8200,6423,0.980642
8210,6320,0.981274
8220,6084,0.981883
8230,5881,0.982471
8240,5799,0.983051
8250,5311,0.983582
8260,5434,0.984125
8270,5311,0.984657
8280,5164,0.985173
8290,4906,0.985663
8300,4709,0.986134
8310,4576,0.986592
8320,4441,0.987036
8330,4351,0.987471
8340,4203,0.987891
8350,4070,0.988298
8360,4029,0.988701
8370,3765,0.989078
8380,3644,0.989442
8390,3621,0.989804
8400,3451,0.990149
8410,3221,0.990472
8420,3160,0.990788
8430,3074,0.991095
8440,2996,0.991395
8450,2838,0.991678
8460,2797,0.991958
8470,2704,0.992229
8480,2621,0.992491
8490,2518,0.992742
8500,2375,0.992980
8510,2323,0.993212
8520,2187,0.993431
8530,2156,0.993647
8540,2106,0.993857
8550,2057,0.994063
8560,1978,0.994261
8570,1894,0.994450
8580,1819,0.994632
8590,1685,0.994800
8600,1689,0.994969
8610,1632,0.995133
8620,1621,0.995295
8630,1501,0.995445
8640,1474,0.995592
8650,1445,0.995737
8660,1301,0.995867
8670,1255,0.995992
8680,1264,0.996119
8690,1213,0.996240
8700,1113,0.996351
8710,1166,0.996468
8720,1084,0.996576
8730,1012,0.996677
8740,951,0.996773
8750,926,0.996865
8760,891,0.996954
8770,903,0.997045
8780,857,0.997130
8790,778,0.997208
8800,727,0.997281
8810,722,0.997353
8820,728,0.997426
8830,693,0.997495
8840,683,0.997563
8850,666,0.997630
8860,586,0.997688
8870,592,0.997748
8880,613,0.997809
8890,553,0.997864
8900,503,0.997915
8910,533,0.997968
8920,497,0.998018
8930,446,0.998062
8940,463,0.998109
8950,431,0.998152
8960,434,0.998195
8970,431,0.998238
8980,390,0.998277
8990,382,0.998315
9000,354,0.998351
9010,333,0.998384
9020,305,0.998415
9030,307,0.998445
9040,290,0.998474
9050,304,0.998505
9060,259,0.998531
9070,279,0.998558
9080,232,0.998582
9090,234,0.998605
9100,249,0.998630
9110,229,0.998653
9120,198,0.998673
9130,222,0.998695
9140,179,0.998713
9150,168,0.998730
9160,183,0.998748
9170,158,0.998764
9180,168,0.998780
9190,162,0.998797
9200,167,0.998813
9210,142,0.998828
9220,142,0.998842
9230,125,0.998854
9240,126,0.998867
9250,132,0.998880
9260,120,0.998892
9270,113,0.998903
9280,111,0.998914
9290,113,0.998926
9300,114,0.998937
9310,126,0.998950
9320,93,0.998959
9330,101,0.998969
9340,93,0.998978
9350,98,0.998988
9360,95,0.998998
9370,106,0.999008
9380,92,0.999017
9390,85,0.999026
9400,81,0.999034
9410,85,0.999043
9420,70,0.999050
9430,74,0.999057
9440,88,0.999066
9450,56,0.999071
9460,86,0.999080
9470,65,0.999086
9480,72,0.999094
9490,72,0.999101
9500,54,0.999106
9510,63,0.999113
9520,60,0.999119
9530,63,0.999125
9540,55,0.999130
9550,60,0.999136
9560,55,0.999142
9570,56,0.999147
9580,72,0.999155
9590,55,0.999160
9600,64,0.999167
9610,65,0.999173
9620,41,0.999177
9630,48,0.999182
9640,66,0.999189
9650,48,0.999193
9660,54,0.999199
9670,45,0.999203
9680,58,0.999209
9690,62,0.999215
9700,50,0.999220
9710,71,0.999227
9720,78,0.999235
9730,65,0.999242
9740,52,0.999247
9750,53,0.999252
9760,49,0.999257
9770,65,0.999264
9780,62,0.999270
9790,57,0.999276
9800,36,0.999279
9810,58,0.999285
9820,47,0.999290
9830,55,0.999295
9840,49,0.999300
9850,67,0.999307
9860,35,0.999310
9870,61,0.999316
9880,51,0.999321
9890,59,0.999327
9900,57,0.999333
9910,49,0.999338
9920,46,0.999343
9930,46,0.999347
9940,57,0.999353
9950,56,0.999358
9960,36,0.999362
9970,68,0.999369
9980,41,0.999373
9990,42,0.999377
10000,56,0.999383
10010,59,0.999389
10020,47,0.999393
10030,44,0.999398
10040,48,0.999403
10050,44,0.999407
10060,47,0.999412
10070,48,0.999416
10080,62,0.999423
10090,50,0.999428
10100,66,0.999434
10110,75,0.999442
10120,50,0.999447
10130,45,0.999451
10140,45,0.999456
10150,46,0.999460
10160,53,0.999466
10170,51,0.999471
10180,50,0.999476
10190,53,0.999481
10200,64,0.999487
10210,46,0.999492
10220,53,0.999497
10230,54,0.999503
10240,59,0.999509
10250,57,0.999514
10260,46,0.999519
10270,50,0.999524
10280,47,0.999529
10290,46,0.999533
10300,60,0.999539
10310,42,0.999543
10320,46,0.999548
10330,46,0.999553
10340,33,0.999556
10350,53,0.999561
10360,49,0.999566
10370,42,0.999570
10380,41,0.999574
10390,37,0.999578
10400,43,0.999582
10410,47,0.999587
10420,50,0.999592
10430,60,0.999598
10440,37,0.999602
10450,50,0.999607
10460,63,0.999613
10470,44,0.999618
10480,48,0.999622
10490,36,0.999626
10500,30,0.999629
10510,43,0.999633
10520,34,0.999637
10530,37,0.999640
10540,38,0.999644
10550,41,0.999648
10560,30,0.999651
10570,34,0.999655
10580,32,0.999658
10590,43,0.999662
10600,33,0.999665
10610,25,0.999668
10620,36,0.999672
10630,29,0.999674
10640,26,0.999677
10650,37,0.999681
10660,24,0.999683
10670,30,0.999686
10680,28,0.999689
10690,32,0.999692
10700,40,0.999696
10710,15,0.999698
10720,23,0.999700
10730,36,0.999704
10740,35,0.999707
10750,33,0.999710
10760,31,0.999713
10770,28,0.999716
10780,24,0.999719
10790,30,0.999722
10800,20,0.999724
10810,25,0.999726
10820,34,0.999730
10830,39,0.999733
10840,29,0.999736
10850,30,0.999739
10860,33,0.999743
10870,36,0.999746
10880,25,0.999749
10890,32,0.999752
10900,25,0.999754
10910,25,0.999757
10920,29,0.999760
10930,28,0.999763
10940,27,0.999765
10950,28,0.999768
10960,36,0.999772
10970,23,0.999774
10980,25,0.999776
10990,22,0.999779
11000,30,0.999782
11010,28,0.999785
11020,25,0.999787
11030,26,0.999790
11040,28,0.999792
11050,32,0.999796
11060,23,0.999798
11070,25,0.999800
11080,30,0.999803
11090,32,0.999807
11100,28,0.999809
11110,27,0.999812
11120,19,0.999814
11130,23,0.999816
11140,24,0.999819
11150,20,0.999821
11160,25,0.999823
11170,27,0.999826
11180,33,0.999829
11190,16,0.999831
11200,20,0.999833
11210,20,0.999835
11220,28,0.999838
11230,27,0.999840
11240,15,0.999842
11250,15,0.999843
11260,18,0.999845
11270,30,0.999848
11280,24,0.999851
11290,22,0.999853
11300,27,0.999855
11310,21,0.999857
11320,24,0.999860
11330,20,0.999862
11340,17,0.999864
11350,13,0.999865
11360,16,0.999866
11370,21,0.999869
11380,15,0.999870
11390,18,0.999872
11400,23,0.999874
11410,19,0.999876
11420,20,0.999878
11430,17,0.999880
11440,12,0.999881
11450,14,0.999882
11460,7,0.999883
11470,17,0.999885
11480,24,0.999887
11490,13,0.999888
11500,25,0.999891
11510,9,0.999892
11520,14,0.999893
11530,20,0.999895
11540,15,0.999897
11550,6,0.999897
11560,12,0.999899
11570,14,0.999900
11580,20,0.999902
11590,8,0.999903
11600,9,0.999904
11610,13,0.999905
11620,12,0.999906
11630,4,0.999907
11640,14,0.999908
11650,9,0.999909
11660,9,0.999910
11670,10,0.999911
11680,11,0.999912
11690,8,0.999913
11700,12,0.999914
11710,12,0.999915
11720,3,0.999915
11730,6,0.999916
11740,10,0.999917
11750,10,0.999918
11760,10,0.999919
11770,6,0.999920
11780,13,0.999921
11790,9,0.999922
11800,8,0.999923
11810,9,0.999924
11820,10,0.999924
11830,9,0.999925
11840,10,0.999926
11850,6,0.999927
11860,11,0.999928
11870,6,0.999929
11880,8,0.999929
11890,8,0.999930
11900,6,0.999931
11910,9,0.999932
11920,7,0.999933
11930,10,0.999933
11940,11,0.999935
11950,5,0.999935
11960,8,0.999936
11970,6,0.999937
11980,4,0.999937
11990,10,0.999938
12000,6,0.999938
12010,1,0.999939
12020,3,0.999939
12030,4,0.999939
12040,2,0.999940
12050,9,0.999940
12060,4,0.999941
12070,8,0.999942
12080,5,0.999942
12090,2,0.999942
12100,11,0.999943
12110,4,0.999944
12120,2,0.999944
12130,9,0.999945
12140,2,0.999945
12150,1,0.999945
12160,4,0.999946
12170,4,0.999946
12180,13,0.999947
12190,5,0.999948
12200,5,0.999948
12210,5,0.999949
12220,8,0.999950
12230,6,0.999950
12240,7,0.999951
12250,4,0.999951
12260,5,0.999952
12270,9,0.999953
12280,4,0.999953
12290,8,0.999954
12300,1,0.999954
12310,7,0.999955
12320,6,0.999955
12330,6,0.999956
12340,6,0.999956
12350,3,0.999957
12360,6,0.999957
12370,7,0.999958
12380,4,0.999959
12390,2,0.999959
12400,2,0.999959
12410,5,0.999959
12420,3,0.999960
12430,9,0.999961
12440,3,0.999961
12450,1,0.999961
12460,6,0.999962
12470,2,0.999962
12480,2,0.999962
12490,4,0.999962
12500,4,0.999963
12510,1,0.999963
12520,5,0.999963
12530,5,0.999964
12540,4,0.999964
12550,4,0.999965
12560,2,0.999965
12570,2,0.999965
12580,3,0.999965
12590,4,0.999966
12600,6,0.999966
12610,1,0.999967
12620,3,0.999967
12630,1,0.999967
12640,1,0.999967
12650,4,0.999967
12660,2,0.999968
12670,2,0.999968
12680,1,0.999968
12690,2,0.999968
12700,1,0.999968
12710,1,0.999968
12720,3,0.999969
12730,1,0.999969
12740,5,0.999969
12750,2,0.999969
12760,1,0.999969
12770,3,0.999970
12780,1,0.999970
12790,1,0.999970
12800,3,0.999970
12810,3,0.999971
12820,1,0.999971
12830,4,0.999971
12840,4,0.999972
12850,4,0.999972
12860,6,0.999973
12870,2,0.999973
12880,1,0.999973
12890,5,0.999973
12900,2,0.999973
12920,2,0.999974
12930,2,0.999974
12940,4,0.999974
12950,3,0.999975
12960,1,0.999975
12990,2,0.999975
13000,2,0.999975
13010,2,0.999975
13020,2,0.999976
13030,3,0.999976
13040,1,0.999976
13050,2,0.999976
13060,1,0.999976
13070,3,0.999977
13080,7,0.999977
13090,2,0.999977
13100,4,0.999978
13110,3,0.999978
13120,2,0.999978
13140,1,0.999978
13150,4,0.999979
13160,3,0.999979
13180,1,0.999979
13190,1,0.999979
13200,2,0.999979
13210,1,0.999980
13220,2,0.999980
13240,2,0.999980
13310,2,0.999980
13330,1,0.999980
13380,3,0.999981
13400,1,0.999981
13420,1,0.999981
13440,1,0.999981
13470,1,0.999981
13480,1,0.999981
13490,1,0.999981
13570,1,0.999981
13580,1,0.999981
13590,1,0.999982
13600,1,0.999982
13630,2,0.999982
13650,2,0.999982
13660,2,0.999982
13670,2,0.999982
13680,2,0.999983
13700,1,0.999983
13750,1,0.999983
13830,1,0.999983
13850,1,0.999983
13860,2,0.999983
13870,3,0.999983
13880,4,0.999984
13890,3,0.999984
13900,1,0.999984
13920,2,0.999985
13930,3,0.999985
13940,1,0.999985
13950,3,0.999985
13960,1,0.999985
13970,2,0.999986
13980,1,0.999986
13990,2,0.999986
14000,1,0.999986
14010,4,0.999986
14020,1,0.999986
14030,2,0.999987
14040,1,0.999987
14060,4,0.999987
14080,2,0.999987
14090,5,0.999988
14100,5,0.999988
14120,1,0.999988
14140,1,0.999988
14160,1,0.999989
14170,1,0.999989
14180,1,0.999989
14210,1,0.999989
14220,1,0.999989
14240,1,0.999989
14250,1,0.999989
14260,1,0.999989
14280,1,0.999989
14290,1,0.999990
14300,2,0.999990
14310,5,0.999990
14320,5,0.999991
14330,4,0.999991
14340,2,0.999991
14350,3,0.999992
14360,3,0.999992
14370,2,0.999992
14380,4,0.999992
14410,1,0.999993
14430,1,0.999993
14450,1,0.999993
14480,1,0.999993
14510,2,0.999993
14520,1,0.999993
14530,1,0.999993
14560,2,0.999994
14570,1,0.999994
14580,1,0.999994
14610,1,0.999994
14620,1,0.999994
14630,1,0.999994
14640,1,0.999994
14660,1,0.999994
14670,1,0.999994
14700,1,0.999994
14720,1,0.999995
14730,1,0.999995
14740,1,0.999995
14750,1,0.999995
14780,1,0.999995
15000,2,0.999995
15070,1,0.999995
15160,1,0.999995
15190,2,0.999996
15200,1,0.999996
15210,2,0.999996
15230,1,0.999996
15260,1,0.999996
15270,2,0.999996
15340,1,0.999996
15350,1,0.999996
15360,2,0.999997
15370,1,0.999997
15420,1,0.999997
15530,1,0.999997
15540,2,0.999997
15570,1,0.999997
15580,2,0.999997
15610,1,0.999997
15640,1,0.999998
15650,1,0.999998
15720,1,0.999998
15730,1,0.999998
15790,1,0.999998
15800,1,0.999998
15810,1,0.999998
15820,2,0.999998
15860,1,0.999999
15870,1,0.999999
15920,1,0.999999
15940,1,0.999999
16030,1,0.999999
16080,1,0.999999
16100,1,0.999999
16120,1,0.999999
16160,1,0.999999
16170,1,0.999999
16180,2,1.000000
16330,1,1.000000
16360,1,1.000000
16370,1,1.000000
16400,1,1.000000
