#latency,cnt,cdf
30,6,0.000001
50,4252,0.000448
60,680842,0.072112
70,64415,0.078892
80,679762,0.150442
90,17030,0.152235
100,119443,0.164807
110,292367,0.195581
120,371885,0.234725
130,198388,0.255607
140,57317,0.261640
150,252657,0.288234
160,17201,0.290044
170,201392,0.311242
180,508370,0.364752
190,459909,0.413161
200,607263,0.477080
210,520314,0.531847
220,283582,0.561697
230,707429,0.636159
240,374201,0.675547
250,197209,0.696304
260,284726,0.726274
270,706211,0.800608
280,340372,0.836435
290,272050,0.865070
300,185289,0.884573
310,204095,0.906056
320,356977,0.943630
330,130346,0.957350
340,192019,0.977562
350,12124,0.978838
360,21611,0.981113
370,15661,0.982761
380,29435,0.985859
390,82296,0.994522
400,12050,0.995790
410,4769,0.996292
420,5922,0.996915
430,6758,0.997627
440,3178,0.997961
450,1042,0.998071
460,770,0.998152
470,2424,0.998407
480,7796,0.999228
490,435,0.999273
500,548,0.999331
510,1002,0.999437
520,176,0.999455
530,218,0.999478
540,35,0.999482
550,41,0.999486
560,17,0.999488
570,52,0.999493
580,255,0.999520
590,38,0.999524
600,19,0.999526
610,20,0.999528
620,27,0.999531
630,19,0.999533
640,35,0.999537
650,36,0.999541
660,32,0.999544
670,47,0.999549
680,46,0.999554
690,43,0.999558
700,47,0.999563
710,42,0.999568
720,37,0.999572
730,39,0.999576
740,34,0.999579
750,44,0.999584
760,45,0.999589
770,28,0.999591
780,35,0.999595
790,22,0.999597
800,34,0.999601
810,25,0.999604
820,15,0.999605
830,18,0.999607
840,16,0.999609
850,17,0.999611
860,20,0.999613
870,7,0.999614
880,10,0.999615
890,21,0.999617
900,11,0.999618
910,6,0.999619
920,16,0.999620
930,13,0.999622
940,9,0.999623
950,8,0.999623
960,23,0.999626
970,16,0.999627
980,26,0.999630
990,31,0.999633
1000,26,0.999636
1010,22,0.999639
1020,32,0.999642
1030,24,0.999644
1040,17,0.999646
1050,30,0.999649
1060,25,0.999652
1070,16,0.999654
1080,18,0.999656
1090,21,0.999658
1100,18,0.999660
1110,16,0.999661
1120,18,0.999663
1130,13,0.999665
1140,14,0.999666
1150,18,0.999668
1160,10,0.999669
1170,20,0.999671
1180,15,0.999673
1190,11,0.999674
1200,13,0.999675
1210,10,0.999676
1220,8,0.999677
1230,11,0.999678
1240,14,0.999680
1250,11,0.999681
1260,8,0.999682
1270,7,0.999683
1280,16,0.999684
1290,9,0.999685
1300,9,0.999686
1310,12,0.999687
1320,9,0.999688
1330,15,0.999690
1340,9,0.999691
1350,21,0.999693
1360,10,0.999694
1370,22,0.999696
1380,18,0.999698
1390,13,0.999700
1400,9,0.999701
1410,18,0.999703
1420,21,0.999705
1430,15,0.999706
1440,17,0.999708
1450,18,0.999710
1460,12,0.999711
1470,12,0.999713
1480,12,0.999714
1490,16,0.999716
1500,10,0.999717
1510,12,0.999718
1520,11,0.999719
1530,9,0.999720
1540,11,0.999721
1550,14,0.999723
1560,9,0.999723
1570,9,0.999724
1580,5,0.999725
1590,4,0.999725
1600,5,0.999726
1610,8,0.999727
1620,14,0.999728
1630,14,0.999730
1640,7,0.999730
1650,10,0.999731
1660,12,0.999733
1670,9,0.999734
1680,11,0.999735
1690,7,0.999736
1700,13,0.999737
1710,9,0.999738
1720,3,0.999738
1730,6,0.999739
1740,7,0.999740
1750,15,0.999741
1760,16,0.999743
1770,3,0.999743
1780,11,0.999744
1790,5,0.999745
1800,10,0.999746
1810,2,0.999746
1820,11,0.999747
1830,6,0.999748
1840,15,0.999749
1850,5,0.999750
1860,9,0.999751
1870,5,0.999752
1880,12,0.999753
1890,16,0.999754
1900,22,0.999757
1910,23,0.999759
1920,21,0.999761
1930,10,0.999762
1940,12,0.999764
1950,15,0.999765
1960,20,0.999767
1970,28,0.999770
1980,11,0.999771
1990,18,0.999773
2000,12,0.999775
2010,21,0.999777
2020,14,0.999778
2030,21,0.999781
2040,17,0.999782
2050,16,0.999784
2060,14,0.999785
2070,15,0.999787
2080,17,0.999789
2090,21,0.999791
2100,16,0.999793
2110,15,0.999794
2120,8,0.999795
2130,12,0.999796
2140,15,0.999798
2150,10,0.999799
2160,16,0.999801
2170,14,0.999802
2180,12,0.999803
2190,13,0.999805
2200,13,0.999806
2210,14,0.999808
2220,4,0.999808
2230,10,0.999809
2240,4,0.999810
2250,16,0.999811
2260,17,0.999813
2270,11,0.999814
2280,18,0.999816
2290,19,0.999818
2300,13,0.999819
2310,15,0.999821
2320,21,0.999823
2330,16,0.999825
2340,9,0.999826
2350,8,0.999827
2360,12,0.999828
2370,7,0.999829
2380,15,0.999830
2390,10,0.999831
2400,15,0.999833
2410,10,0.999834
2420,12,0.999835
2430,9,0.999836
2440,8,0.999837
2450,9,0.999838
2460,15,0.999840
2470,18,0.999842
2480,12,0.999843
2490,6,0.999843
2500,7,0.999844
2510,7,0.999845
2520,6,0.999846
2530,13,0.999847
2540,8,0.999848
2550,4,0.999848
2560,7,0.999849
2570,9,0.999850
2580,9,0.999851
2590,9,0.999852
2600,7,0.999852
2610,9,0.999853
2620,13,0.999855
2630,12,0.999856
2640,8,0.999857
2650,3,0.999857
2660,2,0.999857
2670,5,0.999858
2680,10,0.999859
2690,8,0.999860
2700,5,0.999860
2710,6,0.999861
2720,5,0.999861
2730,3,0.999862
2740,6,0.999862
2750,5,0.999863
2760,6,0.999864
2770,6,0.999864
2780,7,0.999865
2790,7,0.999866
2800,7,0.999866
2810,4,0.999867
2820,6,0.999867
2830,2,0.999868
2840,1,0.999868
2850,5,0.999868
2860,5,0.999869
2870,1,0.999869
2880,5,0.999869
2890,4,0.999870
2900,3,0.999870
2910,10,0.999871
2920,4,0.999872
2930,6,0.999872
2940,5,0.999873
2950,4,0.999873
2960,2,0.999873
2970,5,0.999874
2980,5,0.999875
2990,6,0.999875
3000,4,0.999876
3010,4,0.999876
3020,4,0.999876
3030,8,0.999877
3040,7,0.999878
3050,7,0.999879
3060,6,0.999879
3070,4,0.999880
3080,7,0.999881
3090,8,0.999881
3100,7,0.999882
3110,7,0.999883
3120,8,0.999884
3130,9,0.999885
3140,6,0.999885
3150,2,0.999885
3160,8,0.999886
3170,4,0.999887
3180,3,0.999887
3190,3,0.999887
3200,3,0.999888
3210,6,0.999888
3220,3,0.999889
3230,9,0.999890
3240,5,0.999890
3250,3,0.999890
3260,5,0.999891
3270,5,0.999891
3280,3,0.999892
3290,6,0.999892
3300,4,0.999893
3310,9,0.999894
3320,4,0.999894
3330,9,0.999895
3340,7,0.999896
3350,5,0.999896
3360,7,0.999897
3370,9,0.999898
3380,5,0.999899
3390,11,0.999900
3400,6,0.999900
3410,11,0.999902
3420,11,0.999903
3430,9,0.999904
3440,6,0.999904
3450,3,0.999905
3460,6,0.999905
3470,13,0.999907
3480,7,0.999907
3490,8,0.999908
3500,10,0.999909
3510,7,0.999910
3520,9,0.999911
3530,7,0.999912
3540,6,0.999912
3550,13,0.999914
3560,13,0.999915
3570,12,0.999916
3580,11,0.999918
3590,13,0.999919
3600,12,0.999920
3610,9,0.999921
3620,8,0.999922
3630,7,0.999923
3640,9,0.999924
3650,5,0.999924
3660,4,0.999925
3670,5,0.999925
3690,5,0.999926
3700,7,0.999926
3710,1,0.999926
3720,7,0.999927
3730,7,0.999928
3740,5,0.999928
3750,4,0.999929
3760,4,0.999929
3770,1,0.999929
3780,5,0.999930
3790,6,0.999931
3800,1,0.999931
3810,5,0.999931
3820,3,0.999931
3830,5,0.999932
3840,10,0.999933
3860,5,0.999934
3880,2,0.999934
3890,4,0.999934
3900,1,0.999934
3910,5,0.999935
3920,9,0.999936
3930,1,0.999936
3940,3,0.999936
3950,2,0.999936
3960,2,0.999937
3970,6,0.999937
3980,5,0.999938
3990,3,0.999938
4000,3,0.999938
4010,3,0.999939
4020,7,0.999940
4030,2,0.999940
4040,2,0.999940
4050,2,0.999940
4060,2,0.999940
4070,9,0.999941
4080,2,0.999941
4090,4,0.999942
4100,8,0.999943
4110,4,0.999943
4120,2,0.999943
4130,4,0.999944
4140,4,0.999944
4150,9,0.999945
4160,2,0.999945
4170,5,0.999946
4180,4,0.999946
4190,1,0.999946
4200,4,0.999947
4210,3,0.999947
4220,1,0.999947
4230,4,0.999948
4240,5,0.999948
4250,6,0.999949
4260,3,0.999949
4270,7,0.999950
4280,3,0.999950
4290,4,0.999951
4300,4,0.999951
4310,1,0.999951
4320,9,0.999952
4330,2,0.999952
4340,2,0.999953
4350,2,0.999953
4360,5,0.999953
4370,3,0.999954
4380,3,0.999954
4390,2,0.999954
4400,7,0.999955
4410,3,0.999955
4420,2,0.999955
4430,1,0.999955
4440,3,0.999956
4450,6,0.999956
4460,3,0.999957
4470,4,0.999957
4480,9,0.999958
4490,3,0.999958
4500,6,0.999959
4510,7,0.999960
4520,5,0.999960
4530,8,0.999961
4540,3,0.999961
4550,3,0.999962
4560,8,0.999963
4570,4,0.999963
4580,3,0.999963
4590,11,0.999965
4600,2,0.999965
4610,1,0.999965
4620,3,0.999965
4630,4,0.999966
4640,3,0.999966
4650,4,0.999966
4660,4,0.999967
4670,1,0.999967
4680,4,0.999967
4690,6,0.999968
4700,4,0.999968
4710,7,0.999969
4720,4,0.999969
4730,6,0.999970
4740,9,0.999971
4750,5,0.999972
4760,3,0.999972
4770,4,0.999972
4780,2,0.999973
4790,4,0.999973
4800,4,0.999973
4810,3,0.999974
4820,6,0.999974
4830,6,0.999975
4840,7,0.999976
4850,10,0.999977
4860,7,0.999977
4870,4,0.999978
4880,11,0.999979
4890,1,0.999979
4900,4,0.999980
4910,6,0.999980
4920,4,0.999981
4930,5,0.999981
4940,2,0.999981
4950,2,0.999982
4960,4,0.999982
4970,8,0.999983
4980,4,0.999983
4990,4,0.999984
5000,3,0.999984
5010,2,0.999984
5020,2,0.999984
5030,1,0.999985
5040,4,0.999985
5050,2,0.999985
5060,3,0.999985
5070,4,0.999986
5080,5,0.999986
5090,2,0.999987
5100,5,0.999987
5110,2,0.999987
5120,2,0.999988
5130,2,0.999988
5140,2,0.999988
5150,4,0.999988
5160,2,0.999989
5170,2,0.999989
5180,2,0.999989
5190,3,0.999989
5200,2,0.999990
5210,1,0.999990
5220,4,0.999990
5250,3,0.999990
5260,1,0.999991
5270,4,0.999991
5280,1,0.999991
5320,1,0.999991
5330,1,0.999991
5340,2,0.999991
5380,1,0.999992
5390,2,0.999992
5400,2,0.999992
5420,1,0.999992
5450,1,0.999992
5480,2,0.999992
5490,2,0.999993
5500,1,0.999993
5510,1,0.999993
5530,1,0.999993
5540,1,0.999993
5550,3,0.999993
5560,1,0.999994
5570,1,0.999994
5590,2,0.999994
5620,2,0.999994
5630,1,0.999994
5650,2,0.999994
5660,1,0.999994
5670,1,0.999995
5700,1,0.999995
5720,1,0.999995
5730,1,0.999995
5750,1,0.999995
5770,1,0.999995
5780,1,0.999995
5800,2,0.999995
5810,1,0.999995
5820,1,0.999996
5830,1,0.999996
5840,2,0.999996
5860,2,0.999996
5870,1,0.999996
5880,1,0.999996
5960,1,0.999996
6040,1,0.999997
6050,1,0.999997
6070,1,0.999997
6180,2,0.999997
6220,1,0.999997
6260,1,0.999997
6290,1,0.999997
6320,1,0.999997
6340,1,0.999997
6350,1,0.999998
6370,1,0.999998
6410,1,0.999998
6450,1,0.999998
6480,1,0.999998
6510,1,0.999998
6530,1,0.999998
6580,1,0.999998
6600,1,0.999998
6730,1,0.999999
6740,1,0.999999
6780,1,0.999999
6800,1,0.999999
6950,1,0.999999
7070,1,0.999999
7150,1,0.999999
7220,1,0.999999
7450,1,0.999999
7790,1,0.999999
8430,1,1.000000
8760,1,1.000000
8840,1,1.000000
9090,1,1.000000
9790,1,1.000000
