#latency,cnt,cdf
0,187,0.000037
10,3,0.000038
30,12,0.000040
40,1,0.000041
50,1978,0.000436
60,332013,0.066819
70,46646,0.076145
80,340555,0.144235
90,12352,0.146705
100,70223,0.160745
110,129714,0.186680
120,210808,0.228829
130,98128,0.248449
140,37437,0.255934
150,117403,0.279408
160,11396,0.281686
170,100864,0.301853
180,254651,0.352768
190,244665,0.401686
200,302707,0.462209
210,261692,0.514531
220,162569,0.547036
230,359518,0.618917
240,201925,0.659290
250,107562,0.680796
260,159999,0.712786
270,374005,0.787565
280,177404,0.823035
290,151319,0.853289
300,100531,0.873389
310,119089,0.897200
320,187849,0.934759
330,74016,0.949557
340,106568,0.970864
350,9052,0.972674
360,13985,0.975470
370,10669,0.977604
380,17611,0.981125
390,44511,0.990024
400,7072,0.991438
410,3021,0.992042
420,3377,0.992717
430,4315,0.993580
440,2662,0.994112
450,895,0.994291
460,627,0.994417
470,1680,0.994753
480,3658,0.995484
490,423,0.995569
500,542,0.995677
510,834,0.995844
520,327,0.995909
530,315,0.995972
540,193,0.996011
550,181,0.996047
560,178,0.996082
570,231,0.996129
580,348,0.996198
590,216,0.996241
600,227,0.996287
610,191,0.996325
620,219,0.996369
630,300,0.996429
640,310,0.996491
650,274,0.996545
660,244,0.996594
670,262,0.996647
680,246,0.996696
690,205,0.996737
700,203,0.996777
710,244,0.996826
720,251,0.996876
730,219,0.996920
740,183,0.996957
750,167,0.996990
760,151,0.997020
770,171,0.997055
780,136,0.997082
790,139,0.997109
800,138,0.997137
810,141,0.997165
820,142,0.997194
830,155,0.997225
840,133,0.997251
850,129,0.997277
860,133,0.997304
870,140,0.997332
880,138,0.997359
890,171,0.997393
900,154,0.997424
910,162,0.997457
920,162,0.997489
930,190,0.997527
940,146,0.997556
950,150,0.997586
960,147,0.997616
970,133,0.997642
980,176,0.997677
990,176,0.997712
1000,143,0.997741
1010,139,0.997769
1020,137,0.997796
1030,114,0.997819
1040,111,0.997841
1050,91,0.997859
1060,120,0.997883
1070,95,0.997902
1080,105,0.997923
1090,70,0.997937
1100,106,0.997959
1110,86,0.997976
1120,69,0.997990
1130,72,0.998004
1140,67,0.998017
1150,90,0.998035
1160,88,0.998053
1170,66,0.998066
1180,67,0.998080
1190,84,0.998096
1200,70,0.998110
1210,71,0.998125
1220,62,0.998137
1230,52,0.998147
1240,64,0.998160
1250,70,0.998174
1260,51,0.998184
1270,74,0.998199
1280,95,0.998218
1290,91,0.998236
1300,119,0.998260
1310,95,0.998279
1320,87,0.998296
1330,89,0.998314
1340,92,0.998333
1350,99,0.998353
1360,107,0.998374
1370,82,0.998390
1380,65,0.998403
1390,76,0.998418
1400,74,0.998433
1410,79,0.998449
1420,65,0.998462
1430,56,0.998473
1440,64,0.998486
1450,54,0.998497
1460,51,0.998507
1470,45,0.998516
1480,46,0.998525
1490,43,0.998534
1500,41,0.998542
1510,41,0.998550
1520,32,0.998557
1530,32,0.998563
1540,39,0.998571
1550,33,0.998577
1560,27,0.998583
1570,30,0.998589
1580,27,0.998594
1590,41,0.998602
1600,24,0.998607
1610,31,0.998613
1620,46,0.998623
1630,32,0.998629
1640,32,0.998635
1650,29,0.998641
1660,31,0.998647
1670,28,0.998653
1680,24,0.998658
1690,31,0.998664
1700,33,0.998671
1710,32,0.998677
1720,31,0.998683
1730,33,0.998690
1740,36,0.998697
1750,27,0.998702
1760,39,0.998710
1770,20,0.998714
1780,29,0.998720
1790,21,0.998724
1800,33,0.998731
1810,32,0.998737
1820,28,0.998743
1830,22,0.998747
1840,30,0.998753
1850,26,0.998758
1860,23,0.998763
1870,29,0.998769
1880,32,0.998775
1890,38,0.998783
1900,37,0.998790
1910,31,0.998796
1920,26,0.998802
1930,20,0.998806
1940,40,0.998814
1950,27,0.998819
1960,25,0.998824
1970,19,0.998828
1980,34,0.998835
1990,26,0.998840
2000,20,0.998844
2010,23,0.998848
2020,16,0.998852
2030,26,0.998857
2040,33,0.998863
2050,32,0.998870
2060,23,0.998874
2070,36,0.998882
2080,23,0.998886
2090,27,0.998892
2100,28,0.998897
2110,16,0.998900
2120,25,0.998905
2130,29,0.998911
2140,33,0.998918
2150,25,0.998923
2160,29,0.998929
2170,30,0.998935
2180,23,0.998939
2190,33,0.998946
2200,30,0.998952
2210,20,0.998956
2220,11,0.998958
2230,19,0.998962
2240,21,0.998966
2250,24,0.998971
2260,20,0.998975
2270,23,0.998979
2280,15,0.998982
2290,18,0.998986
2300,29,0.998992
2310,21,0.998996
2320,9,0.998998
2330,26,0.999003
2340,30,0.999009
2350,22,0.999013
2360,14,0.999016
2370,26,0.999021
2380,22,0.999026
2390,25,0.999031
2400,21,0.999035
2410,20,0.999039
2420,31,0.999045
2430,18,0.999049
2440,28,0.999054
2450,32,0.999061
2460,23,0.999065
2470,22,0.999070
2480,14,0.999072
2490,27,0.999078
2500,28,0.999083
2510,29,0.999089
2520,14,0.999092
2530,24,0.999097
2540,28,0.999102
2550,20,0.999106
2560,30,0.999112
2570,19,0.999116
2580,30,0.999122
2590,28,0.999128
2600,33,0.999134
2610,25,0.999139
2620,24,0.999144
2630,28,0.999150
2640,29,0.999156
2650,24,0.999160
2660,23,0.999165
2670,36,0.999172
2680,32,0.999179
2690,20,0.999183
2700,20,0.999187
2710,22,0.999191
2720,22,0.999195
2730,34,0.999202
2740,22,0.999207
2750,26,0.999212
2760,27,0.999217
2770,33,0.999224
2780,26,0.999229
2790,27,0.999234
2800,32,0.999241
2810,27,0.999246
2820,41,0.999254
2830,21,0.999259
2840,36,0.999266
2850,28,0.999271
2860,29,0.999277
2870,36,0.999284
2880,38,0.999292
2890,29,0.999298
2900,28,0.999303
2910,31,0.999310
2920,32,0.999316
2930,30,0.999322
2940,30,0.999328
2950,43,0.999337
2960,40,0.999345
2970,25,0.999350
2980,31,0.999356
2990,34,0.999363
3000,35,0.999370
3010,42,0.999378
3020,30,0.999384
3030,38,0.999392
3040,35,0.999399
3050,30,0.999405
3060,36,0.999412
3070,40,0.999420
3080,35,0.999427
3090,38,0.999434
3100,29,0.999440
3110,31,0.999446
3120,31,0.999453
3130,44,0.999461
3140,35,0.999468
3150,35,0.999475
3160,30,0.999481
3170,39,0.999489
3180,31,0.999495
3190,34,0.999502
3200,41,0.999510
3210,40,0.999518
3220,40,0.999526
3230,26,0.999532
3240,39,0.999539
3250,29,0.999545
3260,36,0.999552
3270,41,0.999561
3280,28,0.999566
3290,33,0.999573
3300,40,0.999581
3310,37,0.999588
3320,41,0.999596
3330,55,0.999607
3340,33,0.999614
3350,35,0.999621
3360,40,0.999629
3370,33,0.999636
3380,43,0.999644
3390,26,0.999649
3400,29,0.999655
3410,32,0.999662
3420,28,0.999667
3430,24,0.999672
3440,28,0.999677
3450,36,0.999685
3460,29,0.999690
3470,27,0.999696
3480,34,0.999703
3490,38,0.999710
3500,30,0.999716
3510,29,0.999722
3520,38,0.999730
3530,27,0.999735
3540,33,0.999742
3550,33,0.999748
3560,40,0.999756
3570,29,0.999762
3580,29,0.999768
3590,24,0.999773
3600,19,0.999776
3610,25,0.999781
3620,27,0.999787
3630,28,0.999792
3640,24,0.999797
3650,28,0.999803
3660,25,0.999808
3670,17,0.999811
3680,22,0.999816
3690,22,0.999820
3700,18,0.999824
3710,17,0.999827
3720,19,0.999831
3730,17,0.999834
3740,24,0.999839
3750,23,0.999844
3760,13,0.999846
3770,15,0.999849
3780,15,0.999852
3790,9,0.999854
3800,14,0.999857
3810,13,0.999859
3820,14,0.999862
3830,14,0.999865
3840,7,0.999866
3850,10,0.999868
3860,17,0.999872
3870,16,0.999875
3880,14,0.999878
3890,10,0.999880
3900,12,0.999882
3910,4,0.999883
3920,11,0.999885
3930,9,0.999887
3940,8,0.999889
3950,4,0.999889
3960,5,0.999890
3970,12,0.999893
3980,10,0.999895
3990,10,0.999897
4000,10,0.999899
4010,2,0.999899
4020,4,0.999900
4030,6,0.999901
4040,8,0.999903
4050,10,0.999905
4060,10,0.999907
4070,6,0.999908
4080,12,0.999910
4090,8,0.999912
4100,6,0.999913
4110,8,0.999915
4120,4,0.999916
4130,8,0.999917
4140,2,0.999918
4150,5,0.999919
4160,3,0.999919
4170,5,0.999920
4180,5,0.999921
4190,5,0.999922
4200,3,0.999923
4210,3,0.999923
4220,7,0.999925
4230,4,0.999926
4240,7,0.999927
4250,6,0.999928
4260,6,0.999929
4270,2,0.999930
4280,3,0.999930
4290,7,0.999932
4300,3,0.999932
4310,4,0.999933
4320,4,0.999934
4330,5,0.999935
4340,8,0.999937
4350,6,0.999938
4360,5,0.999939
4370,9,0.999941
4380,7,0.999942
4390,3,0.999943
4400,4,0.999943
4410,1,0.999944
4420,5,0.999945
4430,3,0.999945
4440,6,0.999946
4450,6,0.999948
4460,4,0.999948
4470,5,0.999949
4480,6,0.999951
4490,4,0.999951
4500,2,0.999952
4510,8,0.999953
4520,6,0.999955
4530,1,0.999955
4540,7,0.999956
4550,7,0.999958
4560,3,0.999958
4570,5,0.999959
4580,3,0.999960
4590,6,0.999961
4600,5,0.999962
4610,1,0.999962
4620,1,0.999962
4630,3,0.999963
4640,3,0.999964
4650,4,0.999964
4660,4,0.999965
4670,1,0.999965
4680,2,0.999966
4690,3,0.999966
4700,2,0.999967
4710,6,0.999968
4720,5,0.999969
4730,9,0.999971
4740,5,0.999972
4750,3,0.999972
4760,2,0.999973
4770,1,0.999973
4780,5,0.999974
4790,4,0.999975
4800,1,0.999975
4810,4,0.999976
4820,2,0.999976
4830,1,0.999976
4840,2,0.999977
4850,3,0.999977
4860,3,0.999978
4870,3,0.999979
4900,2,0.999979
4910,3,0.999980
4920,3,0.999980
4960,2,0.999981
4980,4,0.999981
4990,3,0.999982
5010,2,0.999982
5020,2,0.999983
5030,1,0.999983
5040,1,0.999983
5050,1,0.999983
5060,1,0.999984
5070,2,0.999984
5080,1,0.999984
5090,2,0.999985
5100,3,0.999985
5130,1,0.999985
5140,2,0.999986
5170,2,0.999986
5190,2,0.999987
5220,1,0.999987
5240,2,0.999987
5250,1,0.999987
5260,2,0.999988
5280,2,0.999988
5290,1,0.999988
5300,1,0.999989
5380,1,0.999989
5390,2,0.999989
5460,1,0.999989
5480,1,0.999990
5510,1,0.999990
5520,1,0.999990
5530,1,0.999990
5570,2,0.999991
5650,2,0.999991
5660,1,0.999991
5690,1,0.999991
5700,1,0.999992
5770,1,0.999992
5790,1,0.999992
5830,1,0.999992
5840,1,0.999992
5870,3,0.999993
5910,1,0.999993
5920,2,0.999994
5980,1,0.999994
5990,1,0.999994
6030,1,0.999994
6050,1,0.999994
6060,1,0.999995
6080,1,0.999995
6100,1,0.999995
6150,1,0.999995
6190,1,0.999995
6200,1,0.999996
6220,1,0.999996
6290,1,0.999996
6310,1,0.999996
6380,1,0.999996
6550,1,0.999997
6610,1,0.999997
6680,1,0.999997
6720,1,0.999997
6730,1,0.999997
6760,1,0.999998
6830,1,0.999998
6870,1,0.999998
7150,1,0.999998
7430,1,0.999998
7500,1,0.999999
7590,1,0.999999
7600,1,0.999999
7640,1,0.999999
7940,1,0.999999
7970,1,1.000000
8260,1,1.000000
8390,1,1.000000
