#latency,cnt,cdf
0,287,0.000030
10,3,0.000031
30,18,0.000032
50,4571,0.000514
60,638757,0.067744
70,95953,0.077843
80,664323,0.147764
90,23912,0.150280
100,123606,0.163290
110,216785,0.186107
120,448219,0.233283
130,181652,0.252402
140,73111,0.260097
150,234980,0.284829
160,20550,0.286992
170,196514,0.307675
180,481068,0.358308
190,470972,0.407879
200,581780,0.469112
210,505055,0.522270
220,305750,0.554450
230,683156,0.626353
240,392038,0.667616
250,202233,0.688901
260,291660,0.719599
270,714570,0.794808
280,332751,0.829831
290,290053,0.860359
300,179599,0.879262
310,219875,0.902405
320,360512,0.940349
330,130602,0.954095
340,196865,0.974815
350,13408,0.976227
360,22425,0.978587
370,16778,0.980353
380,33274,0.983855
390,92538,0.993595
400,15359,0.995211
410,5655,0.995806
420,6879,0.996530
430,7541,0.997324
440,4115,0.997757
450,1094,0.997872
460,916,0.997969
470,2517,0.998234
480,8134,0.999090
490,593,0.999152
500,609,0.999216
510,1090,0.999331
520,221,0.999354
530,235,0.999379
540,55,0.999385
550,49,0.999390
560,68,0.999397
570,99,0.999408
580,294,0.999438
590,48,0.999444
600,39,0.999448
610,48,0.999453
620,67,0.999460
630,78,0.999468
640,56,0.999474
650,67,0.999481
660,64,0.999488
670,78,0.999496
680,57,0.999502
690,77,0.999510
700,62,0.999516
710,64,0.999523
720,46,0.999528
730,47,0.999533
740,56,0.999539
750,46,0.999544
760,50,0.999549
770,41,0.999553
780,35,0.999557
790,27,0.999560
800,46,0.999565
810,40,0.999569
820,32,0.999572
830,26,0.999575
840,28,0.999578
850,26,0.999581
860,36,0.999584
870,40,0.999589
880,26,0.999591
890,27,0.999594
900,33,0.999598
910,25,0.999600
920,30,0.999604
930,33,0.999607
940,36,0.999611
950,39,0.999615
960,40,0.999619
970,32,0.999622
980,34,0.999626
990,33,0.999629
1000,22,0.999632
1010,31,0.999635
1020,29,0.999638
1030,29,0.999641
1040,27,0.999644
1050,21,0.999646
1060,25,0.999649
1070,26,0.999652
1080,23,0.999654
1090,15,0.999656
1100,23,0.999658
1110,14,0.999660
1120,19,0.999662
1130,24,0.999664
1140,22,0.999666
1150,15,0.999668
1160,18,0.999670
1170,19,0.999672
1180,24,0.999674
1190,25,0.999677
1200,18,0.999679
1210,16,0.999681
1220,16,0.999682
1230,20,0.999684
1240,20,0.999686
1250,13,0.999688
1260,13,0.999689
1270,15,0.999691
1280,18,0.999693
1290,26,0.999695
1300,23,0.999698
1310,20,0.999700
1320,23,0.999702
1330,31,0.999706
1340,22,0.999708
1350,32,0.999711
1360,35,0.999715
1370,20,0.999717
1380,25,0.999720
1390,20,0.999722
1400,28,0.999725
1410,23,0.999727
1420,13,0.999729
1430,27,0.999731
1440,28,0.999734
1450,14,0.999736
1460,20,0.999738
1470,11,0.999739
1480,21,0.999741
1490,17,0.999743
1500,16,0.999745
1510,12,0.999746
1520,21,0.999748
1530,15,0.999750
1540,7,0.999751
1550,20,0.999753
1560,9,0.999754
1570,13,0.999755
1580,10,0.999756
1590,12,0.999757
1600,14,0.999759
1610,10,0.999760
1620,9,0.999761
1630,13,0.999762
1640,12,0.999763
1650,4,0.999764
1660,6,0.999764
1670,7,0.999765
1680,14,0.999767
1690,14,0.999768
1700,15,0.999770
1710,8,0.999771
1720,9,0.999771
1730,12,0.999773
1740,8,0.999774
1750,11,0.999775
1760,8,0.999776
1770,8,0.999776
1780,9,0.999777
1790,12,0.999779
1800,9,0.999780
1810,9,0.999781
1820,9,0.999781
1830,4,0.999782
1840,3,0.999782
1850,7,0.999783
1860,9,0.999784
1870,10,0.999785
1880,9,0.999786
1890,14,0.999787
1900,16,0.999789
1910,14,0.999791
1920,17,0.999792
1930,11,0.999793
1940,9,0.999794
1950,16,0.999796
1960,14,0.999798
1970,12,0.999799
1980,11,0.999800
1990,11,0.999801
2000,14,0.999803
2010,18,0.999805
2020,21,0.999807
2030,22,0.999809
2040,29,0.999812
2050,13,0.999813
2060,17,0.999815
2070,13,0.999817
2080,14,0.999818
2090,11,0.999819
2100,18,0.999821
2110,8,0.999822
2120,6,0.999823
2130,4,0.999823
2140,7,0.999824
2150,9,0.999825
2160,7,0.999825
2170,7,0.999826
2180,16,0.999828
2190,11,0.999829
2200,13,0.999830
2210,7,0.999831
2220,10,0.999832
2230,8,0.999833
2240,12,0.999834
2250,11,0.999835
2260,7,0.999836
2270,6,0.999837
2280,5,0.999837
2290,6,0.999838
2300,8,0.999839
2310,3,0.999839
2320,6,0.999840
2330,14,0.999841
2340,13,0.999843
2350,12,0.999844
2360,12,0.999845
2370,7,0.999846
2380,13,0.999847
2390,7,0.999848
2400,11,0.999849
2410,10,0.999850
2420,12,0.999851
2430,9,0.999852
2440,12,0.999854
2450,7,0.999854
2460,8,0.999855
2470,16,0.999857
2480,9,0.999858
2490,7,0.999859
2500,8,0.999860
2510,9,0.999860
2520,11,0.999862
2530,10,0.999863
2540,13,0.999864
2550,7,0.999865
2560,8,0.999866
2570,7,0.999866
2580,9,0.999867
2590,10,0.999868
2600,10,0.999869
2610,11,0.999871
2620,8,0.999871
2630,6,0.999872
2640,8,0.999873
2650,10,0.999874
2660,8,0.999875
2670,7,0.999875
2680,7,0.999876
2690,6,0.999877
2700,3,0.999877
2710,5,0.999878
2720,2,0.999878
2730,4,0.999878
2740,3,0.999879
2750,2,0.999879
2760,5,0.999879
2770,6,0.999880
2780,3,0.999880
2790,14,0.999882
2800,9,0.999883
2810,11,0.999884
2820,4,0.999884
2830,4,0.999885
2840,6,0.999885
2850,7,0.999886
2860,8,0.999887
2870,6,0.999888
2880,8,0.999888
2890,8,0.999889
2900,5,0.999890
2910,6,0.999890
2920,9,0.999891
2930,3,0.999892
2940,7,0.999892
2950,5,0.999893
2960,7,0.999894
2970,6,0.999894
2980,5,0.999895
2990,12,0.999896
3000,12,0.999897
3010,8,0.999898
3020,7,0.999899
3030,9,0.999900
3040,10,0.999901
3050,6,0.999902
3060,5,0.999902
3070,7,0.999903
3080,11,0.999904
3090,9,0.999905
3100,5,0.999905
3110,7,0.999906
3120,8,0.999907
3130,10,0.999908
3140,9,0.999909
3150,8,0.999910
3160,8,0.999911
3170,12,0.999912
3180,8,0.999913
3190,14,0.999914
3200,8,0.999915
3210,7,0.999916
3220,4,0.999916
3230,10,0.999917
3240,12,0.999919
3250,5,0.999919
3260,4,0.999920
3270,4,0.999920
3280,11,0.999921
3290,8,0.999922
3300,13,0.999923
3310,8,0.999924
3320,11,0.999925
3330,8,0.999926
3340,17,0.999928
3350,9,0.999929
3360,10,0.999930
3370,11,0.999931
3380,10,0.999932
3390,17,0.999934
3400,6,0.999935
3410,5,0.999935
3420,14,0.999937
3430,18,0.999939
3440,9,0.999940
3450,13,0.999941
3460,16,0.999943
3470,12,0.999944
3480,22,0.999946
3490,7,0.999947
3500,14,0.999948
3510,7,0.999949
3520,9,0.999950
3530,9,0.999951
3540,18,0.999953
3550,8,0.999954
3560,16,0.999955
3570,7,0.999956
3580,10,0.999957
3590,9,0.999958
3600,7,0.999959
3610,9,0.999960
3620,8,0.999961
3630,4,0.999961
3640,8,0.999962
3650,3,0.999962
3660,8,0.999963
3670,5,0.999964
3680,1,0.999964
3690,8,0.999965
3700,9,0.999965
3710,11,0.999967
3720,10,0.999968
3730,11,0.999969
3740,11,0.999970
3750,1,0.999970
3760,2,0.999970
3770,5,0.999971
3780,5,0.999971
3790,7,0.999972
3800,6,0.999973
3810,6,0.999973
3820,7,0.999974
3830,1,0.999974
3840,4,0.999975
3850,4,0.999975
3860,5,0.999976
3870,4,0.999976
3880,1,0.999976
3890,1,0.999976
3900,3,0.999977
3910,3,0.999977
3920,2,0.999977
3930,6,0.999978
3940,3,0.999978
3950,4,0.999978
3960,3,0.999979
3970,1,0.999979
3980,4,0.999979
3990,2,0.999979
4000,1,0.999980
4010,2,0.999980
4020,3,0.999980
4030,4,0.999981
4050,2,0.999981
4070,3,0.999981
4090,4,0.999981
4100,2,0.999982
4110,3,0.999982
4120,1,0.999982
4130,2,0.999982
4150,2,0.999983
4160,2,0.999983
4170,3,0.999983
4180,3,0.999983
4190,1,0.999983
4200,2,0.999984
4210,5,0.999984
4230,1,0.999984
4240,1,0.999984
4250,1,0.999985
4260,1,0.999985
4270,3,0.999985
4280,3,0.999985
4290,2,0.999985
4300,3,0.999986
4310,1,0.999986
4320,1,0.999986
4330,1,0.999986
4340,1,0.999986
4350,1,0.999986
4360,1,0.999986
4370,4,0.999987
4380,3,0.999987
4400,2,0.999987
4410,3,0.999988
4460,2,0.999988
4470,1,0.999988
4480,2,0.999988
4490,1,0.999988
4500,1,0.999988
4510,4,0.999989
4520,2,0.999989
4540,3,0.999989
4550,2,0.999990
4560,1,0.999990
4570,2,0.999990
4580,1,0.999990
4590,1,0.999990
4600,1,0.999990
4610,4,0.999991
4620,2,0.999991
4630,4,0.999991
4640,3,0.999992
4660,2,0.999992
4670,1,0.999992
4680,3,0.999992
4690,2,0.999992
4700,1,0.999993
4720,3,0.999993
4730,1,0.999993
4740,1,0.999993
4750,3,0.999993
4760,1,0.999994
4770,2,0.999994
4780,3,0.999994
4810,1,0.999994
4820,1,0.999994
4830,2,0.999994
4840,2,0.999995
4850,3,0.999995
4860,2,0.999995
4870,1,0.999995
4910,1,0.999995
4920,1,0.999995
4930,2,0.999996
4940,2,0.999996
4950,1,0.999996
4960,1,0.999996
4970,3,0.999996
5000,1,0.999997
5010,1,0.999997
5020,1,0.999997
5030,1,0.999997
5050,1,0.999997
5060,1,0.999997
5070,1,0.999997
5090,1,0.999997
5100,1,0.999997
5110,1,0.999997
5140,3,0.999998
5150,1,0.999998
5170,1,0.999998
5180,1,0.999998
5220,1,0.999998
5230,2,0.999998
5270,1,0.999999
5310,1,0.999999
5330,1,0.999999
5350,1,0.999999
5360,1,0.999999
5450,1,0.999999
5720,1,0.999999
5830,1,0.999999
5860,1,0.999999
6020,1,0.999999
6050,1,1.000000
6290,1,1.000000
6790,1,1.000000
7140,1,1.000000
8660,1,1.000000
