#latency,cnt,cdf
30,2,0.000000
50,13593,0.001359
60,49183,0.006278
70,43727,0.010650
80,53919,0.016042
90,30824,0.019125
100,29757,0.022101
110,62683,0.028369
120,52526,0.033621
130,41096,0.037731
140,36099,0.041341
150,35743,0.044915
160,36472,0.048562
170,38301,0.052393
180,43518,0.056744
190,42192,0.060964
200,41285,0.065092
210,41232,0.069215
220,41746,0.073390
230,42584,0.077648
240,42252,0.081873
250,43348,0.086208
260,44625,0.090671
270,44679,0.095139
280,44547,0.099593
290,44822,0.104075
300,44812,0.108557
310,45307,0.113087
320,45433,0.117631
330,45364,0.122167
340,45471,0.126714
350,45848,0.131299
360,46060,0.135905
370,46355,0.140540
380,46245,0.145165
390,46795,0.149844
400,46111,0.154456
410,47111,0.159167
420,46966,0.163863
430,47255,0.168589
440,47224,0.173311
450,47134,0.178025
460,47179,0.182743
470,47123,0.187455
480,47013,0.192156
490,47497,0.196906
500,47442,0.201650
510,47940,0.206444
520,46878,0.211132
530,47538,0.215886
540,47352,0.220621
550,47284,0.225349
560,47483,0.230098
570,47718,0.234869
580,47397,0.239609
590,47352,0.244344
600,47357,0.249080
610,47106,0.253790
620,46968,0.258487
630,47081,0.263195
640,47435,0.267939
650,47092,0.272648
660,47099,0.277358
670,47036,0.282062
680,46579,0.286720
690,47245,0.291444
700,47098,0.296154
710,46579,0.300812
720,46768,0.305488
730,46965,0.310185
740,46408,0.314826
750,46424,0.319468
760,46537,0.324122
770,46259,0.328748
780,46481,0.333396
790,45981,0.337994
800,46079,0.342602
810,45762,0.347178
820,45736,0.351752
830,45803,0.356332
840,45663,0.360898
850,45211,0.365419
860,45078,0.369927
870,45190,0.374446
880,45058,0.378952
890,44985,0.383451
900,44844,0.387935
910,44881,0.392423
920,44533,0.396876
930,44316,0.401308
940,44227,0.405731
950,43707,0.410101
960,44019,0.414503
970,43809,0.418884
980,43604,0.423245
990,43290,0.427574
1000,43211,0.431895
1010,43063,0.436201
1020,43054,0.440506
1030,42997,0.444806
1040,42611,0.449067
1050,42528,0.453320
1060,42620,0.457582
1070,42235,0.461805
1080,41753,0.465981
1090,41764,0.470157
1100,41495,0.474307
1110,41614,0.478468
1120,41357,0.482604
1130,41442,0.486748
1140,40761,0.490824
1150,40770,0.494901
1160,40877,0.498989
1170,40617,0.503050
1180,40227,0.507073
1190,40121,0.511085
1200,39948,0.515080
1210,39546,0.519035
1220,39354,0.522970
1230,39324,0.526902
1240,38729,0.530775
1250,38984,0.534674
1260,38923,0.538566
1270,38709,0.542437
1280,38249,0.546262
1290,38047,0.550066
1300,37790,0.553846
1310,37578,0.557603
1320,37779,0.561381
1330,37344,0.565116
1340,37191,0.568835
1350,36823,0.572517
1360,36496,0.576167
1370,36285,0.579795
1380,35928,0.583388
1390,35617,0.586950
1400,35486,0.590498
1410,35375,0.594036
1420,35503,0.597586
1430,35217,0.601108
1440,35048,0.604613
1450,34566,0.608069
1460,34663,0.611535
1470,34449,0.614980
1480,34070,0.618387
1490,34095,0.621797
1500,33929,0.625190
1510,33429,0.628533
1520,33527,0.631885
1530,33387,0.635224
1540,33022,0.638526
1550,32485,0.641775
1560,32761,0.645051
1570,32320,0.648283
1580,32035,0.651486
1590,32194,0.654706
1600,31797,0.657885
1610,31374,0.661023
1620,31284,0.664151
1630,31066,0.667258
1640,31296,0.670387
1650,30828,0.673470
1660,30361,0.676506
1670,30343,0.679541
1680,30269,0.682567
1690,29732,0.685541
1700,29695,0.688510
1710,29520,0.691462
1720,29123,0.694375
1730,29234,0.697298
1740,28887,0.700187
1750,28511,0.703038
1760,28294,0.705867
1770,27859,0.708653
1780,28150,0.711468
1790,27615,0.714230
1800,27534,0.716983
1810,27438,0.719727
1820,26932,0.722420
1830,27099,0.725130
1840,26504,0.727780
1850,26671,0.730447
1860,26512,0.733099
1870,26327,0.735731
1880,25897,0.738321
1890,25912,0.740912
1900,25750,0.743487
1910,25619,0.746049
1920,25166,0.748566
1930,25249,0.751091
1940,24642,0.753555
1950,24454,0.756000
1960,24293,0.758429
1970,24011,0.760831
1980,23812,0.763212
1990,23677,0.765579
2000,23510,0.767930
2010,23763,0.770307
2020,23207,0.772627
2030,23173,0.774945
2040,22881,0.777233
2050,22771,0.779510
2060,22630,0.781773
2070,22685,0.784041
2080,21971,0.786238
2090,21791,0.788418
2100,21925,0.790610
2110,21706,0.792781
2120,21380,0.794919
2130,21457,0.797064
2140,21068,0.799171
2150,21248,0.801296
2160,20988,0.803395
2170,20842,0.805479
2180,20336,0.807513
2190,20154,0.809528
2200,20298,0.811558
2210,19863,0.813544
2220,19605,0.815505
2230,20103,0.817515
2240,19447,0.819460
2250,19394,0.821399
2260,18966,0.823296
2270,18793,0.825175
2280,18457,0.827021
2290,18911,0.828912
2300,18555,0.830767
2310,18166,0.832584
2320,18001,0.834384
2330,17710,0.836155
2340,17702,0.837925
2350,17577,0.839683
2360,17658,0.841449
2370,17147,0.843163
2380,17124,0.844876
2390,17128,0.846588
2400,16926,0.848281
2410,16743,0.849955
2420,16292,0.851585
2430,16421,0.853227
2440,16235,0.854850
2450,16048,0.856455
2460,15852,0.858040
2470,15936,0.859634
2480,15716,0.861205
2490,15580,0.862763
2500,15385,0.864302
2510,15273,0.865829
2520,15277,0.867357
2530,14816,0.868838
2540,14626,0.870301
2550,14837,0.871785
2560,14380,0.873223
2570,14108,0.874634
2580,14154,0.876049
2590,14142,0.877463
2600,13914,0.878855
2610,13793,0.880234
2620,13776,0.881612
2630,13677,0.882979
2640,13552,0.884334
2650,13288,0.885663
2660,13064,0.886970
2670,12698,0.888239
2680,13032,0.889543
2690,12796,0.890822
2700,12762,0.892098
2710,12437,0.893342
2720,12619,0.894604
2730,12269,0.895831
2740,12054,0.897036
2750,11928,0.898229
2760,11908,0.899420
2770,11813,0.900601
2780,11626,0.901764
2790,11492,0.902913
2800,11491,0.904062
2810,11289,0.905191
2820,11164,0.906307
2830,11137,0.907421
2840,11185,0.908540
2850,10923,0.909632
2860,10580,0.910690
2870,10433,0.911733
2880,10431,0.912776
2890,10286,0.913805
2900,10266,0.914832
2910,10210,0.915852
2920,10102,0.916863
2930,10025,0.917865
2940,9762,0.918841
2950,9803,0.919822
2960,9700,0.920792
2970,9404,0.921732
2980,9419,0.922674
2990,9232,0.923597
3000,9201,0.924517
3010,9123,0.925430
3020,8994,0.926329
3030,8743,0.927203
3040,8965,0.928100
3050,8616,0.928961
3060,8640,0.929825
3070,8345,0.930660
3080,8339,0.931494
3090,8334,0.932327
3100,8171,0.933144
3110,8086,0.933953
3120,8109,0.934764
3130,7939,0.935558
3140,7912,0.936349
3150,7725,0.937121
3160,7732,0.937895
3170,7674,0.938662
3180,7525,0.939415
3190,7259,0.940140
3200,7116,0.940852
3210,7335,0.941585
3220,7207,0.942306
3230,7130,0.943019
3240,7072,0.943726
3250,7099,0.944436
3260,6937,0.945130
3270,6754,0.945805
3280,6758,0.946481
3290,6770,0.947158
3300,6605,0.947819
3310,6479,0.948467
3320,6641,0.949131
3330,6418,0.949772
3340,6138,0.950386
3350,6165,0.951003
3360,6043,0.951607
3370,6122,0.952219
3380,5828,0.952802
3390,5801,0.953382
3400,5758,0.953958
3410,5695,0.954527
3420,5648,0.955092
3430,5618,0.955654
3440,5584,0.956213
3450,5559,0.956768
3460,5239,0.957292
3470,5562,0.957848
3480,5180,0.958367
3490,5240,0.958890
3500,5086,0.959399
3510,5013,0.959900
3520,5073,0.960408
3530,4939,0.960902
3540,4991,0.961401
3550,4821,0.961883
3560,4774,0.962360
3570,4853,0.962846
3580,4716,0.963317
3590,4698,0.963787
3600,4455,0.964232
3610,4642,0.964697
3620,4484,0.965145
3630,4299,0.965575
3640,4309,0.966006
3650,4228,0.966429
3660,4262,0.966855
3670,4175,0.967272
3680,4167,0.967689
3690,4052,0.968094
3700,4126,0.968507
3710,3919,0.968899
3720,4006,0.969299
3730,3852,0.969684
3740,3784,0.970063
3750,3846,0.970447
3760,3707,0.970818
3770,3746,0.971193
3780,3540,0.971547
3790,3685,0.971915
3800,3531,0.972268
3810,3541,0.972623
3820,3464,0.972969
3830,3480,0.973317
3840,3323,0.973649
3850,3238,0.973973
3860,3492,0.974322
3870,3327,0.974655
3880,3210,0.974976
3890,3191,0.975295
3900,3023,0.975597
3910,3143,0.975912
3920,3106,0.976222
3930,3041,0.976526
3940,2983,0.976825
3950,3013,0.977126
3960,2932,0.977419
3970,2901,0.977709
3980,2824,0.977992
3990,2778,0.978269
4000,2821,0.978552
4010,2631,0.978815
4020,2650,0.979080
4030,2624,0.979342
4040,2607,0.979603
4050,2545,0.979857
4060,2581,0.980115
4070,2532,0.980368
4080,2521,0.980621
4090,2397,0.980860
4100,2430,0.981103
4110,2410,0.981344
4120,2472,0.981592
4130,2334,0.981825
4140,2304,0.982055
4150,2264,0.982282
4160,2253,0.982507
4170,2296,0.982737
4180,2191,0.982956
4190,2183,0.983174
4200,2194,0.983393
4210,2059,0.983599
4220,2075,0.983807
4230,2020,0.984009
4240,2053,0.984214
4250,1995,0.984414
4260,2011,0.984615
4270,1995,0.984814
4280,1943,0.985008
4290,1891,0.985198
4300,1893,0.985387
4310,1766,0.985564
4320,1802,0.985744
4330,1754,0.985919
4340,1790,0.986098
4350,1800,0.986278
4360,1684,0.986446
4370,1718,0.986618
4380,1650,0.986783
4390,1651,0.986948
4400,1653,0.987114
4410,1593,0.987273
4420,1577,0.987431
4430,1515,0.987582
4440,1554,0.987738
4450,1471,0.987885
4460,1429,0.988028
4470,1519,0.988180
4480,1516,0.988331
4490,1427,0.988474
4500,1394,0.988613
4510,1449,0.988758
4520,1464,0.988904
4530,1364,0.989041
4540,1367,0.989178
4550,1318,0.989309
4560,1355,0.989445
4570,1362,0.989581
4580,1259,0.989707
4590,1323,0.989839
4600,1241,0.989963
4610,1236,0.990087
4620,1182,0.990205
4630,1212,0.990326
4640,1201,0.990447
4650,1188,0.990565
4660,1107,0.990676
4670,1102,0.990786
4680,1197,0.990906
4690,1123,0.991018
4700,1094,0.991128
4710,1100,0.991238
4720,1021,0.991340
4730,1022,0.991442
4740,1031,0.991545
4750,1030,0.991648
4760,985,0.991746
4770,1025,0.991849
4780,1015,0.991951
4790,960,0.992046
4800,980,0.992145
4810,897,0.992234
4820,895,0.992324
4830,947,0.992418
4840,920,0.992510
4850,864,0.992597
4860,876,0.992684
4870,898,0.992774
4880,914,0.992866
4890,816,0.992947
4900,880,0.993035
4910,773,0.993113
4920,801,0.993193
4930,767,0.993269
4940,751,0.993344
4950,792,0.993424
4960,741,0.993498
4970,777,0.993575
4980,739,0.993649
4990,784,0.993728
5000,738,0.993801
5010,743,0.993876
5020,706,0.993946
5030,707,0.994017
5040,669,0.994084
5050,662,0.994150
5060,702,0.994220
5070,643,0.994285
5080,706,0.994355
5090,718,0.994427
5100,711,0.994498
5110,667,0.994565
5120,637,0.994629
5130,618,0.994690
5140,573,0.994748
5150,613,0.994809
5160,560,0.994865
5170,591,0.994924
5180,519,0.994976
5190,603,0.995036
5200,585,0.995095
5210,531,0.995148
5220,552,0.995203
5230,559,0.995259
5240,556,0.995315
5250,500,0.995365
5260,553,0.995420
5270,534,0.995473
5280,485,0.995522
5290,530,0.995575
5300,523,0.995627
5310,499,0.995677
5320,478,0.995725
5330,482,0.995773
5340,477,0.995821
5350,499,0.995871
5360,495,0.995920
5370,443,0.995964
5380,451,0.996010
5390,470,0.996056
5400,422,0.996099
5410,438,0.996143
5420,404,0.996183
5430,472,0.996230
5440,395,0.996270
5450,405,0.996310
5460,409,0.996351
5470,366,0.996388
5480,400,0.996428
5490,403,0.996468
5500,384,0.996506
5510,372,0.996544
5520,402,0.996584
5530,369,0.996621
5540,347,0.996655
5550,388,0.996694
5560,360,0.996730
5570,354,0.996765
5580,365,0.996802
5590,347,0.996837
5600,339,0.996871
5610,358,0.996906
5620,329,0.996939
5630,305,0.996970
5640,316,0.997001
5650,315,0.997033
5660,307,0.997064
5670,332,0.997097
5680,289,0.997126
5690,304,0.997156
5700,287,0.997185
5710,293,0.997214
5720,273,0.997241
5730,311,0.997272
5740,257,0.997298
5750,285,0.997327
5760,315,0.997358
5770,277,0.997386
5780,264,0.997412
5790,264,0.997439
5800,276,0.997466
5810,240,0.997490
5820,240,0.997514
5830,261,0.997540
5840,256,0.997566
5850,268,0.997593
5860,254,0.997618
5870,241,0.997642
5880,227,0.997665
5890,247,0.997690
5900,253,0.997715
5910,250,0.997740
5920,251,0.997765
5930,236,0.997789
5940,209,0.997810
5950,231,0.997833
5960,223,0.997855
5970,219,0.997877
5980,193,0.997896
5990,215,0.997918
6000,223,0.997940
6010,200,0.997960
6020,203,0.997980
6030,206,0.998001
6040,221,0.998023
6050,215,0.998044
6060,188,0.998063
6070,209,0.998084
6080,204,0.998105
6090,197,0.998124
6100,180,0.998142
6110,177,0.998160
6120,187,0.998179
6130,191,0.998198
6140,176,0.998215
6150,189,0.998234
6160,191,0.998253
6170,176,0.998271
6180,164,0.998287
6190,182,0.998306
6200,180,0.998324
6210,169,0.998340
6220,158,0.998356
6230,170,0.998373
6240,156,0.998389
6250,164,0.998405
6260,144,0.998420
6270,163,0.998436
6280,153,0.998451
6290,146,0.998466
6300,149,0.998481
6310,137,0.998495
6320,140,0.998509
6330,161,0.998525
6340,154,0.998540
6350,122,0.998552
6360,137,0.998566
6370,131,0.998579
6380,153,0.998594
6390,145,0.998609
6400,150,0.998624
6410,123,0.998636
6420,123,0.998648
6430,141,0.998662
6440,144,0.998677
6450,117,0.998689
6460,137,0.998702
6470,160,0.998718
6480,122,0.998730
6490,131,0.998744
6500,107,0.998754
6510,113,0.998766
6520,116,0.998777
6530,119,0.998789
6540,97,0.998799
6550,122,0.998811
6560,121,0.998823
6570,114,0.998834
6580,97,0.998844
6590,106,0.998855
6600,103,0.998865
6610,84,0.998873
6620,110,0.998884
6630,108,0.998895
6640,124,0.998908
6650,81,0.998916
6660,113,0.998927
6670,89,0.998936
6680,107,0.998947
6690,118,0.998959
6700,102,0.998969
6710,85,0.998977
6720,91,0.998986
6730,103,0.998997
6740,102,0.999007
6750,100,0.999017
6760,83,0.999025
6770,94,0.999035
6780,97,0.999044
6790,88,0.999053
6800,103,0.999063
6810,100,0.999073
6820,77,0.999081
6830,75,0.999089
6840,83,0.999097
6850,84,0.999105
6860,95,0.999115
6870,88,0.999124
6880,76,0.999131
6890,78,0.999139
6900,80,0.999147
6910,77,0.999155
6920,81,0.999163
6930,75,0.999170
6940,79,0.999178
6950,82,0.999186
6960,66,0.999193
6970,72,0.999200
6980,93,0.999209
6990,53,0.999215
7000,88,0.999223
7010,68,0.999230
7020,78,0.999238
7030,74,0.999246
7040,67,0.999252
7050,61,0.999258
7060,68,0.999265
7070,68,0.999272
7080,58,0.999278
7090,72,0.999285
7100,70,0.999292
7110,60,0.999298
7120,66,0.999304
7130,54,0.999310
7140,56,0.999316
7150,57,0.999321
7160,65,0.999328
7170,55,0.999333
7180,57,0.999339
7190,59,0.999345
7200,65,0.999351
7210,70,0.999358
7220,65,0.999365
7230,56,0.999370
7240,51,0.999376
7250,41,0.999380
7260,57,0.999385
7270,57,0.999391
7280,55,0.999397
7290,43,0.999401
7300,52,0.999406
7310,56,0.999412
7320,40,0.999416
7330,52,0.999421
7340,41,0.999425
7350,59,0.999431
7360,45,0.999435
7370,42,0.999439
7380,43,0.999444
7390,64,0.999450
7400,41,0.999454
7410,52,0.999460
7420,55,0.999465
7430,50,0.999470
7440,57,0.999476
7450,34,0.999479
7460,48,0.999484
7470,39,0.999488
7480,48,0.999493
7490,46,0.999497
7500,43,0.999502
7510,46,0.999506
7520,40,0.999510
7530,40,0.999514
7540,49,0.999519
7550,41,0.999523
7560,44,0.999528
7570,55,0.999533
7580,37,0.999537
7590,45,0.999541
7600,54,0.999547
7610,33,0.999550
7620,39,0.999554
7630,45,0.999558
7640,46,0.999563
7650,38,0.999567
7660,33,0.999570
7670,37,0.999574
7680,41,0.999578
7690,36,0.999581
7700,39,0.999585
7710,44,0.999590
7720,37,0.999593
7730,30,0.999596
7740,42,0.999601
7750,37,0.999604
7760,31,0.999607
7770,27,0.999610
7780,24,0.999613
7790,37,0.999616
7800,36,0.999620
7810,30,0.999623
7820,32,0.999626
7830,42,0.999630
7840,24,0.999633
7850,28,0.999635
7860,32,0.999639
7870,36,0.999642
7880,37,0.999646
7890,28,0.999649
7900,32,0.999652
7910,26,0.999654
7920,32,0.999658
7930,22,0.999660
7940,23,0.999662
7950,28,0.999665
7960,19,0.999667
7970,31,0.999670
7980,36,0.999674
7990,23,0.999676
8000,26,0.999678
8010,28,0.999681
8020,28,0.999684
8030,31,0.999687
8040,23,0.999690
8050,26,0.999692
8060,27,0.999695
8070,30,0.999698
8080,28,0.999701
8090,18,0.999702
8100,29,0.999705
8110,29,0.999708
8120,16,0.999710
8130,27,0.999713
8140,23,0.999715
8150,32,0.999718
8160,39,0.999722
8170,30,0.999725
8180,27,0.999728
8190,25,0.999730
8200,16,0.999732
8210,19,0.999734
8220,18,0.999735
8230,21,0.999738
8240,20,0.999740
8250,18,0.999741
8260,24,0.999744
8270,19,0.999746
8280,23,0.999748
8290,29,0.999751
8300,22,0.999753
8310,25,0.999756
8320,14,0.999757
8330,21,0.999759
8340,17,0.999761
8350,17,0.999762
8360,31,0.999766
8370,24,0.999768
8380,19,0.999770
8390,23,0.999772
8400,20,0.999774
8410,15,0.999776
8420,12,0.999777
8430,30,0.999780
8440,14,0.999781
8450,22,0.999783
8460,18,0.999785
8470,21,0.999787
8480,17,0.999789
8490,22,0.999791
8500,22,0.999793
8510,16,0.999795
8520,13,0.999796
8530,13,0.999798
8540,16,0.999799
8550,12,0.999800
8560,13,0.999802
8570,15,0.999803
8580,11,0.999804
8590,18,0.999806
8600,20,0.999808
8610,12,0.999809
8620,17,0.999811
8630,23,0.999813
8640,24,0.999816
8650,13,0.999817
8660,10,0.999818
8670,21,0.999820
8680,19,0.999822
8690,25,0.999825
8700,22,0.999827
8710,15,0.999828
8720,16,0.999830
8730,15,0.999831
8740,16,0.999833
8750,14,0.999834
8760,14,0.999836
8770,15,0.999837
8780,11,0.999838
8790,11,0.999839
8800,24,0.999842
8810,13,0.999843
8820,16,0.999845
8830,13,0.999846
8840,8,0.999847
8850,21,0.999849
8860,18,0.999851
8870,6,0.999851
8880,14,0.999853
8890,13,0.999854
8900,12,0.999855
8910,7,0.999856
8920,13,0.999857
8930,12,0.999858
8940,10,0.999859
8950,10,0.999860
8960,14,0.999862
8970,10,0.999863
8980,12,0.999864
8990,7,0.999865
9000,9,0.999866
9010,9,0.999866
9020,8,0.999867
9030,10,0.999868
9040,10,0.999869
9050,11,0.999870
9060,3,0.999871
9070,14,0.999872
9080,14,0.999874
9090,12,0.999875
9100,5,0.999875
9110,9,0.999876
9120,2,0.999876
9130,11,0.999877
9140,16,0.999879
9150,9,0.999880
9160,12,0.999881
9170,10,0.999882
9180,5,0.999883
9190,4,0.999883
9200,16,0.999885
9210,4,0.999885
9220,6,0.999886
9230,9,0.999887
9240,8,0.999887
9250,13,0.999889
9260,10,0.999890
9270,14,0.999891
9280,3,0.999891
9290,5,0.999892
9300,10,0.999893
9310,10,0.999894
9320,4,0.999894
9330,12,0.999895
9340,7,0.999896
9350,12,0.999897
9360,5,0.999898
9370,5,0.999898
9380,8,0.999899
9390,8,0.999900
9400,7,0.999901
9410,5,0.999901
9420,11,0.999902
9430,5,0.999903
9440,8,0.999904
9450,10,0.999905
9460,8,0.999905
9470,7,0.999906
9480,7,0.999907
9490,11,0.999908
9500,5,0.999908
9510,11,0.999909
9520,7,0.999910
9530,5,0.999911
9540,3,0.999911
9550,5,0.999911
9560,9,0.999912
9570,9,0.999913
9580,13,0.999915
9590,3,0.999915
9600,14,0.999916
9610,3,0.999916
9620,10,0.999918
9630,8,0.999918
9640,9,0.999919
9650,5,0.999920
9660,4,0.999920
9670,3,0.999920
9680,7,0.999921
9690,6,0.999922
9700,9,0.999923
9720,5,0.999923
9730,4,0.999924
9740,4,0.999924
9750,8,0.999925
9760,5,0.999925
9770,8,0.999926
9780,6,0.999927
9790,8,0.999927
9800,7,0.999928
9810,5,0.999929
9820,3,0.999929
9830,9,0.999930
9840,8,0.999931
9850,5,0.999931
9860,6,0.999932
9870,7,0.999932
9880,8,0.999933
9890,6,0.999934
9900,8,0.999935
9910,3,0.999935
9920,3,0.999935
9930,4,0.999936
9940,3,0.999936
9950,9,0.999937
9960,5,0.999937
9970,6,0.999938
9980,4,0.999938
9990,7,0.999939
10000,6,0.999940
10010,2,0.999940
10020,3,0.999940
10030,3,0.999940
10040,2,0.999941
10050,7,0.999941
10060,4,0.999942
10070,3,0.999942
10080,7,0.999943
10090,8,0.999943
10100,7,0.999944
10110,7,0.999945
10120,5,0.999945
10130,5,0.999946
10140,1,0.999946
10150,4,0.999946
10160,4,0.999947
10170,6,0.999947
10180,5,0.999948
10190,5,0.999948
10200,6,0.999949
10210,4,0.999949
10220,4,0.999950
10230,4,0.999950
10240,7,0.999951
10250,4,0.999951
10260,4,0.999952
10270,4,0.999952
10280,3,0.999952
10290,3,0.999953
10300,6,0.999953
10310,2,0.999954
10320,4,0.999954
10330,2,0.999954
10340,3,0.999954
10350,3,0.999955
10360,2,0.999955
10370,4,0.999955
10380,1,0.999955
10390,2,0.999956
10400,3,0.999956
10410,2,0.999956
10420,1,0.999956
10430,5,0.999957
10440,2,0.999957
10450,7,0.999958
10460,2,0.999958
10470,1,0.999958
10480,2,0.999958
10490,3,0.999958
10500,4,0.999959
10510,3,0.999959
10520,2,0.999959
10530,5,0.999960
10540,2,0.999960
10550,2,0.999960
10560,1,0.999960
10570,5,0.999961
10580,3,0.999961
10590,2,0.999961
10600,3,0.999962
10610,3,0.999962
10620,3,0.999962
10630,4,0.999963
10640,1,0.999963
10650,5,0.999963
10660,4,0.999964
10670,1,0.999964
10680,6,0.999964
10700,2,0.999964
10710,2,0.999965
10720,2,0.999965
10730,4,0.999965
10740,4,0.999966
10750,1,0.999966
10760,2,0.999966
10780,1,0.999966
10790,1,0.999966
10800,1,0.999966
10810,2,0.999967
10820,2,0.999967
10830,1,0.999967
10840,1,0.999967
10850,1,0.999967
10860,4,0.999967
10870,1,0.999968
10880,1,0.999968
10890,1,0.999968
10900,2,0.999968
10910,3,0.999968
10920,2,0.999968
10940,3,0.999969
10950,1,0.999969
10960,4,0.999969
10970,1,0.999969
10980,1,0.999969
11000,2,0.999970
11010,3,0.999970
11020,1,0.999970
11030,1,0.999970
11040,2,0.999970
11050,3,0.999971
11060,2,0.999971
11070,1,0.999971
11080,3,0.999971
11090,2,0.999971
11100,3,0.999972
11110,1,0.999972
11120,2,0.999972
11130,2,0.999972
11140,3,0.999973
11150,1,0.999973
11160,2,0.999973
11190,1,0.999973
11200,1,0.999973
11210,1,0.999973
11220,3,0.999973
11230,4,0.999974
11240,5,0.999974
11250,1,0.999974
11260,2,0.999975
11270,3,0.999975
11280,3,0.999975
11290,2,0.999975
11300,2,0.999976
11310,2,0.999976
11320,5,0.999976
11340,2,0.999977
11350,2,0.999977
11360,1,0.999977
11370,2,0.999977
11380,4,0.999977
11390,1,0.999978
11400,1,0.999978
11420,2,0.999978
11430,4,0.999978
11440,1,0.999978
11450,3,0.999979
11460,1,0.999979
11470,1,0.999979
11480,1,0.999979
11500,2,0.999979
11510,4,0.999979
11520,1,0.999980
11530,1,0.999980
11540,1,0.999980
11560,1,0.999980
11570,2,0.999980
11580,2,0.999980
11590,1,0.999980
11600,4,0.999981
11610,5,0.999981
11630,1,0.999981
11640,2,0.999982
11650,1,0.999982
11660,4,0.999982
11670,2,0.999982
11680,3,0.999983
11690,1,0.999983
11700,1,0.999983
11750,1,0.999983
11760,1,0.999983
11770,1,0.999983
11780,1,0.999983
11790,1,0.999983
11800,1,0.999983
11810,2,0.999984
11820,4,0.999984
11830,1,0.999984
11860,1,0.999984
11870,1,0.999984
11900,1,0.999984
11910,2,0.999985
11920,2,0.999985
11930,3,0.999985
11960,1,0.999985
11970,2,0.999985
11980,2,0.999986
11990,3,0.999986
12000,2,0.999986
12030,3,0.999986
12050,1,0.999987
12060,2,0.999987
12070,1,0.999987
12080,1,0.999987
12100,2,0.999987
12110,1,0.999987
12120,2,0.999987
12130,1,0.999987
12140,3,0.999988
12160,3,0.999988
12180,1,0.999988
12190,1,0.999988
12200,1,0.999988
12210,1,0.999988
12220,2,0.999989
12230,1,0.999989
12250,2,0.999989
12270,4,0.999989
12300,1,0.999990
12320,1,0.999990
12330,2,0.999990
12350,4,0.999990
12360,1,0.999990
12370,1,0.999990
12380,1,0.999991
12390,2,0.999991
12400,1,0.999991
12420,3,0.999991
12440,2,0.999991
12450,1,0.999991
12460,1,0.999991
12520,1,0.999992
12560,2,0.999992
12580,1,0.999992
12600,1,0.999992
12640,1,0.999992
12660,1,0.999992
12670,1,0.999992
12700,1,0.999992
12750,3,0.999993
12770,1,0.999993
12820,1,0.999993
12840,1,0.999993
12850,1,0.999993
12890,1,0.999993
12940,1,0.999993
12960,1,0.999993
12990,3,0.999994
13010,1,0.999994
13030,1,0.999994
13070,2,0.999994
13090,1,0.999994
13100,1,0.999994
13230,1,0.999994
13300,1,0.999995
13360,1,0.999995
13370,1,0.999995
13390,1,0.999995
13480,1,0.999995
13550,1,0.999995
13570,1,0.999995
13640,1,0.999995
13690,2,0.999995
13740,1,0.999996
13770,1,0.999996
13780,1,0.999996
13820,2,0.999996
13830,1,0.999996
13840,1,0.999996
13890,1,0.999996
13900,4,0.999997
13920,1,0.999997
14000,1,0.999997
14030,1,0.999997
14040,2,0.999997
14050,1,0.999997
14060,1,0.999997
14090,1,0.999997
14130,1,0.999997
14170,2,0.999998
14200,1,0.999998
14260,1,0.999998
14270,1,0.999998
14320,1,0.999998
14350,1,0.999998
14370,1,0.999998
14380,1,0.999998
14460,1,0.999999
14480,1,0.999999
14500,1,0.999999
14610,1,0.999999
14630,1,0.999999
14650,1,0.999999
14760,1,0.999999
14820,2,0.999999
14870,1,0.999999
14880,1,1.000000
14970,1,1.000000
15500,1,1.000000
15610,1,1.000000
15660,1,1.000000
15840,1,1.000000
