#latency,cnt,cdf
0,4101,0.000410
10,837,0.000494
20,247,0.000519
30,92,0.000528
40,42,0.000532
50,8722,0.001404
60,26704,0.004075
70,26840,0.006759
80,30774,0.009836
90,25114,0.012347
100,29294,0.015277
110,41390,0.019416
120,36066,0.023022
130,38560,0.026878
140,29290,0.029807
150,26218,0.032429
160,27874,0.035217
170,30399,0.038256
180,43633,0.042620
190,38586,0.046478
200,34267,0.049905
210,33398,0.053245
220,35401,0.056785
230,37716,0.060557
240,35070,0.064064
250,36004,0.067664
260,36283,0.071292
270,36496,0.074942
280,36324,0.078574
290,36618,0.082236
300,37024,0.085938
310,37088,0.089647
320,37278,0.093375
330,37848,0.097160
340,37380,0.100898
350,37280,0.104626
360,37246,0.108350
370,37308,0.112081
380,37435,0.115825
390,37576,0.119582
400,37302,0.123313
410,37416,0.127054
420,37425,0.130797
430,37392,0.134536
440,37511,0.138287
450,37161,0.142003
460,37228,0.145726
470,37576,0.149484
480,37106,0.153194
490,37237,0.156918
500,37336,0.160651
510,36931,0.164345
520,36907,0.168035
530,36781,0.171713
540,36813,0.175395
550,37190,0.179114
560,36876,0.182801
570,36928,0.186494
580,36718,0.190166
590,36823,0.193848
600,36663,0.197514
610,36975,0.201212
620,36864,0.204898
630,36318,0.208530
640,36539,0.212184
650,36203,0.215804
660,36257,0.219430
670,36057,0.223036
680,36112,0.226647
690,36171,0.230264
700,35895,0.233854
710,35767,0.237430
720,35877,0.241018
730,35690,0.244587
740,35775,0.248165
750,35846,0.251749
760,35889,0.255338
770,35725,0.258911
780,35652,0.262476
790,35751,0.266051
800,35734,0.269624
810,35285,0.273153
820,35660,0.276719
830,35416,0.280260
840,35422,0.283803
850,35046,0.287307
860,35000,0.290807
870,34879,0.294295
880,34914,0.297786
890,35004,0.301287
900,34501,0.304737
910,34649,0.308202
920,34533,0.311655
930,34207,0.315076
940,34084,0.318484
950,34313,0.321916
960,34164,0.325332
970,34354,0.328767
980,34010,0.332168
990,33684,0.335537
1000,33735,0.338910
1010,33611,0.342271
1020,33561,0.345627
1030,33310,0.348958
1040,33342,0.352293
1050,33278,0.355620
1060,33272,0.358948
1070,33148,0.362262
1080,32867,0.365549
1090,32784,0.368828
1100,32625,0.372090
1110,32620,0.375352
1120,32430,0.378595
1130,32768,0.381872
1140,32093,0.385081
1150,32545,0.388336
1160,32020,0.391538
1170,32195,0.394757
1180,32058,0.397963
1190,32017,0.401165
1200,31848,0.404350
1210,31893,0.407539
1220,31437,0.410683
1230,31352,0.413818
1240,31380,0.416956
1250,31219,0.420078
1260,30939,0.423172
1270,31314,0.426303
1280,31054,0.429408
1290,31048,0.432513
1300,31198,0.435633
1310,30818,0.438715
1320,30267,0.441741
1330,30505,0.444792
1340,30553,0.447847
1350,30640,0.450911
1360,30205,0.453932
1370,30143,0.456946
1380,30089,0.459955
1390,29864,0.462941
1400,29730,0.465914
1410,29761,0.468890
1420,29609,0.471851
1430,29315,0.474783
1440,29211,0.477704
1450,28861,0.480590
1460,28935,0.483484
1470,28959,0.486379
1480,28490,0.489228
1490,28592,0.492088
1500,28463,0.494934
1510,28429,0.497777
1520,28315,0.500608
1530,28161,0.503425
1540,27876,0.506212
1550,27701,0.508982
1560,27349,0.511717
1570,27571,0.514474
1580,27673,0.517242
1590,26963,0.519938
1600,27188,0.522657
1610,26880,0.525345
1620,26795,0.528024
1630,26303,0.530654
1640,26694,0.533324
1650,26514,0.535975
1660,26404,0.538616
1670,26470,0.541263
1680,25874,0.543850
1690,26250,0.546475
1700,26045,0.549080
1710,25913,0.551671
1720,25754,0.554246
1730,25763,0.556823
1740,25464,0.559369
1750,25297,0.561899
1760,25389,0.564438
1770,24772,0.566915
1780,24683,0.569383
1790,24812,0.571864
1800,24362,0.574300
1810,24384,0.576739
1820,24320,0.579171
1830,24306,0.581601
1840,24380,0.584039
1850,24206,0.586460
1860,23948,0.588855
1870,23804,0.591235
1880,23506,0.593586
1890,23839,0.595970
1900,23573,0.598327
1910,23464,0.600673
1920,23103,0.602984
1930,23281,0.605312
1940,22967,0.607609
1950,22677,0.609876
1960,22710,0.612147
1970,22178,0.614365
1980,22466,0.616612
1990,22414,0.618853
2000,21951,0.621048
2010,22029,0.623251
2020,21816,0.625433
2030,21687,0.627601
2040,21968,0.629798
2050,21739,0.631972
2060,21416,0.634114
2070,21167,0.636230
2080,21430,0.638373
2090,21237,0.640497
2100,20902,0.642587
2110,21190,0.644706
2120,21027,0.646809
2130,20613,0.648870
2140,20678,0.650938
2150,20575,0.652996
2160,20528,0.655048
2170,20286,0.657077
2180,20377,0.659115
2190,19975,0.661112
2200,19545,0.663067
2210,19756,0.665042
2220,19396,0.666982
2230,19564,0.668938
2240,19270,0.670865
2250,19509,0.672816
2260,19402,0.674756
2270,19096,0.676666
2280,19041,0.678570
2290,18976,0.680468
2300,18921,0.682360
2310,18809,0.684241
2320,18702,0.686111
2330,18452,0.687956
2340,18469,0.689803
2350,18350,0.691638
2360,18118,0.693450
2370,18306,0.695280
2380,18006,0.697081
2390,17845,0.698866
2400,17754,0.700641
2410,17610,0.702402
2420,17540,0.704156
2430,17589,0.705915
2440,17582,0.707673
2450,17153,0.709388
2460,17189,0.711107
2470,17359,0.712843
2480,17043,0.714547
2490,16833,0.716231
2500,16635,0.717894
2510,16806,0.719575
2520,16627,0.721238
2530,16541,0.722892
2540,16466,0.724538
2550,16285,0.726167
2560,16175,0.727784
2570,15962,0.729380
2580,16074,0.730988
2590,15696,0.732557
2600,15756,0.734133
2610,15727,0.735706
2620,15575,0.737263
2630,15554,0.738819
2640,15652,0.740384
2650,15305,0.741914
2660,15254,0.743440
2670,15112,0.744951
2680,14979,0.746449
2690,14982,0.747947
2700,14788,0.749426
2710,14720,0.750898
2720,14865,0.752384
2730,14765,0.753861
2740,14776,0.755338
2750,14545,0.756793
2760,14427,0.758236
2770,14370,0.759673
2780,14380,0.761111
2790,14112,0.762522
2800,14185,0.763940
2810,13848,0.765325
2820,13779,0.766703
2830,13751,0.768078
2840,13942,0.769472
2850,13774,0.770850
2860,13500,0.772200
2870,13515,0.773551
2880,13396,0.774891
2890,13463,0.776237
2900,13270,0.777564
2910,13343,0.778899
2920,12994,0.780198
2930,13197,0.781518
2940,12924,0.782810
2950,12964,0.784106
2960,12980,0.785404
2970,12721,0.786677
2980,12716,0.787948
2990,12644,0.789213
3000,12753,0.790488
3010,12369,0.791725
3020,12362,0.792961
3030,12526,0.794214
3040,12418,0.795455
3050,12059,0.796661
3060,12093,0.797871
3070,11924,0.799063
3080,11960,0.800259
3090,12026,0.801462
3100,11750,0.802637
3110,11759,0.803812
3120,11763,0.804989
3130,11834,0.806172
3140,11383,0.807310
3150,11619,0.808472
3160,11507,0.809623
3170,11410,0.810764
3180,11315,0.811896
3190,11330,0.813029
3200,11251,0.814154
3210,11112,0.815265
3220,11139,0.816379
3230,11083,0.817487
3240,10998,0.818587
3250,11038,0.819691
3260,10892,0.820780
3270,10868,0.821867
3280,10659,0.822933
3290,10804,0.824013
3300,10771,0.825090
3310,10674,0.826157
3320,10515,0.827209
3330,10337,0.828243
3340,10633,0.829306
3350,10466,0.830353
3360,10271,0.831380
3370,10188,0.832398
3380,10141,0.833413
3390,10055,0.834418
3400,10235,0.835442
3410,9749,0.836416
3420,10316,0.837448
3430,9996,0.838448
3440,9883,0.839436
3450,9856,0.840422
3460,9708,0.841392
3470,9698,0.842362
3480,9670,0.843329
3490,9808,0.844310
3500,9556,0.845266
3510,9585,0.846224
3520,9675,0.847192
3530,9474,0.848139
3540,9348,0.849074
3550,9410,0.850015
3560,9342,0.850949
3570,9082,0.851857
3580,9349,0.852792
3590,9215,0.853714
3600,8985,0.854612
3610,9161,0.855528
3620,8925,0.856421
3630,9024,0.857323
3640,8962,0.858219
3650,9008,0.859120
3660,8954,0.860016
3670,8711,0.860887
3680,8877,0.861774
3690,8646,0.862639
3700,8851,0.863524
3710,8601,0.864384
3720,8488,0.865233
3730,8348,0.866068
3740,8504,0.866918
3750,8420,0.867760
3760,8208,0.868581
3770,8288,0.869410
3780,8022,0.870212
3790,8234,0.871035
3800,8135,0.871849
3810,7881,0.872637
3820,8005,0.873437
3830,7854,0.874223
3840,7867,0.875009
3850,7796,0.875789
3860,7793,0.876568
3870,7826,0.877351
3880,7783,0.878129
3890,7708,0.878900
3900,7610,0.879661
3910,7695,0.880431
3920,7616,0.881192
3930,7447,0.881937
3940,7408,0.882678
3950,7327,0.883410
3960,7397,0.884150
3970,7295,0.884880
3980,7027,0.885582
3990,7127,0.886295
4000,7043,0.886999
4010,7194,0.887719
4020,6926,0.888411
4030,6963,0.889108
4040,6847,0.889792
4050,6893,0.890482
4060,6721,0.891154
4070,6823,0.891836
4080,6770,0.892513
4090,6492,0.893162
4100,6661,0.893828
4110,6551,0.894483
4120,6514,0.895135
4130,6534,0.895788
4140,6471,0.896435
4150,6280,0.897063
4160,6465,0.897710
4170,6273,0.898337
4180,6218,0.898959
4190,6199,0.899579
4200,6171,0.900196
4210,6141,0.900810
4220,6001,0.901410
4230,6009,0.902011
4240,5993,0.902610
4250,5998,0.903210
4260,6120,0.903822
4270,5947,0.904417
4280,5954,0.905012
4290,5888,0.905601
4300,5864,0.906187
4310,5817,0.906769
4320,5748,0.907344
4330,5690,0.907913
4340,5541,0.908467
4350,5586,0.909026
4360,5638,0.909589
4370,5576,0.910147
4380,5693,0.910716
4390,5431,0.911259
4400,5471,0.911807
4410,5515,0.912358
4420,5378,0.912896
4430,5378,0.913434
4440,5417,0.913975
4450,5343,0.914510
4460,5329,0.915043
4470,5281,0.915571
4480,5298,0.916100
4490,5194,0.916620
4500,5419,0.917162
4510,5128,0.917675
4520,5222,0.918197
4530,5156,0.918712
4540,5146,0.919227
4550,5095,0.919736
4560,4965,0.920233
4570,5128,0.920746
4580,4941,0.921240
4590,4901,0.921730
4600,4970,0.922227
4610,4932,0.922720
4620,4830,0.923203
4630,4931,0.923696
4640,4778,0.924174
4650,4778,0.924652
4660,4694,0.925121
4670,4643,0.925586
4680,4631,0.926049
4690,4738,0.926522
4700,4591,0.926982
4710,4627,0.927444
4720,4509,0.927895
4730,4442,0.928339
4740,4417,0.928781
4750,4421,0.929223
4760,4463,0.929669
4770,4282,0.930098
4780,4379,0.930536
4790,4348,0.930970
4800,4259,0.931396
4810,4296,0.931826
4820,4267,0.932253
4830,4287,0.932681
4840,4196,0.933101
4850,4159,0.933517
4860,4153,0.933932
4870,4138,0.934346
4880,4080,0.934754
4890,4113,0.935165
4900,4097,0.935575
4910,4060,0.935981
4920,3984,0.936379
4930,4036,0.936783
4940,4032,0.937186
4950,4050,0.937591
4960,3848,0.937976
4970,3901,0.938366
4980,3910,0.938757
4990,3818,0.939139
5000,3885,0.939527
5010,3831,0.939910
5020,3718,0.940282
5030,3792,0.940661
5040,3731,0.941034
5050,3714,0.941406
5060,3663,0.941772
5070,3775,0.942150
5080,3584,0.942508
5090,3634,0.942871
5100,3566,0.943228
5110,3669,0.943595
5120,3555,0.943950
5130,3518,0.944302
5140,3516,0.944654
5150,3485,0.945002
5160,3539,0.945356
5170,3578,0.945714
5180,3560,0.946070
5190,3414,0.946411
5200,3428,0.946754
5210,3373,0.947092
5220,3348,0.947426
5230,3331,0.947759
5240,3423,0.948102
5250,3315,0.948433
5260,3340,0.948767
5270,3325,0.949100
5280,3279,0.949428
5290,3317,0.949759
5300,3248,0.950084
5310,3258,0.950410
5320,3196,0.950730
5330,3201,0.951050
5340,3159,0.951366
5350,3137,0.951679
5360,3182,0.951997
5370,3308,0.952328
5380,3168,0.952645
5390,3188,0.952964
5400,2984,0.953262
5410,3109,0.953573
5420,2990,0.953872
5430,2981,0.954170
5440,2898,0.954460
5450,2965,0.954757
5460,3084,0.955065
5470,3001,0.955365
5480,2855,0.955651
5490,2922,0.955943
5500,2882,0.956231
5510,2864,0.956517
5520,2855,0.956803
5530,2768,0.957080
5540,2815,0.957361
5550,2886,0.957650
5560,2835,0.957933
5570,2756,0.958209
5580,2746,0.958483
5590,2746,0.958758
5600,2739,0.959032
5610,2715,0.959303
5620,2704,0.959574
5630,2761,0.959850
5640,2660,0.960116
5650,2807,0.960397
5660,2666,0.960663
5670,2631,0.960926
5680,2594,0.961186
5690,2659,0.961452
5700,2470,0.961699
5710,2489,0.961948
5720,2526,0.962200
5730,2497,0.962450
5740,2444,0.962694
5750,2505,0.962945
5760,2437,0.963188
5770,2542,0.963443
5780,2477,0.963690
5790,2487,0.963939
5800,2447,0.964184
5810,2456,0.964429
5820,2356,0.964665
5830,2403,0.964905
5840,2401,0.965145
5850,2310,0.965376
5860,2406,0.965617
5870,2323,0.965849
5880,2296,0.966079
5890,2281,0.966307
5900,2244,0.966531
5910,2367,0.966768
5920,2301,0.966998
5930,2198,0.967218
5940,2273,0.967445
5950,2159,0.967661
5960,2241,0.967885
5970,2173,0.968103
5980,2092,0.968312
5990,2114,0.968523
6000,2105,0.968734
6010,2104,0.968944
6020,2125,0.969157
6030,2107,0.969367
6040,2028,0.969570
6050,2094,0.969779
6060,2024,0.969982
6070,2052,0.970187
6080,2116,0.970399
6090,1889,0.970588
6100,2031,0.970791
6110,2071,0.970998
6120,1928,0.971191
6130,2029,0.971393
6140,1938,0.971587
6150,1906,0.971778
6160,1978,0.971976
6170,1868,0.972162
6180,1873,0.972350
6190,1865,0.972536
6200,1886,0.972725
6210,1821,0.972907
6220,1847,0.973092
6230,1843,0.973276
6240,1777,0.973454
6250,1844,0.973638
6260,1805,0.973819
6270,1818,0.974000
6280,1837,0.974184
6290,1765,0.974361
6300,1809,0.974541
6310,1722,0.974714
6320,1700,0.974884
6330,1817,0.975065
6340,1684,0.975234
6350,1683,0.975402
6360,1685,0.975571
6370,1681,0.975739
6380,1745,0.975913
6390,1606,0.976074
6400,1602,0.976234
6410,1671,0.976401
6420,1644,0.976565
6430,1558,0.976721
6440,1641,0.976885
6450,1518,0.977037
6460,1517,0.977189
6470,1558,0.977345
6480,1555,0.977500
6490,1537,0.977654
6500,1527,0.977807
6510,1581,0.977965
6520,1459,0.978111
6530,1519,0.978262
6540,1493,0.978412
6550,1438,0.978556
6560,1499,0.978705
6570,1448,0.978850
6580,1497,0.979000
6590,1504,0.979150
6600,1443,0.979295
6610,1427,0.979437
6620,1432,0.979581
6630,1435,0.979724
6640,1479,0.979872
6650,1434,0.980015
6660,1364,0.980152
6670,1426,0.980294
6680,1342,0.980429
6690,1305,0.980559
6700,1368,0.980696
6710,1375,0.980833
6720,1370,0.980970
6730,1356,0.981106
6740,1330,0.981239
6750,1322,0.981371
6760,1284,0.981500
6770,1298,0.981629
6780,1349,0.981764
6790,1311,0.981895
6800,1216,0.982017
6810,1255,0.982143
6820,1256,0.982268
6830,1183,0.982386
6840,1220,0.982508
6850,1211,0.982629
6860,1193,0.982749
6870,1181,0.982867
6880,1217,0.982989
6890,1226,0.983111
6900,1163,0.983227
6910,1175,0.983345
6920,1164,0.983461
6930,1145,0.983576
6940,1164,0.983692
6950,1100,0.983802
6960,1205,0.983923
6970,1161,0.984039
6980,1192,0.984158
6990,1129,0.984271
7000,1102,0.984381
7010,1199,0.984501
7020,1028,0.984604
7030,1125,0.984716
7040,1124,0.984829
7050,1168,0.984946
7060,1081,0.985054
7070,1096,0.985163
7080,1031,0.985266
7090,1100,0.985376
7100,1026,0.985479
7110,1057,0.985585
7120,1002,0.985685
7130,1056,0.985790
7140,1077,0.985898
7150,1027,0.986001
7160,951,0.986096
7170,1009,0.986197
7180,997,0.986297
7190,945,0.986391
7200,936,0.986485
7210,944,0.986579
7220,946,0.986674
7230,972,0.986771
7240,930,0.986864
7250,938,0.986958
7260,976,0.987055
7270,961,0.987151
7280,973,0.987249
7290,917,0.987340
7300,908,0.987431
7310,896,0.987521
7320,896,0.987610
7330,929,0.987703
7340,881,0.987791
7350,856,0.987877
7360,860,0.987963
7370,884,0.988051
7380,850,0.988136
7390,881,0.988225
7400,827,0.988307
7410,846,0.988392
7420,902,0.988482
7430,874,0.988569
7440,835,0.988653
7450,847,0.988738
7460,818,0.988819
7470,850,0.988904
7480,806,0.988985
7490,838,0.989069
7500,829,0.989152
7510,790,0.989231
7520,758,0.989307
7530,821,0.989389
7540,733,0.989462
7550,769,0.989539
7560,779,0.989617
7570,743,0.989691
7580,743,0.989765
7590,736,0.989839
7600,752,0.989914
7610,749,0.989989
7620,721,0.990061
7630,737,0.990135
7640,700,0.990205
7650,729,0.990278
7660,791,0.990357
7670,701,0.990427
7680,747,0.990502
7690,674,0.990569
7700,730,0.990642
7710,678,0.990710
7720,670,0.990777
7730,702,0.990847
7740,678,0.990915
7750,686,0.990983
7760,690,0.991052
7770,677,0.991120
7780,726,0.991193
7790,637,0.991256
7800,604,0.991317
7810,690,0.991386
7820,704,0.991456
7830,598,0.991516
7840,625,0.991579
7850,644,0.991643
7860,604,0.991703
7870,633,0.991767
7880,617,0.991828
7890,596,0.991888
7900,649,0.991953
7910,580,0.992011
7920,620,0.992073
7930,594,0.992132
7940,570,0.992189
7950,600,0.992249
7960,552,0.992304
7970,592,0.992364
7980,598,0.992423
7990,550,0.992478
8000,547,0.992533
8010,559,0.992589
8020,543,0.992643
8030,560,0.992699
8040,589,0.992758
8050,566,0.992815
8060,587,0.992873
8070,517,0.992925
8080,566,0.992982
8090,530,0.993035
8100,560,0.993091
8110,544,0.993145
8120,536,0.993199
8130,497,0.993249
8140,543,0.993303
8150,514,0.993354
8160,503,0.993405
8170,489,0.993453
8180,509,0.993504
8190,504,0.993555
8200,502,0.993605
8210,482,0.993653
8220,495,0.993703
8230,532,0.993756
8240,516,0.993807
8250,450,0.993852
8260,441,0.993896
8270,509,0.993947
8280,489,0.993996
8290,447,0.994041
8300,479,0.994089
8310,438,0.994133
8320,474,0.994180
8330,473,0.994227
8340,471,0.994274
8350,453,0.994320
8360,451,0.994365
8370,444,0.994409
8380,473,0.994457
8390,451,0.994502
8400,437,0.994545
8410,408,0.994586
8420,411,0.994627
8430,449,0.994672
8440,415,0.994714
8450,413,0.994755
8460,440,0.994799
8470,445,0.994843
8480,411,0.994885
8490,405,0.994925
8500,432,0.994968
8510,400,0.995008
8520,393,0.995048
8530,398,0.995087
8540,415,0.995129
8550,388,0.995168
8560,412,0.995209
8570,401,0.995249
8580,418,0.995291
8590,401,0.995331
8600,370,0.995368
8610,420,0.995410
8620,362,0.995446
8630,365,0.995483
8640,382,0.995521
8650,332,0.995554
8660,373,0.995591
8670,359,0.995627
8680,344,0.995662
8690,357,0.995697
8700,341,0.995731
8710,327,0.995764
8720,321,0.995796
8730,359,0.995832
8740,341,0.995866
8750,338,0.995900
8760,327,0.995933
8770,336,0.995966
8780,312,0.995997
8790,310,0.996028
8800,321,0.996061
8810,367,0.996097
8820,333,0.996131
8830,299,0.996161
8840,314,0.996192
8850,313,0.996223
8860,282,0.996251
8870,301,0.996282
8880,308,0.996312
8890,292,0.996342
8900,308,0.996372
8910,280,0.996400
8920,293,0.996430
8930,296,0.996459
8940,289,0.996488
8950,300,0.996518
8960,276,0.996546
8970,280,0.996574
8980,287,0.996602
8990,292,0.996632
9000,301,0.996662
9010,291,0.996691
9020,290,0.996720
9030,235,0.996743
9040,268,0.996770
9050,269,0.996797
9060,253,0.996822
9070,239,0.996846
9080,272,0.996873
9090,259,0.996899
9100,260,0.996925
9110,259,0.996951
9120,280,0.996979
9130,273,0.997006
9140,241,0.997031
9150,253,0.997056
9160,229,0.997079
9170,241,0.997103
9180,256,0.997128
9190,202,0.997149
9200,224,0.997171
9210,264,0.997198
9220,261,0.997224
9230,210,0.997245
9240,255,0.997270
9250,219,0.997292
9260,237,0.997316
9270,222,0.997338
9280,209,0.997359
9290,227,0.997382
9300,217,0.997403
9310,232,0.997426
9320,231,0.997450
9330,187,0.997468
9340,217,0.997490
9350,217,0.997512
9360,218,0.997533
9370,197,0.997553
9380,215,0.997575
9390,207,0.997595
9400,196,0.997615
9410,205,0.997635
9420,195,0.997655
9430,183,0.997673
9440,181,0.997691
9450,213,0.997713
9460,198,0.997732
9470,186,0.997751
9480,211,0.997772
9490,197,0.997792
9500,219,0.997814
9510,177,0.997831
9520,204,0.997852
9530,178,0.997870
9540,191,0.997889
9550,186,0.997907
9560,186,0.997926
9570,166,0.997943
9580,181,0.997961
9590,150,0.997976
9600,164,0.997992
9610,177,0.998010
9620,173,0.998027
9630,173,0.998044
9640,184,0.998063
9650,192,0.998082
9660,158,0.998098
9670,163,0.998114
9680,176,0.998132
9690,168,0.998148
9700,159,0.998164
9710,137,0.998178
9720,155,0.998194
9730,145,0.998208
9740,143,0.998222
9750,151,0.998237
9760,147,0.998252
9770,141,0.998266
9780,158,0.998282
9790,153,0.998297
9800,157,0.998313
9810,155,0.998329
9820,149,0.998343
9830,154,0.998359
9840,151,0.998374
9850,148,0.998389
9860,133,0.998402
9870,139,0.998416
9880,150,0.998431
9890,137,0.998445
9900,142,0.998459
9910,130,0.998472
9920,124,0.998484
9930,144,0.998499
9940,141,0.998513
9950,127,0.998525
9960,115,0.998537
9970,144,0.998551
9980,107,0.998562
9990,127,0.998575
10000,109,0.998586
10010,115,0.998597
10020,128,0.998610
10030,122,0.998622
10040,134,0.998635
10050,121,0.998648
10060,131,0.998661
10070,110,0.998672
10080,112,0.998683
10090,131,0.998696
10100,115,0.998707
10110,126,0.998720
10120,106,0.998731
10130,119,0.998743
10140,108,0.998753
10150,100,0.998763
10160,101,0.998774
10170,102,0.998784
10180,98,0.998793
10190,99,0.998803
10200,101,0.998814
10210,95,0.998823
10220,92,0.998832
10230,115,0.998844
10240,116,0.998855
10250,106,0.998866
10260,118,0.998878
10270,86,0.998886
10280,100,0.998896
10290,83,0.998905
10300,83,0.998913
10310,89,0.998922
10320,86,0.998930
10330,108,0.998941
10340,103,0.998951
10350,97,0.998961
10360,83,0.998969
10370,86,0.998978
10380,99,0.998988
10390,99,0.998998
10400,85,0.999006
10410,77,0.999014
10420,85,0.999023
10430,106,0.999033
10440,94,0.999043
10450,76,0.999050
10460,92,0.999059
10470,79,0.999067
10480,66,0.999074
10490,92,0.999083
10500,61,0.999089
10510,75,0.999097
10520,68,0.999103
10530,84,0.999112
10540,65,0.999118
10550,74,0.999126
10560,96,0.999135
10570,81,0.999143
10580,79,0.999151
10590,78,0.999159
10600,58,0.999165
10610,71,0.999172
10620,63,0.999178
10630,67,0.999185
10640,75,0.999193
10650,64,0.999199
10660,66,0.999206
10670,55,0.999211
10680,66,0.999218
10690,77,0.999225
10700,63,0.999232
10710,59,0.999238
10720,59,0.999243
10730,55,0.999249
10740,59,0.999255
10750,60,0.999261
10760,69,0.999268
10770,57,0.999273
10780,56,0.999279
10790,72,0.999286
10800,72,0.999294
10810,61,0.999300
10820,52,0.999305
10830,59,0.999311
10840,51,0.999316
10850,45,0.999320
10860,50,0.999325
10870,55,0.999331
10880,50,0.999336
10890,53,0.999341
10900,52,0.999346
10910,54,0.999352
10920,48,0.999357
10930,69,0.999363
10940,76,0.999371
10950,56,0.999377
10960,52,0.999382
10970,59,0.999388
10980,43,0.999392
10990,44,0.999396
11000,45,0.999401
11010,47,0.999406
11020,43,0.999410
11030,44,0.999414
11040,46,0.999419
11050,38,0.999423
11060,53,0.999428
11070,49,0.999433
11080,51,0.999438
11090,49,0.999443
11100,45,0.999447
11110,52,0.999453
11120,40,0.999457
11130,45,0.999461
11140,38,0.999465
11150,43,0.999469
11160,41,0.999473
11170,43,0.999478
11180,53,0.999483
11190,46,0.999488
11200,40,0.999492
11210,39,0.999495
11220,28,0.999498
11230,36,0.999502
11240,48,0.999507
11250,40,0.999511
11260,30,0.999514
11270,50,0.999519
11280,41,0.999523
11290,36,0.999526
11300,32,0.999529
11310,37,0.999533
11320,46,0.999538
11330,44,0.999542
11340,45,0.999547
11350,39,0.999551
11360,37,0.999554
11370,31,0.999557
11380,34,0.999561
11390,33,0.999564
11400,31,0.999567
11410,31,0.999570
11420,34,0.999574
11430,32,0.999577
11440,33,0.999580
11450,41,0.999584
11460,23,0.999587
11470,37,0.999590
11480,37,0.999594
11490,42,0.999598
11500,29,0.999601
11510,37,0.999605
11520,29,0.999608
11530,24,0.999610
11540,35,0.999614
11550,42,0.999618
11560,23,0.999620
11570,36,0.999624
11580,31,0.999627
11590,38,0.999631
11600,34,0.999634
11610,25,0.999636
11620,36,0.999640
11630,40,0.999644
11640,31,0.999647
11650,24,0.999650
11660,26,0.999652
11670,31,0.999655
11680,24,0.999658
11690,25,0.999660
11700,31,0.999663
11710,45,0.999668
11720,17,0.999669
11730,28,0.999672
11740,25,0.999675
11750,27,0.999677
11760,37,0.999681
11770,27,0.999684
11780,23,0.999686
11790,23,0.999689
11800,19,0.999690
11810,19,0.999692
11820,26,0.999695
11830,26,0.999698
11840,25,0.999700
11850,29,0.999703
11860,22,0.999705
11870,32,0.999708
11880,33,0.999712
11890,18,0.999713
11900,18,0.999715
11910,22,0.999717
11920,18,0.999719
11930,18,0.999721
11940,25,0.999723
11950,17,0.999725
11960,21,0.999727
11970,11,0.999728
11980,13,0.999730
11990,20,0.999732
12000,24,0.999734
12010,18,0.999736
12020,13,0.999737
12030,16,0.999739
12040,16,0.999740
12050,28,0.999743
12060,20,0.999745
12070,24,0.999748
12080,14,0.999749
12090,18,0.999751
12100,19,0.999753
12110,18,0.999754
12120,14,0.999756
12130,22,0.999758
12140,21,0.999760
12150,13,0.999762
12160,16,0.999763
12170,25,0.999766
12180,10,0.999767
12190,20,0.999769
12200,18,0.999770
12210,21,0.999772
12220,11,0.999774
12230,12,0.999775
12240,23,0.999777
12250,18,0.999779
12260,15,0.999780
12270,13,0.999782
12280,15,0.999783
12290,19,0.999785
12300,18,0.999787
12310,14,0.999788
12320,10,0.999789
12330,19,0.999791
12340,11,0.999792
12350,17,0.999794
12360,14,0.999795
12370,22,0.999798
12380,12,0.999799
12390,14,0.999800
12400,18,0.999802
12410,14,0.999803
12420,17,0.999805
12430,15,0.999807
12440,10,0.999808
12450,13,0.999809
12460,17,0.999811
12470,20,0.999813
12480,16,0.999814
12490,19,0.999816
12500,13,0.999817
12510,17,0.999819
12520,9,0.999820
12530,12,0.999821
12540,9,0.999822
12550,12,0.999823
12560,13,0.999825
12570,17,0.999826
12580,11,0.999827
12590,9,0.999828
12600,13,0.999830
12610,12,0.999831
12620,10,0.999832
12630,14,0.999833
12640,9,0.999834
12650,8,0.999835
12660,20,0.999837
12670,14,0.999838
12680,15,0.999840
12690,12,0.999841
12700,8,0.999842
12710,9,0.999843
12720,8,0.999843
12730,8,0.999844
12740,11,0.999845
12750,15,0.999847
12760,15,0.999848
12770,10,0.999849
12780,11,0.999851
12790,8,0.999851
12800,10,0.999852
12810,11,0.999853
12820,6,0.999854
12830,8,0.999855
12840,9,0.999856
12850,13,0.999857
12860,15,0.999858
12870,9,0.999859
12880,8,0.999860
12890,8,0.999861
12900,10,0.999862
12910,15,0.999864
12920,12,0.999865
12930,11,0.999866
12940,11,0.999867
12950,13,0.999868
12960,5,0.999869
12970,9,0.999870
12980,14,0.999871
12990,3,0.999871
13000,12,0.999873
13010,7,0.999873
13020,9,0.999874
13030,12,0.999875
13040,8,0.999876
13050,9,0.999877
13060,6,0.999878
13070,8,0.999878
13080,12,0.999880
13090,8,0.999880
13100,10,0.999881
13110,7,0.999882
13120,8,0.999883
13130,14,0.999884
13140,10,0.999885
13150,9,0.999886
13160,6,0.999887
13170,8,0.999888
13180,11,0.999889
13190,6,0.999889
13200,8,0.999890
13210,9,0.999891
13220,11,0.999892
13230,11,0.999893
13240,6,0.999894
13250,6,0.999894
13260,8,0.999895
13270,5,0.999896
13280,15,0.999897
13290,12,0.999898
13300,10,0.999899
13310,9,0.999900
13320,7,0.999901
13330,12,0.999902
13340,5,0.999903
13350,9,0.999904
13360,5,0.999904
13370,10,0.999905
13380,10,0.999906
13390,7,0.999907
13400,3,0.999907
13410,5,0.999908
13420,4,0.999908
13430,7,0.999909
13440,7,0.999909
13450,5,0.999910
13460,5,0.999910
13470,4,0.999911
13480,6,0.999911
13490,12,0.999913
13500,7,0.999913
13510,5,0.999914
13520,5,0.999914
13530,6,0.999915
13540,9,0.999916
13550,6,0.999916
13560,3,0.999917
13570,7,0.999917
13580,5,0.999918
13590,4,0.999918
13600,5,0.999919
13610,4,0.999919
13620,2,0.999919
13630,2,0.999920
13640,5,0.999920
13650,11,0.999921
13660,8,0.999922
13670,9,0.999923
13680,8,0.999924
13690,1,0.999924
13700,3,0.999924
13710,8,0.999925
13720,8,0.999926
13730,5,0.999926
13740,6,0.999927
13750,4,0.999927
13760,2,0.999927
13770,6,0.999928
13780,5,0.999928
13790,3,0.999929
13800,7,0.999929
13810,4,0.999930
13820,4,0.999930
13830,4,0.999931
13840,8,0.999932
13850,4,0.999932
13860,2,0.999932
13870,4,0.999933
13880,10,0.999933
13890,6,0.999934
13900,7,0.999935
13910,2,0.999935
13920,6,0.999936
13930,8,0.999936
13940,4,0.999937
13950,7,0.999937
13960,7,0.999938
13970,5,0.999939
13980,4,0.999939
13990,4,0.999940
14000,6,0.999940
14010,4,0.999941
14020,6,0.999941
14030,6,0.999942
14040,6,0.999942
14050,8,0.999943
14060,7,0.999944
14070,5,0.999944
14080,5,0.999945
14090,2,0.999945
14100,5,0.999946
14110,1,0.999946
14120,1,0.999946
14130,6,0.999946
14140,3,0.999947
14150,4,0.999947
14160,5,0.999947
14170,5,0.999948
14180,2,0.999948
14190,4,0.999949
14200,9,0.999950
14210,3,0.999950
14220,5,0.999950
14230,2,0.999951
14240,3,0.999951
14250,2,0.999951
14260,4,0.999951
14270,3,0.999952
14280,2,0.999952
14290,4,0.999952
14300,10,0.999953
14310,3,0.999954
14320,3,0.999954
14330,1,0.999954
14340,4,0.999954
14350,3,0.999955
14360,1,0.999955
14370,1,0.999955
14380,1,0.999955
14390,4,0.999955
14400,9,0.999956
14410,6,0.999957
14420,8,0.999958
14430,5,0.999958
14440,5,0.999959
14450,3,0.999959
14460,4,0.999959
14470,8,0.999960
14480,2,0.999960
14510,6,0.999961
14520,1,0.999961
14530,4,0.999961
14540,5,0.999962
14550,3,0.999962
14560,5,0.999963
14570,4,0.999963
14580,4,0.999964
14590,3,0.999964
14600,1,0.999964
14610,5,0.999964
14620,2,0.999965
14630,5,0.999965
14640,3,0.999965
14660,6,0.999966
14670,5,0.999967
14680,2,0.999967
14700,5,0.999967
14720,2,0.999968
14730,3,0.999968
14740,3,0.999968
14750,4,0.999969
14760,3,0.999969
14770,2,0.999969
14780,2,0.999969
14790,3,0.999969
14800,1,0.999970
14810,4,0.999970
14820,3,0.999970
14830,2,0.999970
14840,3,0.999971
14850,1,0.999971
14860,1,0.999971
14870,1,0.999971
14880,3,0.999971
14890,6,0.999972
14900,2,0.999972
14910,4,0.999973
14920,3,0.999973
14930,3,0.999973
14940,3,0.999973
14960,1,0.999974
14970,1,0.999974
14980,3,0.999974
14990,4,0.999974
15000,2,0.999975
15010,2,0.999975
15020,4,0.999975
15030,3,0.999976
15040,3,0.999976
15050,1,0.999976
15060,3,0.999976
15070,2,0.999976
15080,3,0.999977
15090,5,0.999977
15100,5,0.999978
15110,2,0.999978
15120,2,0.999978
15140,1,0.999978
15150,3,0.999978
15160,2,0.999979
15170,3,0.999979
15180,4,0.999979
15190,2,0.999980
15200,1,0.999980
15210,2,0.999980
15220,1,0.999980
15230,1,0.999980
15240,1,0.999980
15250,1,0.999980
15260,2,0.999981
15270,2,0.999981
15280,1,0.999981
15290,2,0.999981
15300,2,0.999981
15310,2,0.999981
15330,1,0.999982
15340,1,0.999982
15350,2,0.999982
15370,1,0.999982
15390,4,0.999982
15400,4,0.999983
15410,2,0.999983
15420,2,0.999983
15430,3,0.999983
15450,1,0.999983
15460,3,0.999984
15470,2,0.999984
15500,1,0.999984
15510,3,0.999984
15520,2,0.999985
15530,2,0.999985
15540,2,0.999985
15550,2,0.999985
15560,2,0.999985
15580,2,0.999986
15590,2,0.999986
15600,3,0.999986
15610,1,0.999986
15640,1,0.999986
15650,1,0.999986
15660,2,0.999987
15680,2,0.999987
15710,2,0.999987
15720,3,0.999987
15730,1,0.999987
15740,1,0.999987
15750,3,0.999988
15790,2,0.999988
15800,1,0.999988
15820,2,0.999988
15830,2,0.999988
15850,1,0.999989
15860,1,0.999989
15870,1,0.999989
15880,1,0.999989
15900,1,0.999989
15910,1,0.999989
15920,3,0.999989
15940,1,0.999990
15950,1,0.999990
16000,1,0.999990
16010,2,0.999990
16020,1,0.999990
16040,3,0.999990
16060,1,0.999990
16070,3,0.999991
16080,1,0.999991
16090,1,0.999991
16140,3,0.999991
16170,2,0.999991
16180,1,0.999991
16190,2,0.999992
16200,1,0.999992
16210,3,0.999992
16240,1,0.999992
16270,3,0.999992
16280,1,0.999993
16290,2,0.999993
16320,1,0.999993
16370,1,0.999993
16390,1,0.999993
16400,1,0.999993
16450,2,0.999993
16470,1,0.999994
16490,1,0.999994
16500,1,0.999994
16510,1,0.999994
16530,1,0.999994
16550,1,0.999994
16560,1,0.999994
16570,2,0.999994
16600,2,0.999995
16640,3,0.999995
16660,2,0.999995
16670,1,0.999995
16680,2,0.999995
16720,2,0.999996
16740,1,0.999996
16780,1,0.999996
16840,1,0.999996
16870,1,0.999996
16880,1,0.999996
16920,1,0.999996
16940,2,0.999996
16980,1,0.999996
16990,1,0.999996
17140,2,0.999997
17180,2,0.999997
17190,1,0.999997
17240,1,0.999997
17350,1,0.999997
17360,1,0.999997
17390,1,0.999997
17400,1,0.999997
17420,1,0.999998
17440,2,0.999998
17550,2,0.999998
17570,1,0.999998
17590,1,0.999998
17680,1,0.999998
17790,1,0.999998
17900,1,0.999999
17910,1,0.999999
17940,1,0.999999
17950,1,0.999999
17960,1,0.999999
17970,2,0.999999
18110,1,0.999999
18180,1,0.999999
18190,1,0.999999
18270,1,1.000000
18470,1,1.000000
18750,1,1.000000
18870,1,1.000000
19080,1,1.000000
19150,1,1.000000
