#latency,cnt,cdf
0,1,0.000000
10,20,0.000010
20,31,0.000026
30,8529,0.004291
40,11529,0.010055
50,783,0.010447
60,194,0.010544
70,2544,0.011816
80,10987,0.017309
90,17404,0.026011
100,2372,0.027197
110,162114,0.108254
120,417573,0.317041
130,41035,0.337558
140,22646,0.348881
150,511544,0.604653
160,12528,0.610917
170,14000,0.617917
180,70993,0.653413
190,130018,0.718422
200,361753,0.899299
210,87969,0.943283
220,90627,0.988597
230,2316,0.989755
240,1054,0.990282
250,1190,0.990877
260,1316,0.991535
270,160,0.991615
280,71,0.991651
290,248,0.991774
300,119,0.991834
310,132,0.991900
320,173,0.991987
330,2812,0.993393
340,3612,0.995198
350,5382,0.997890
360,1101,0.998440
370,716,0.998798
380,45,0.998820
390,41,0.998841
400,28,0.998855
410,35,0.998873
420,24,0.998884
430,36,0.998902
440,16,0.998910
450,20,0.998921
460,13,0.998927
470,19,0.998936
480,16,0.998945
490,14,0.998951
500,17,0.998960
510,16,0.998968
520,19,0.998977
530,19,0.998987
540,12,0.998993
550,15,0.999000
560,15,0.999008
570,15,0.999016
580,18,0.999025
590,10,0.999030
600,11,0.999035
610,9,0.999039
620,10,0.999044
630,7,0.999048
640,15,0.999056
650,16,0.999063
660,4,0.999066
670,11,0.999071
680,8,0.999075
690,8,0.999079
700,13,0.999085
710,10,0.999090
720,13,0.999097
730,8,0.999101
740,7,0.999104
750,10,0.999110
760,15,0.999117
770,10,0.999122
780,15,0.999129
790,10,0.999134
800,7,0.999138
810,9,0.999143
820,11,0.999148
830,12,0.999154
840,9,0.999159
850,7,0.999162
860,13,0.999169
870,11,0.999174
880,12,0.999180
890,8,0.999184
900,13,0.999191
910,7,0.999194
920,3,0.999196
930,6,0.999198
940,5,0.999201
950,4,0.999203
960,11,0.999209
970,6,0.999211
980,4,0.999214
990,4,0.999215
1000,1,0.999216
1010,4,0.999218
1020,5,0.999220
1030,2,0.999222
1040,2,0.999223
1050,2,0.999223
1060,4,0.999225
1070,4,0.999228
1080,10,0.999232
1090,4,0.999234
1100,6,0.999237
1110,4,0.999240
1120,6,0.999242
1130,7,0.999246
1140,6,0.999249
1150,1,0.999250
1160,6,0.999252
1170,4,0.999255
1180,4,0.999256
1190,5,0.999259
1200,6,0.999262
1210,4,0.999264
1220,5,0.999267
1230,6,0.999269
1240,1,0.999270
1250,5,0.999273
1260,2,0.999273
1270,3,0.999275
1280,5,0.999277
1290,3,0.999279
1300,4,0.999281
1310,5,0.999283
1320,4,0.999286
1330,1,0.999286
1340,3,0.999287
1350,1,0.999288
1360,4,0.999290
1370,4,0.999292
1380,1,0.999292
1390,3,0.999294
1400,5,0.999296
1410,5,0.999299
1420,3,0.999300
1430,3,0.999302
1440,3,0.999304
1450,4,0.999305
1460,5,0.999308
1470,6,0.999311
1480,5,0.999313
1490,2,0.999314
1500,3,0.999316
1520,5,0.999318
1530,3,0.999320
1540,1,0.999321
1550,4,0.999322
1560,5,0.999325
1570,5,0.999327
1580,5,0.999330
1590,6,0.999333
1600,6,0.999336
1610,6,0.999339
1620,7,0.999343
1630,3,0.999344
1640,4,0.999346
1650,2,0.999347
1660,3,0.999349
1680,3,0.999350
1690,2,0.999351
1700,3,0.999353
1710,9,0.999357
1720,3,0.999358
1730,4,0.999361
1740,3,0.999362
1750,3,0.999363
1760,7,0.999367
1780,1,0.999367
1790,5,0.999370
1800,5,0.999372
1810,2,0.999373
1820,7,0.999377
1830,2,0.999378
1840,17,0.999386
1850,9,0.999391
1860,11,0.999397
1870,19,0.999406
1880,45,0.999429
1890,62,0.999460
1900,94,0.999506
1910,21,0.999517
1920,19,0.999527
1930,13,0.999533
1940,7,0.999537
1950,3,0.999538
1960,2,0.999539
1970,4,0.999541
1980,10,0.999546
1990,10,0.999551
2000,5,0.999554
2010,6,0.999556
2020,3,0.999558
2030,15,0.999565
2040,10,0.999570
2050,6,0.999574
2060,3,0.999575
2070,5,0.999578
2080,4,0.999579
2090,1,0.999580
2100,3,0.999582
2110,2,0.999583
2120,3,0.999584
2130,3,0.999586
2140,4,0.999587
2150,6,0.999591
2160,7,0.999594
2180,2,0.999595
2190,4,0.999597
2210,5,0.999600
2220,1,0.999600
2230,2,0.999601
2240,4,0.999603
2250,1,0.999604
2270,2,0.999605
2280,2,0.999605
2290,6,0.999609
2300,5,0.999611
2310,3,0.999613
2320,3,0.999614
2330,4,0.999616
2340,1,0.999617
2350,3,0.999618
2360,3,0.999619
2370,3,0.999621
2380,3,0.999623
2390,4,0.999624
2400,4,0.999627
2410,5,0.999629
2420,3,0.999631
2430,4,0.999632
2440,1,0.999633
2450,2,0.999634
2460,3,0.999636
2470,4,0.999637
2480,5,0.999640
2490,1,0.999641
2500,5,0.999643
2510,5,0.999645
2520,5,0.999648
2530,7,0.999651
2540,3,0.999653
2550,3,0.999654
2560,2,0.999655
2570,3,0.999657
2580,5,0.999659
2590,4,0.999662
2600,2,0.999663
2610,5,0.999665
2620,3,0.999667
2630,6,0.999669
2640,2,0.999671
2650,1,0.999671
2660,2,0.999672
2670,2,0.999673
2680,2,0.999674
2690,7,0.999677
2700,3,0.999679
2710,1,0.999680
2730,3,0.999681
2740,3,0.999682
2750,4,0.999685
2760,1,0.999685
2770,3,0.999686
2800,3,0.999688
2810,2,0.999689
2820,2,0.999690
2830,4,0.999692
2840,4,0.999694
2850,3,0.999695
2860,4,0.999698
2870,2,0.999699
2880,2,0.999699
2890,1,0.999700
2900,1,0.999700
2910,5,0.999703
2920,3,0.999704
2930,3,0.999706
2940,2,0.999707
2950,3,0.999708
2960,3,0.999710
2970,6,0.999713
2980,3,0.999714
2990,4,0.999717
3000,1,0.999717
3010,2,0.999718
3020,3,0.999720
3030,2,0.999721
3040,5,0.999723
3050,4,0.999725
3060,2,0.999726
3070,1,0.999726
3080,3,0.999728
3100,2,0.999729
3110,3,0.999731
3120,1,0.999731
3140,2,0.999732
3150,2,0.999733
3160,2,0.999734
3170,2,0.999735
3180,3,0.999736
3190,1,0.999737
3200,5,0.999740
3210,2,0.999740
3220,4,0.999743
3230,3,0.999744
3240,1,0.999744
3250,2,0.999745
3260,2,0.999747
3270,6,0.999749
3280,5,0.999752
3290,2,0.999753
3300,1,0.999753
3310,3,0.999755
3320,1,0.999756
3330,1,0.999756
3340,4,0.999758
3350,1,0.999758
3360,3,0.999760
3370,5,0.999762
3380,3,0.999764
3390,3,0.999766
3400,3,0.999767
3410,3,0.999768
3420,3,0.999770
3430,1,0.999771
3440,2,0.999771
3450,5,0.999774
3460,5,0.999776
3470,1,0.999777
3480,3,0.999779
3490,1,0.999779
3500,1,0.999780
3510,2,0.999780
3520,1,0.999781
3530,2,0.999782
3540,1,0.999783
3560,2,0.999784
3570,1,0.999784
3580,1,0.999785
3590,1,0.999785
3610,2,0.999786
3630,2,0.999787
3640,1,0.999788
3650,4,0.999789
3660,1,0.999790
3680,1,0.999790
3690,3,0.999792
3700,1,0.999793
3710,2,0.999794
3720,1,0.999794
3730,4,0.999796
3740,3,0.999798
3760,1,0.999798
3780,1,0.999798
3800,2,0.999799
3810,2,0.999801
3830,1,0.999801
3840,1,0.999802
3860,1,0.999802
3870,1,0.999802
3920,1,0.999803
3960,1,0.999803
3980,2,0.999804
3990,1,0.999805
4000,1,0.999806
4010,1,0.999806
4030,1,0.999807
4050,2,0.999807
4080,1,0.999808
4090,1,0.999808
4110,1,0.999809
4120,1,0.999810
4180,1,0.999810
4190,1,0.999811
4200,1,0.999811
4280,1,0.999811
4320,3,0.999813
4330,1,0.999813
4410,1,0.999814
4590,1,0.999815
4650,1,0.999815
4690,1,0.999816
4710,19,0.999825
4720,1,0.999825
4730,2,0.999826
4740,5,0.999829
4750,4,0.999831
4760,1,0.999831
4770,1,0.999832
4780,6,0.999835
4790,10,0.999840
4800,3,0.999842
4810,3,0.999843
4820,10,0.999848
4830,7,0.999852
4840,11,0.999857
4850,4,0.999859
4860,9,0.999864
4870,29,0.999878
4880,20,0.999888
4890,9,0.999892
4900,12,0.999898
4910,8,0.999902
4920,11,0.999908
4930,8,0.999912
4940,7,0.999915
4950,16,0.999924
4960,10,0.999928
4970,2,0.999929
4980,18,0.999938
4990,9,0.999943
5000,10,0.999948
5010,15,0.999955
5020,13,0.999962
5030,2,0.999963
5040,10,0.999968
5050,11,0.999973
5070,4,0.999976
5080,2,0.999977
5090,6,0.999979
5100,4,0.999982
5110,3,0.999983
5120,5,0.999986
5130,3,0.999987
5150,1,0.999987
5170,2,0.999988
5180,3,0.999990
5190,1,0.999991
5200,1,0.999991
5210,1,0.999991
5220,1,0.999992
5230,4,0.999994
5240,9,0.999999
5250,1,0.999999
5370,1,1.000000
5390,1,1.000000
