#latency,cnt,cdf
0,198163,0.099082
10,5641,0.101902
20,215,0.102009
30,77,0.102048
40,6134,0.105115
50,1799,0.106014
60,84,0.106056
70,976,0.106545
80,6179,0.109634
90,8785,0.114027
100,955,0.114504
110,134039,0.181524
120,380470,0.371758
130,21795,0.382656
140,14942,0.390127
150,442892,0.611573
160,8975,0.616060
170,1091,0.616606
180,52860,0.643036
190,60832,0.673452
200,440653,0.893779
210,44613,0.916085
220,45110,0.938640
230,2891,0.940085
240,35549,0.957860
250,68995,0.992357
260,1349,0.993032
270,415,0.993240
280,328,0.993403
290,198,0.993502
300,198,0.993602
310,156,0.993680
320,174,0.993766
330,121,0.993827
340,125,0.993890
350,137,0.993958
360,77,0.993997
370,60,0.994026
380,989,0.994521
390,2488,0.995765
400,137,0.995834
410,45,0.995856
420,57,0.995884
430,61,0.995915
440,54,0.995942
450,62,0.995973
460,63,0.996005
470,46,0.996028
480,61,0.996058
490,61,0.996089
500,61,0.996119
510,82,0.996160
520,83,0.996202
530,78,0.996240
540,80,0.996280
550,103,0.996332
560,99,0.996382
570,66,0.996414
580,92,0.996460
590,95,0.996508
600,98,0.996557
610,85,0.996599
620,88,0.996643
630,60,0.996674
640,58,0.996702
650,59,0.996732
660,56,0.996760
670,50,0.996785
680,47,0.996809
690,48,0.996832
700,46,0.996855
710,40,0.996876
720,32,0.996891
730,39,0.996911
740,30,0.996926
750,40,0.996946
760,28,0.996960
770,27,0.996974
780,31,0.996989
790,29,0.997003
800,28,0.997018
810,22,0.997029
820,34,0.997046
830,30,0.997060
840,30,0.997075
850,24,0.997087
860,27,0.997101
870,27,0.997114
880,37,0.997133
890,52,0.997159
900,47,0.997182
910,58,0.997212
920,89,0.997256
930,71,0.997292
940,58,0.997320
950,63,0.997352
960,81,0.997392
970,85,0.997435
980,77,0.997473
990,73,0.997510
1000,90,0.997555
1010,75,0.997593
1020,99,0.997642
1030,59,0.997671
1040,62,0.997702
1050,42,0.997724
1060,37,0.997742
1070,30,0.997757
1080,39,0.997777
1090,33,0.997793
1100,26,0.997806
1110,29,0.997820
1120,19,0.997830
1130,18,0.997839
1140,17,0.997847
1150,18,0.997856
1160,19,0.997866
1170,14,0.997873
1180,14,0.997880
1190,15,0.997887
1200,13,0.997894
1210,6,0.997897
1220,9,0.997901
1230,17,0.997910
1240,12,0.997916
1250,14,0.997923
1260,6,0.997926
1270,15,0.997934
1280,8,0.997938
1290,6,0.997940
1300,7,0.997944
1310,10,0.997949
1320,7,0.997953
1330,5,0.997955
1340,6,0.997958
1350,11,0.997963
1360,8,0.997967
1370,13,0.997974
1380,8,0.997978
1390,10,0.997983
1400,4,0.997985
1410,5,0.997988
1420,8,0.997992
1430,11,0.997997
1440,9,0.998002
1450,5,0.998004
1460,6,0.998007
1470,6,0.998010
1480,9,0.998015
1490,4,0.998016
1500,12,0.998022
1510,4,0.998025
1520,7,0.998028
1530,10,0.998033
1540,8,0.998037
1550,6,0.998040
1560,6,0.998043
1570,2,0.998044
1580,5,0.998047
1590,5,0.998049
1600,3,0.998051
1610,5,0.998053
1620,6,0.998056
1630,8,0.998060
1640,6,0.998063
1650,8,0.998067
1660,8,0.998071
1670,9,0.998075
1680,9,0.998080
1690,13,0.998087
1700,18,0.998096
1710,4,0.998097
1720,7,0.998101
1730,10,0.998106
1740,11,0.998111
1750,6,0.998115
1760,13,0.998121
1770,6,0.998124
1780,15,0.998132
1790,43,0.998153
1800,77,0.998191
1810,79,0.998231
1820,232,0.998347
1830,155,0.998424
1840,286,0.998568
1850,130,0.998632
1860,69,0.998667
1870,30,0.998682
1880,21,0.998693
1890,14,0.998699
1900,9,0.998704
1910,8,0.998708
1920,18,0.998717
1930,106,0.998770
1940,90,0.998815
1950,109,0.998869
1960,117,0.998928
1970,75,0.998966
1980,86,0.999008
1990,40,0.999029
2000,18,0.999038
2010,55,0.999065
2020,24,0.999077
2030,11,0.999083
2040,14,0.999089
2050,4,0.999092
2060,5,0.999094
2070,2,0.999095
2080,4,0.999097
2090,3,0.999098
2100,7,0.999102
2110,9,0.999107
2120,17,0.999115
2130,5,0.999117
2140,7,0.999121
2150,5,0.999124
2160,10,0.999129
2170,2,0.999129
2180,7,0.999133
2190,8,0.999137
2200,12,0.999143
2210,47,0.999166
2220,24,0.999179
2230,17,0.999187
2240,9,0.999192
2250,7,0.999195
2260,7,0.999198
2270,8,0.999202
2280,3,0.999204
2290,5,0.999206
2300,7,0.999210
2310,7,0.999214
2320,14,0.999220
2330,13,0.999227
2340,46,0.999250
2350,5,0.999252
2360,13,0.999259
2370,10,0.999264
2380,10,0.999269
2390,6,0.999272
2400,5,0.999274
2410,5,0.999277
2420,5,0.999279
2430,6,0.999282
2440,14,0.999290
2450,4,0.999291
2460,8,0.999295
2470,9,0.999300
2480,13,0.999306
2490,11,0.999312
2500,9,0.999317
2510,22,0.999327
2520,9,0.999332
2530,21,0.999343
2540,9,0.999347
2550,3,0.999349
2560,3,0.999350
2570,6,0.999353
2580,4,0.999355
2600,2,0.999356
2610,6,0.999359
2630,2,0.999360
2640,4,0.999362
2650,3,0.999363
2660,2,0.999364
2670,4,0.999367
2680,4,0.999368
2700,4,0.999371
2710,3,0.999372
2730,2,0.999373
2750,1,0.999373
2760,2,0.999375
2770,2,0.999376
2780,3,0.999377
2800,7,0.999381
2810,3,0.999382
2820,2,0.999383
2830,1,0.999384
2840,4,0.999385
2850,4,0.999388
2860,3,0.999389
2870,3,0.999390
2880,8,0.999394
2890,4,0.999397
2900,3,0.999398
2910,3,0.999399
2920,2,0.999400
2930,5,0.999403
2940,7,0.999407
2950,4,0.999408
2960,3,0.999410
2970,7,0.999413
2980,2,0.999415
2990,6,0.999417
3000,3,0.999419
3010,2,0.999420
3020,1,0.999421
3030,2,0.999421
3040,1,0.999422
3050,4,0.999424
3060,2,0.999425
3070,6,0.999428
3080,6,0.999431
3090,2,0.999432
3100,4,0.999434
3110,5,0.999436
3120,4,0.999439
3130,3,0.999440
3140,4,0.999442
3150,4,0.999444
3160,4,0.999446
3170,5,0.999448
3180,6,0.999452
3190,3,0.999453
3200,3,0.999454
3210,2,0.999456
3220,9,0.999460
3230,5,0.999462
3240,2,0.999463
3250,10,0.999469
3260,1,0.999469
3270,4,0.999471
3280,8,0.999475
3290,2,0.999476
3300,4,0.999478
3310,4,0.999480
3320,7,0.999484
3330,3,0.999485
3340,9,0.999489
3350,9,0.999494
3360,7,0.999497
3370,10,0.999502
3380,8,0.999506
3390,8,0.999511
3400,9,0.999515
3410,4,0.999517
3420,7,0.999520
3430,8,0.999524
3440,7,0.999528
3450,8,0.999532
3460,4,0.999534
3470,7,0.999538
3480,4,0.999539
3490,6,0.999542
3500,9,0.999547
3510,4,0.999549
3520,6,0.999552
3530,8,0.999556
3540,4,0.999558
3550,9,0.999563
3560,9,0.999567
3570,3,0.999569
3580,9,0.999573
3590,9,0.999578
3600,8,0.999582
3610,8,0.999586
3620,4,0.999587
3630,8,0.999592
3640,6,0.999595
3650,4,0.999596
3660,8,0.999601
3670,3,0.999602
3680,8,0.999606
3690,6,0.999609
3700,5,0.999611
3710,3,0.999613
3720,6,0.999616
3730,3,0.999618
3740,6,0.999620
3750,6,0.999623
3760,5,0.999626
3770,8,0.999630
3780,5,0.999632
3790,7,0.999636
3800,3,0.999637
3810,6,0.999641
3820,4,0.999642
3830,6,0.999645
3840,1,0.999646
3850,2,0.999647
3860,3,0.999649
3870,4,0.999650
3880,3,0.999652
3890,2,0.999653
3900,8,0.999657
3910,2,0.999658
3920,2,0.999659
3930,5,0.999662
3940,2,0.999663
3960,1,0.999663
3970,1,0.999663
3980,4,0.999665
3990,1,0.999666
4000,2,0.999667
4020,3,0.999668
4030,4,0.999671
4040,3,0.999672
4060,1,0.999672
4070,2,0.999673
4080,2,0.999674
4090,3,0.999676
4100,7,0.999680
4110,2,0.999681
4120,3,0.999682
4130,4,0.999684
4140,3,0.999686
4150,4,0.999687
4160,2,0.999689
4170,4,0.999690
4180,3,0.999692
4190,1,0.999692
4210,4,0.999695
4220,1,0.999695
4240,2,0.999696
4260,2,0.999697
4270,2,0.999698
4280,3,0.999699
4290,1,0.999700
4300,3,0.999701
4310,2,0.999703
4320,3,0.999704
4330,2,0.999705
4340,3,0.999707
4350,2,0.999708
4370,7,0.999711
4380,5,0.999713
4390,2,0.999714
4400,3,0.999716
4410,3,0.999717
4420,2,0.999718
4430,2,0.999720
4440,4,0.999722
4450,3,0.999723
4460,4,0.999725
4470,3,0.999726
4500,2,0.999727
4510,1,0.999728
4520,3,0.999730
4530,7,0.999733
4540,3,0.999735
4550,5,0.999737
4560,3,0.999739
4570,6,0.999741
4580,8,0.999745
4590,13,0.999752
4600,6,0.999755
4610,4,0.999757
4620,12,0.999763
4630,8,0.999767
4640,3,0.999768
4650,9,0.999773
4660,8,0.999777
4670,2,0.999778
4680,3,0.999780
4690,4,0.999781
4700,4,0.999784
4710,5,0.999786
4720,6,0.999789
4730,4,0.999791
4740,7,0.999794
4750,4,0.999797
4760,3,0.999798
4770,9,0.999802
4780,8,0.999807
4790,3,0.999808
4800,9,0.999812
4810,6,0.999816
4820,5,0.999818
4830,6,0.999821
4840,8,0.999825
4850,8,0.999829
4860,7,0.999833
4870,7,0.999836
4880,7,0.999839
4890,5,0.999842
4900,6,0.999845
4910,11,0.999851
4920,5,0.999853
4930,10,0.999858
4940,12,0.999864
4950,4,0.999866
4960,4,0.999868
4970,5,0.999870
4980,7,0.999874
4990,7,0.999878
5000,9,0.999882
5010,7,0.999885
5020,5,0.999888
5030,2,0.999889
5040,7,0.999892
5050,3,0.999894
5060,6,0.999897
5070,8,0.999901
5080,7,0.999905
5090,4,0.999906
5100,7,0.999910
5110,5,0.999913
5120,1,0.999913
5130,3,0.999915
5140,3,0.999916
5160,3,0.999918
5170,1,0.999918
5180,4,0.999920
5190,2,0.999921
5200,2,0.999922
5210,3,0.999924
5220,2,0.999924
5230,2,0.999925
5240,2,0.999927
5250,1,0.999927
5260,5,0.999929
5270,1,0.999930
5280,1,0.999931
5290,4,0.999933
5300,1,0.999933
5310,3,0.999934
5320,2,0.999936
5330,4,0.999937
5340,1,0.999938
5350,3,0.999940
5360,1,0.999940
5370,3,0.999942
5380,5,0.999944
5390,1,0.999945
5400,1,0.999945
5420,4,0.999947
5430,8,0.999951
5440,3,0.999952
5450,1,0.999953
5470,1,0.999954
5490,3,0.999955
5500,1,0.999955
5510,1,0.999956
5520,4,0.999958
5540,3,0.999960
5550,3,0.999961
5560,1,0.999961
5570,2,0.999963
5580,2,0.999964
5590,1,0.999964
5610,1,0.999964
5620,1,0.999965
5630,2,0.999966
5650,1,0.999967
5660,1,0.999967
5670,3,0.999969
5680,1,0.999969
5690,2,0.999970
5700,4,0.999972
5710,1,0.999973
5720,3,0.999974
5740,1,0.999974
5750,1,0.999975
5770,1,0.999976
5790,4,0.999978
5810,3,0.999979
5830,3,0.999981
5850,1,0.999981
5860,1,0.999982
5900,3,0.999983
5950,2,0.999984
5970,3,0.999986
5990,4,0.999987
6010,2,0.999988
6020,1,0.999989
6040,1,0.999990
6050,1,0.999990
6100,1,0.999991
6110,1,0.999991
6120,1,0.999991
6130,1,0.999992
6150,1,0.999992
6200,1,0.999993
6210,1,0.999994
6220,2,0.999995
6280,1,0.999995
6340,1,0.999996
6440,1,0.999996
6460,1,0.999996
6690,1,0.999997
6700,1,0.999997
6720,1,0.999998
7420,1,0.999999
8490,1,0.999999
9600,1,1.000000
10310,1,1.000000
