#latency,cnt,cdf
0,1646925,0.173412
10,70881,0.180876
20,7495,0.181665
30,1448,0.181817
40,304,0.181849
50,78960,0.190163
60,152341,0.206204
70,168901,0.223988
80,153512,0.240152
90,93670,0.250015
100,106443,0.261223
110,206592,0.282976
120,137558,0.297460
130,109644,0.309005
140,88268,0.318299
150,83595,0.327101
160,105155,0.338173
170,106274,0.349364
180,134949,0.363573
190,102540,0.374370
200,88936,0.383734
210,85690,0.392757
220,102713,0.403572
230,103975,0.414520
240,87859,0.423771
250,84505,0.432669
260,83657,0.441478
270,82072,0.450119
280,79483,0.458489
290,77904,0.466691
300,76110,0.474705
310,75103,0.482613
320,73599,0.490363
330,72356,0.497982
340,70440,0.505399
350,68177,0.512577
360,67358,0.519670
370,65961,0.526615
380,64372,0.533393
390,62835,0.540009
400,61910,0.546528
410,60405,0.552888
420,59427,0.559146
430,58207,0.565274
440,56961,0.571272
450,56120,0.577181
460,54647,0.582935
470,53720,0.588592
480,52668,0.594137
490,51938,0.599606
500,50662,0.604941
510,49673,0.610171
520,48778,0.615307
530,47882,0.620349
540,46763,0.625273
550,46096,0.630126
560,45294,0.634895
570,44650,0.639597
580,43811,0.644210
590,43188,0.648757
600,41886,0.653168
610,41462,0.657533
620,40324,0.661779
630,39893,0.665980
640,39011,0.670087
650,38284,0.674119
660,37376,0.678054
670,37075,0.681958
680,35830,0.685730
690,36080,0.689529
700,35132,0.693229
710,34437,0.696855
720,34120,0.700447
730,33254,0.703949
740,32590,0.707380
750,32080,0.710758
760,31991,0.714127
770,31128,0.717404
780,30656,0.720632
790,30589,0.723853
800,29375,0.726946
810,29189,0.730020
820,28700,0.733042
830,28267,0.736018
840,27760,0.738941
850,27114,0.741796
860,26942,0.744633
870,26119,0.747383
880,25670,0.750086
890,25304,0.752750
900,25109,0.755394
910,24809,0.758006
920,24252,0.760560
930,23981,0.763085
940,23476,0.765557
950,23262,0.768006
960,22866,0.770414
970,22337,0.772766
980,22131,0.775096
990,21682,0.777379
1000,21592,0.779653
1010,20971,0.781861
1020,20793,0.784050
1030,20493,0.786208
1040,20178,0.788332
1050,19893,0.790427
1060,19692,0.792501
1070,19191,0.794521
1080,19103,0.796533
1090,18955,0.798529
1100,18464,0.800473
1110,18167,0.802386
1120,17905,0.804271
1130,17652,0.806130
1140,17481,0.807970
1150,17276,0.809789
1160,17108,0.811591
1170,16739,0.813353
1180,16535,0.815094
1190,16308,0.816811
1200,16290,0.818527
1210,15908,0.820202
1220,15795,0.821865
1230,15591,0.823506
1240,15197,0.825107
1250,15029,0.826689
1260,14868,0.828255
1270,14687,0.829801
1280,14348,0.831312
1290,14169,0.832804
1300,13975,0.834275
1310,13906,0.835739
1320,13817,0.837194
1330,13472,0.838613
1340,13387,0.840022
1350,13060,0.841398
1360,13103,0.842777
1370,12917,0.844137
1380,12562,0.845460
1390,12611,0.846788
1400,12369,0.848090
1410,12302,0.849386
1420,12089,0.850659
1430,11932,0.851915
1440,11798,0.853157
1450,11656,0.854384
1460,11490,0.855594
1470,11477,0.856803
1480,11224,0.857985
1490,10980,0.859141
1500,10877,0.860286
1510,10787,0.861422
1520,10795,0.862558
1530,10542,0.863669
1540,10425,0.864766
1550,10374,0.865858
1560,10150,0.866927
1570,9953,0.867975
1580,10002,0.869028
1590,9830,0.870063
1600,9921,0.871108
1610,9832,0.872143
1620,9710,0.873166
1630,9440,0.874160
1640,9246,0.875133
1650,9232,0.876105
1660,9103,0.877064
1670,9012,0.878013
1680,8928,0.878953
1690,8663,0.879865
1700,8613,0.880772
1710,8621,0.881680
1720,8577,0.882583
1730,8487,0.883476
1740,8475,0.884369
1750,8466,0.885260
1760,8190,0.886123
1770,8269,0.886993
1780,8105,0.887847
1790,7967,0.888686
1800,7905,0.889518
1810,8042,0.890365
1820,7870,0.891193
1830,7751,0.892009
1840,7577,0.892807
1850,7462,0.893593
1860,7506,0.894383
1870,7362,0.895158
1880,7319,0.895929
1890,7206,0.896688
1900,7289,0.897455
1910,7104,0.898203
1920,6899,0.898930
1930,6911,0.899657
1940,6880,0.900382
1950,6845,0.901103
1960,6750,0.901813
1970,6623,0.902511
1980,6549,0.903200
1990,6553,0.903890
2000,6655,0.904591
2010,6539,0.905280
2020,6429,0.905957
2030,6356,0.906626
2040,6378,0.907297
2050,6184,0.907948
2060,6139,0.908595
2070,6134,0.909241
2080,6137,0.909887
2090,6039,0.910523
2100,6001,0.911155
2110,5963,0.911783
2120,5898,0.912404
2130,5797,0.913014
2140,5943,0.913640
2150,5781,0.914248
2160,5588,0.914837
2170,5614,0.915428
2180,5555,0.916013
2190,5559,0.916598
2200,5503,0.917178
2210,5326,0.917738
2220,5342,0.918301
2230,5260,0.918855
2240,5296,0.919412
2250,5214,0.919961
2260,5317,0.920521
2270,5119,0.921060
2280,5201,0.921608
2290,5100,0.922145
2300,4961,0.922667
2310,4970,0.923191
2320,4837,0.923700
2330,4756,0.924201
2340,4857,0.924712
2350,4791,0.925217
2360,4756,0.925717
2370,4842,0.926227
2380,4685,0.926720
2390,4751,0.927221
2400,4646,0.927710
2410,4576,0.928192
2420,4534,0.928669
2430,4538,0.929147
2440,4514,0.929622
2450,4439,0.930090
2460,4491,0.930563
2470,4327,0.931018
2480,4372,0.931479
2490,4231,0.931924
2500,4380,0.932385
2510,4231,0.932831
2520,4238,0.933277
2530,4242,0.933724
2540,4192,0.934165
2550,4239,0.934611
2560,4058,0.935039
2570,3984,0.935458
2580,4177,0.935898
2590,4056,0.936325
2600,3955,0.936741
2610,3992,0.937162
2620,3916,0.937574
2630,3962,0.937991
2640,3912,0.938403
2650,3747,0.938798
2660,3806,0.939199
2670,3833,0.939602
2680,3710,0.939993
2690,3634,0.940375
2700,3567,0.940751
2710,3607,0.941131
2720,3592,0.941509
2730,3567,0.941885
2740,3495,0.942253
2750,3513,0.942622
2760,3448,0.942986
2770,3368,0.943340
2780,3428,0.943701
2790,3461,0.944066
2800,3369,0.944420
2810,3411,0.944779
2820,3301,0.945127
2830,3355,0.945480
2840,3226,0.945820
2850,3259,0.946163
2860,3335,0.946514
2870,3137,0.946845
2880,3168,0.947178
2890,3134,0.947508
2900,3130,0.947838
2910,3152,0.948170
2920,3085,0.948494
2930,3018,0.948812
2940,3078,0.949136
2950,3079,0.949461
2960,2936,0.949770
2970,2829,0.950068
2980,3037,0.950387
2990,3028,0.950706
3000,3025,0.951025
3010,2948,0.951335
3020,2889,0.951639
3030,2975,0.951953
3040,2876,0.952255
3050,2890,0.952560
3060,2953,0.952871
3070,2811,0.953167
3080,2880,0.953470
3090,2850,0.953770
3100,2809,0.954066
3110,2667,0.954347
3120,2745,0.954636
3130,2719,0.954922
3140,2664,0.955202
3150,2675,0.955484
3160,2653,0.955763
3170,2669,0.956044
3180,2777,0.956337
3190,2712,0.956622
3200,2561,0.956892
3210,2623,0.957168
3220,2555,0.957437
3230,2574,0.957708
3240,2589,0.957981
3250,2514,0.958246
3260,2607,0.958520
3270,2560,0.958790
3280,2488,0.959052
3290,2528,0.959318
3300,2627,0.959594
3310,2516,0.959859
3320,2491,0.960122
3330,2451,0.960380
3340,2432,0.960636
3350,2410,0.960890
3360,2389,0.961141
3370,2445,0.961399
3380,2411,0.961652
3390,2408,0.961906
3400,2297,0.962148
3410,2267,0.962386
3420,2208,0.962619
3430,2277,0.962859
3440,2261,0.963097
3450,2282,0.963337
3460,2211,0.963570
3470,2230,0.963805
3480,2188,0.964035
3490,2134,0.964260
3500,2172,0.964489
3510,2222,0.964722
3520,2087,0.964942
3530,2057,0.965159
3540,2130,0.965383
3550,2150,0.965609
3560,2093,0.965830
3570,2047,0.966045
3580,2143,0.966271
3590,2129,0.966495
3600,2106,0.966717
3610,2035,0.966931
3620,1976,0.967139
3630,2002,0.967350
3640,2054,0.967566
3650,1972,0.967774
3660,1999,0.967984
3670,2024,0.968198
3680,1985,0.968407
3690,1961,0.968613
3700,1953,0.968819
3710,1918,0.969021
3720,1853,0.969216
3730,1869,0.969413
3740,1860,0.969608
3750,1913,0.969810
3760,1847,0.970004
3770,1897,0.970204
3780,1840,0.970398
3790,1860,0.970594
3800,1848,0.970788
3810,1845,0.970983
3820,1789,0.971171
3830,1820,0.971363
3840,1762,0.971548
3850,1799,0.971738
3860,1699,0.971916
3870,1677,0.972093
3880,1634,0.972265
3890,1663,0.972440
3900,1631,0.972612
3910,1692,0.972790
3920,1660,0.972965
3930,1691,0.973143
3940,1575,0.973309
3950,1698,0.973487
3960,1669,0.973663
3970,1711,0.973843
3980,1663,0.974018
3990,1550,0.974182
4000,1603,0.974350
4010,1520,0.974510
4020,1567,0.974676
4030,1630,0.974847
4040,1541,0.975009
4050,1566,0.975174
4060,1495,0.975332
4070,1533,0.975493
4080,1485,0.975649
4090,1506,0.975808
4100,1506,0.975967
4110,1476,0.976122
4120,1435,0.976273
4130,1471,0.976428
4140,1478,0.976584
4150,1475,0.976739
4160,1369,0.976883
4170,1376,0.977028
4180,1399,0.977175
4190,1437,0.977327
4200,1399,0.977474
4210,1440,0.977626
4220,1416,0.977775
4230,1348,0.977917
4240,1361,0.978060
4250,1342,0.978201
4260,1338,0.978342
4270,1356,0.978485
4280,1310,0.978623
4290,1331,0.978763
4300,1310,0.978901
4310,1331,0.979041
4320,1336,0.979182
4330,1313,0.979320
4340,1258,0.979452
4350,1299,0.979589
4360,1285,0.979724
4370,1290,0.979860
4380,1276,0.979995
4390,1245,0.980126
4400,1267,0.980259
4410,1228,0.980388
4420,1205,0.980515
4430,1255,0.980648
4440,1145,0.980768
4450,1227,0.980897
4460,1249,0.981029
4470,1205,0.981156
4480,1213,0.981283
4490,1201,0.981410
4500,1218,0.981538
4510,1206,0.981665
4520,1194,0.981791
4530,1206,0.981918
4540,1178,0.982042
4550,1203,0.982168
4560,1162,0.982291
4570,1198,0.982417
4580,1186,0.982542
4590,1136,0.982661
4600,1154,0.982783
4610,1168,0.982906
4620,1129,0.983025
4630,1096,0.983140
4640,1169,0.983263
4650,1114,0.983381
4660,1131,0.983500
4670,1141,0.983620
4680,1030,0.983728
4690,1056,0.983840
4700,1156,0.983961
4710,1075,0.984074
4720,1024,0.984182
4730,1062,0.984294
4740,1047,0.984404
4750,1063,0.984516
4760,1098,0.984632
4770,1144,0.984752
4780,1069,0.984865
4790,1070,0.984978
4800,1072,0.985090
4810,1064,0.985202
4820,991,0.985307
4830,1042,0.985417
4840,1062,0.985528
4850,1040,0.985638
4860,995,0.985743
4870,992,0.985847
4880,1031,0.985956
4890,944,0.986055
4900,1045,0.986165
4910,1008,0.986271
4920,1011,0.986378
4930,952,0.986478
4940,932,0.986576
4950,964,0.986678
4960,970,0.986780
4970,937,0.986878
4980,915,0.986975
4990,939,0.987074
5000,887,0.987167
5010,917,0.987264
5020,924,0.987361
5030,925,0.987458
5040,897,0.987553
5050,939,0.987651
5060,922,0.987749
5070,820,0.987835
5080,912,0.987931
5090,958,0.988032
5100,933,0.988130
5110,870,0.988222
5120,847,0.988311
5130,852,0.988401
5140,829,0.988488
5150,885,0.988581
5160,875,0.988673
5170,870,0.988765
5180,818,0.988851
5190,835,0.988939
5200,826,0.989026
5210,824,0.989113
5220,855,0.989203
5230,775,0.989284
5240,777,0.989366
5250,836,0.989454
5260,772,0.989535
5270,774,0.989617
5280,780,0.989699
5290,795,0.989783
5300,763,0.989863
5310,782,0.989945
5320,675,0.990016
5330,789,0.990099
5340,704,0.990174
5350,729,0.990250
5360,740,0.990328
5370,740,0.990406
5380,718,0.990482
5390,738,0.990560
5400,722,0.990636
5410,696,0.990709
5420,637,0.990776
5430,701,0.990850
5440,692,0.990923
5450,683,0.990994
5460,671,0.991065
5470,646,0.991133
5480,619,0.991198
5490,619,0.991264
5500,652,0.991332
5510,648,0.991400
5520,645,0.991468
5530,663,0.991538
5540,645,0.991606
5550,655,0.991675
5560,635,0.991742
5570,608,0.991806
5580,620,0.991871
5590,676,0.991942
5600,643,0.992010
5610,595,0.992073
5620,634,0.992139
5630,578,0.992200
5640,601,0.992264
5650,582,0.992325
5660,608,0.992389
5670,570,0.992449
5680,552,0.992507
5690,588,0.992569
5700,609,0.992633
5710,528,0.992689
5720,540,0.992746
5730,531,0.992801
5740,548,0.992859
5750,601,0.992922
5760,555,0.992981
5770,556,0.993039
5780,517,0.993094
5790,554,0.993152
5800,521,0.993207
5810,520,0.993262
5820,503,0.993315
5830,536,0.993371
5840,507,0.993425
5850,518,0.993479
5860,549,0.993537
5870,484,0.993588
5880,545,0.993645
5890,540,0.993702
5900,557,0.993761
5910,501,0.993814
5920,520,0.993868
5930,505,0.993921
5940,519,0.993976
5950,520,0.994031
5960,516,0.994085
5970,510,0.994139
5980,514,0.994193
5990,527,0.994249
6000,496,0.994301
6010,490,0.994352
6020,506,0.994406
6030,445,0.994452
6040,541,0.994509
6050,500,0.994562
6060,470,0.994612
6070,497,0.994664
6080,499,0.994716
6090,509,0.994770
6100,483,0.994821
6110,463,0.994870
6120,499,0.994922
6130,457,0.994970
6140,477,0.995021
6150,456,0.995069
6160,497,0.995121
6170,490,0.995172
6180,464,0.995221
6190,452,0.995269
6200,471,0.995318
6210,466,0.995368
6220,467,0.995417
6230,458,0.995465
6240,453,0.995513
6250,434,0.995558
6260,431,0.995604
6270,471,0.995653
6280,429,0.995699
6290,448,0.995746
6300,419,0.995790
6310,407,0.995833
6320,401,0.995875
6330,414,0.995918
6340,421,0.995963
6350,370,0.996002
6360,391,0.996043
6370,387,0.996084
6380,390,0.996125
6390,390,0.996166
6400,432,0.996211
6410,396,0.996253
6420,424,0.996298
6430,383,0.996338
6440,370,0.996377
6450,362,0.996415
6460,370,0.996454
6470,371,0.996493
6480,367,0.996532
6490,382,0.996572
6500,386,0.996613
6510,377,0.996652
6520,358,0.996690
6530,323,0.996724
6540,366,0.996763
6550,349,0.996799
6560,332,0.996834
6570,306,0.996866
6580,355,0.996904
6590,341,0.996940
6600,343,0.996976
6610,306,0.997008
6620,327,0.997042
6630,314,0.997076
6640,313,0.997109
6650,324,0.997143
6660,294,0.997174
6670,297,0.997205
6680,314,0.997238
6690,275,0.997267
6700,279,0.997296
6710,272,0.997325
6720,302,0.997357
6730,293,0.997388
6740,320,0.997421
6750,273,0.997450
6760,263,0.997478
6770,260,0.997505
6780,257,0.997532
6790,264,0.997560
6800,258,0.997587
6810,246,0.997613
6820,257,0.997640
6830,245,0.997666
6840,259,0.997693
6850,233,0.997718
6860,273,0.997746
6870,241,0.997772
6880,245,0.997798
6890,219,0.997821
6900,244,0.997846
6910,243,0.997872
6920,270,0.997900
6930,230,0.997925
6940,214,0.997947
6950,216,0.997970
6960,223,0.997993
6970,231,0.998018
6980,222,0.998041
6990,229,0.998065
7000,196,0.998086
7010,214,0.998108
7020,230,0.998132
7030,224,0.998156
7040,212,0.998178
7050,200,0.998199
7060,224,0.998223
7070,186,0.998243
7080,198,0.998263
7090,201,0.998285
7100,207,0.998306
7110,193,0.998327
7120,181,0.998346
7130,183,0.998365
7140,184,0.998384
7150,226,0.998408
7160,179,0.998427
7170,166,0.998445
7180,187,0.998464
7190,201,0.998485
7200,161,0.998502
7210,177,0.998521
7220,165,0.998538
7230,188,0.998558
7240,171,0.998576
7250,193,0.998597
7260,163,0.998614
7270,178,0.998632
7280,170,0.998650
7290,186,0.998670
7300,166,0.998687
7310,159,0.998704
7320,153,0.998720
7330,206,0.998742
7340,161,0.998759
7350,170,0.998777
7360,161,0.998794
7370,182,0.998813
7380,153,0.998829
7390,177,0.998848
7400,158,0.998864
7410,144,0.998879
7420,150,0.998895
7430,157,0.998912
7440,147,0.998927
7450,149,0.998943
7460,133,0.998957
7470,133,0.998971
7480,138,0.998985
7490,135,0.999000
7500,112,0.999012
7510,124,0.999025
7520,147,0.999040
7530,123,0.999053
7540,146,0.999068
7550,139,0.999083
7560,125,0.999096
7570,138,0.999111
7580,145,0.999126
7590,122,0.999139
7600,150,0.999155
7610,149,0.999170
7620,123,0.999183
7630,117,0.999196
7640,124,0.999209
7650,120,0.999221
7660,127,0.999235
7670,130,0.999248
7680,131,0.999262
7690,131,0.999276
7700,126,0.999289
7710,120,0.999302
7720,118,0.999314
7730,119,0.999327
7740,106,0.999338
7750,117,0.999350
7760,126,0.999363
7770,119,0.999376
7780,123,0.999389
7790,127,0.999402
7800,117,0.999415
7810,94,0.999425
7820,108,0.999436
7830,105,0.999447
7840,110,0.999459
7850,87,0.999468
7860,103,0.999479
7870,100,0.999489
7880,117,0.999501
7890,86,0.999510
7900,117,0.999523
7910,108,0.999534
7920,103,0.999545
7930,124,0.999558
7940,101,0.999569
7950,96,0.999579
7960,105,0.999590
7970,89,0.999599
7980,99,0.999610
7990,100,0.999620
8000,104,0.999631
8010,117,0.999643
8020,99,0.999654
8030,68,0.999661
8040,79,0.999669
8050,92,0.999679
8060,88,0.999688
8070,71,0.999696
8080,74,0.999704
8090,78,0.999712
8100,76,0.999720
8110,81,0.999728
8120,68,0.999735
8130,64,0.999742
8140,88,0.999752
8150,70,0.999759
8160,77,0.999767
8170,74,0.999775
8180,74,0.999783
8190,77,0.999791
8200,69,0.999798
8210,81,0.999806
8220,80,0.999815
8230,66,0.999822
8240,63,0.999828
8250,56,0.999834
8260,61,0.999841
8270,61,0.999847
8280,46,0.999852
8290,68,0.999859
8300,48,0.999864
8310,60,0.999871
8320,54,0.999876
8330,58,0.999882
8340,44,0.999887
8350,54,0.999893
8360,54,0.999898
8370,57,0.999904
8380,47,0.999909
8390,49,0.999915
8400,42,0.999919
8410,42,0.999923
8420,35,0.999927
8430,57,0.999933
8440,50,0.999938
8450,48,0.999943
8460,50,0.999949
8470,39,0.999953
8480,52,0.999958
8490,40,0.999962
8500,36,0.999966
8510,42,0.999971
8520,50,0.999976
8530,44,0.999981
8540,43,0.999985
8550,33,0.999988
8560,42,0.999993
8570,45,0.999998
8580,51,1.000003
8590,33,1.000007
8600,43,1.000011
8610,38,1.000015
8620,41,1.000019
8630,33,1.000023
8640,35,1.000027
8650,33,1.000030
8660,33,1.000033
8670,32,1.000037
8680,36,1.000041
8690,29,1.000044
8700,30,1.000047
8710,30,1.000050
8720,32,1.000053
8730,23,1.000056
8740,31,1.000059
8750,40,1.000063
8760,37,1.000067
8770,28,1.000070
8780,20,1.000072
8790,40,1.000076
8800,42,1.000081
8810,23,1.000083
8820,32,1.000087
8830,21,1.000089
8840,29,1.000092
8850,29,1.000095
8860,30,1.000098
8870,28,1.000101
8880,26,1.000104
8890,29,1.000107
8900,32,1.000110
8910,20,1.000112
8920,19,1.000114
8930,28,1.000117
8940,28,1.000120
8950,28,1.000123
8960,19,1.000125
8970,25,1.000128
8980,24,1.000130
8990,25,1.000133
9000,18,1.000135
9010,21,1.000137
9020,26,1.000140
9030,15,1.000141
9040,22,1.000144
9050,32,1.000147
9060,15,1.000149
9070,22,1.000151
9080,24,1.000154
9090,21,1.000156
9100,25,1.000158
9110,25,1.000161
9120,24,1.000164
9130,18,1.000165
9140,19,1.000167
9150,18,1.000169
9160,18,1.000171
9170,15,1.000173
9180,12,1.000174
9190,19,1.000176
9200,20,1.000178
9210,23,1.000181
9220,20,1.000183
9230,20,1.000185
9240,16,1.000186
9250,14,1.000188
9260,16,1.000190
9270,11,1.000191
9280,14,1.000192
9290,15,1.000194
9300,10,1.000195
9310,16,1.000197
9320,7,1.000197
9330,16,1.000199
9340,17,1.000201
9350,13,1.000202
9360,15,1.000204
9370,10,1.000205
9380,12,1.000206
9390,12,1.000207
9400,13,1.000209
9410,14,1.000210
9420,10,1.000211
9430,13,1.000213
9440,10,1.000214
9450,12,1.000215
9460,8,1.000216
9470,17,1.000218
9480,13,1.000219
9490,13,1.000220
9500,6,1.000221
9510,12,1.000222
9520,18,1.000224
9530,12,1.000225
9540,12,1.000227
9550,10,1.000228
9560,13,1.000229
9570,18,1.000231
9580,13,1.000232
9590,16,1.000234
9600,10,1.000235
9610,8,1.000236
9620,9,1.000237
9630,12,1.000238
9640,15,1.000240
9650,14,1.000241
9660,11,1.000242
9670,17,1.000244
9680,12,1.000245
9690,8,1.000246
9700,1,1.000246
9710,8,1.000247
9720,6,1.000248
9730,15,1.000249
9740,7,1.000250
9750,10,1.000251
9760,8,1.000252
9770,10,1.000253
9780,9,1.000254
9790,11,1.000255
9800,9,1.000256
9810,8,1.000257
9820,13,1.000258
9830,6,1.000259
9840,13,1.000260
9850,10,1.000261
9860,7,1.000262
9870,6,1.000263
9880,19,1.000265
9890,7,1.000265
9900,9,1.000266
9910,7,1.000267
9920,8,1.000268
9930,6,1.000269
9940,4,1.000269
9950,1,1.000269
9960,5,1.000270
9970,9,1.000271
9980,4,1.000271
9990,6,1.000272
10000,9,1.000273
10010,7,1.000273
10020,7,1.000274
10030,4,1.000275
10040,11,1.000276
10050,7,1.000276
10060,5,1.000277
10070,7,1.000278
10080,6,1.000278
10090,4,1.000279
10100,8,1.000280
10110,4,1.000280
10120,8,1.000281
10130,5,1.000281
10140,6,1.000282
10150,5,1.000283
10160,9,1.000283
10170,7,1.000284
10180,3,1.000285
10190,13,1.000286
10200,4,1.000286
10210,7,1.000287
10220,4,1.000287
10230,4,1.000288
10240,5,1.000288
10250,8,1.000289
10260,6,1.000290
10270,1,1.000290
10280,7,1.000291
10290,6,1.000291
10300,6,1.000292
10310,5,1.000293
10320,3,1.000293
10330,5,1.000293
10340,4,1.000294
10350,5,1.000294
10360,3,1.000295
10370,7,1.000295
10380,3,1.000296
10390,2,1.000296
10400,4,1.000296
10410,7,1.000297
10420,3,1.000297
10430,5,1.000298
10440,3,1.000298
10450,6,1.000299
10460,4,1.000299
10470,8,1.000300
10480,5,1.000301
10490,10,1.000302
10500,2,1.000302
10510,2,1.000302
10520,5,1.000303
10530,6,1.000303
10540,2,1.000304
10550,3,1.000304
10560,3,1.000304
10570,1,1.000304
10580,3,1.000304
10590,1,1.000305
10600,1,1.000305
10610,2,1.000305
10620,6,1.000306
10630,1,1.000306
10640,2,1.000306
10650,5,1.000306
10660,4,1.000307
10670,3,1.000307
10680,4,1.000308
10690,7,1.000308
10700,7,1.000309
10710,3,1.000309
10720,2,1.000310
10730,3,1.000310
10740,1,1.000310
10750,3,1.000310
10760,3,1.000311
10780,4,1.000311
10790,4,1.000311
10800,5,1.000312
10810,1,1.000312
10820,3,1.000312
10830,2,1.000313
10840,6,1.000313
10850,3,1.000314
10860,1,1.000314
10870,8,1.000314
10880,1,1.000315
10890,2,1.000315
10900,2,1.000315
10910,6,1.000316
10920,4,1.000316
10930,2,1.000316
10940,3,1.000317
10950,2,1.000317
10960,2,1.000317
10970,1,1.000317
10980,4,1.000318
10990,8,1.000318
11000,1,1.000319
11010,1,1.000319
11020,3,1.000319
11030,2,1.000319
11040,2,1.000319
11050,3,1.000320
11060,2,1.000320
11070,2,1.000320
11080,4,1.000321
11100,3,1.000321
11110,1,1.000321
11130,2,1.000321
11140,3,1.000322
11150,3,1.000322
11160,1,1.000322
11170,1,1.000322
11180,2,1.000322
11190,1,1.000322
11200,2,1.000322
11210,2,1.000323
11220,3,1.000323
11230,2,1.000323
11240,3,1.000324
11250,3,1.000324
11260,1,1.000324
11280,3,1.000324
11290,1,1.000324
11300,1,1.000324
11310,1,1.000325
11320,4,1.000325
11340,4,1.000325
11350,1,1.000326
11380,1,1.000326
11390,1,1.000326
11400,3,1.000326
11410,2,1.000326
11420,3,1.000327
11430,3,1.000327
11440,4,1.000327
11450,1,1.000327
11460,1,1.000328
11480,4,1.000328
11490,2,1.000328
11500,4,1.000329
11510,3,1.000329
11530,5,1.000329
11540,4,1.000330
11550,2,1.000330
11560,3,1.000330
11570,2,1.000331
11580,3,1.000331
11590,2,1.000331
11600,4,1.000332
11630,2,1.000332
11640,2,1.000332
11650,1,1.000332
11660,2,1.000332
11670,2,1.000332
11690,2,1.000333
11710,2,1.000333
11720,1,1.000333
11730,1,1.000333
11740,1,1.000333
11760,1,1.000333
11780,1,1.000333
11790,1,1.000334
11800,2,1.000334
11810,1,1.000334
11830,1,1.000334
11860,3,1.000334
11890,1,1.000334
11910,2,1.000335
11930,1,1.000335
11940,2,1.000335
11950,2,1.000335
11960,1,1.000335
11970,1,1.000335
11980,5,1.000336
11990,1,1.000336
12010,1,1.000336
12020,1,1.000336
12030,1,1.000336
12040,1,1.000336
12060,1,1.000337
12070,1,1.000337
12080,1,1.000337
12090,1,1.000337
12100,1,1.000337
12110,1,1.000337
12130,1,1.000337
12140,1,1.000337
12160,1,1.000337
12170,1,1.000337
12180,1,1.000338
12190,2,1.000338
12200,1,1.000338
12230,1,1.000338
12270,1,1.000338
12280,2,1.000338
12310,1,1.000338
12330,2,1.000339
12380,3,1.000339
12390,3,1.000339
12420,1,1.000339
12430,1,1.000340
12440,2,1.000340
12460,1,1.000340
12480,1,1.000340
12490,1,1.000340
12510,1,1.000340
12540,1,1.000340
12550,2,1.000340
12560,1,1.000341
12580,3,1.000341
12590,1,1.000341
12600,2,1.000341
12620,1,1.000341
12630,1,1.000341
12640,1,1.000341
12650,1,1.000342
12660,2,1.000342
12680,1,1.000342
12700,2,1.000342
12720,2,1.000342
12730,3,1.000343
12740,1,1.000343
12770,1,1.000343
12790,1,1.000343
12800,3,1.000343
12830,1,1.000343
12840,2,1.000344
12860,2,1.000344
12870,1,1.000344
12880,2,1.000344
12920,3,1.000344
12940,2,1.000345
12960,2,1.000345
12970,1,1.000345
12980,3,1.000345
12990,1,1.000345
13010,3,1.000346
13020,2,1.000346
13060,3,1.000346
13070,1,1.000346
13080,2,1.000347
13090,2,1.000347
13100,1,1.000347
13110,1,1.000347
13120,1,1.000347
13140,1,1.000347
13170,2,1.000347
13190,1,1.000347
13200,3,1.000348
13220,2,1.000348
13230,1,1.000348
13250,1,1.000348
13270,1,1.000348
13280,1,1.000348
13290,1,1.000349
13310,2,1.000349
13320,2,1.000349
13330,1,1.000349
13340,1,1.000349
13350,2,1.000349
13360,1,1.000350
13370,2,1.000350
13380,2,1.000350
13390,1,1.000350
13400,1,1.000350
13410,2,1.000350
13420,2,1.000350
13430,2,1.000351
13440,1,1.000351
13450,2,1.000351
13460,2,1.000351
13480,2,1.000351
13500,2,1.000352
13510,1,1.000352
13520,3,1.000352
13550,2,1.000352
13600,1,1.000352
13610,1,1.000353
13620,1,1.000353
13630,1,1.000353
13660,1,1.000353
13680,2,1.000353
13730,1,1.000353
13770,2,1.000353
13820,1,1.000353
13960,3,1.000354
13980,1,1.000354
13990,1,1.000354
14010,1,1.000354
14090,1,1.000354
14200,1,1.000354
14410,1,1.000354
14470,1,1.000355
14510,1,1.000355
14610,1,1.000355
14710,1,1.000355
14790,1,1.000355
14880,1,1.000355
14910,1,1.000355
15030,1,1.000355
15040,1,1.000355
15300,1,1.000355
15450,1,1.000356
15490,1,1.000356
15530,1,1.000356
15540,1,1.000356
15640,1,1.000356
15730,1,1.000356
16060,1,1.000356
16180,1,1.000356
16270,1,1.000356
16430,1,1.000357
16540,1,1.000357
16920,1,1.000357
17040,1,1.000357
17640,1,1.000357
18840,1,1.000357
