#latency,cnt,cdf
30,65,0.000007
50,16992,0.001795
60,2069222,0.219603
70,83963,0.228441
80,2000276,0.438991
90,20811,0.441182
100,212122,0.463510
110,1465314,0.617750
120,475103,0.667759
130,251071,0.694187
140,20692,0.696365
150,137066,0.710793
160,10307,0.711878
170,104786,0.722907
180,328642,0.757500
190,241866,0.782959
200,280148,0.812448
210,224761,0.836106
220,59617,0.842382
230,366468,0.880956
240,95172,0.890974
250,69552,0.898295
260,226351,0.922121
270,122988,0.935067
280,181195,0.954140
290,35556,0.957882
300,77171,0.966005
310,35880,0.969782
320,121843,0.982607
330,60871,0.989015
340,43853,0.993631
350,1981,0.993839
360,3140,0.994170
370,1304,0.994307
380,9767,0.995335
390,29242,0.998413
400,877,0.998505
410,1672,0.998681
420,4130,0.999116
430,871,0.999208
440,158,0.999224
450,154,0.999241
460,76,0.999249
470,2033,0.999463
480,2516,0.999727
490,65,0.999734
500,87,0.999743
510,69,0.999751
520,28,0.999754
530,26,0.999756
540,15,0.999758
550,14,0.999759
560,17,0.999761
570,27,0.999764
580,25,0.999767
590,16,0.999768
600,18,0.999770
610,18,0.999772
620,15,0.999774
630,17,0.999776
640,18,0.999777
650,20,0.999780
660,10,0.999781
670,14,0.999782
680,12,0.999783
690,22,0.999786
700,19,0.999788
710,11,0.999789
720,14,0.999790
730,11,0.999792
740,11,0.999793
750,12,0.999794
760,12,0.999795
770,11,0.999796
780,9,0.999797
790,15,0.999799
800,11,0.999800
810,8,0.999801
820,13,0.999802
830,14,0.999804
840,8,0.999805
850,5,0.999805
860,3,0.999805
870,7,0.999806
880,5,0.999807
890,12,0.999808
900,15,0.999810
910,15,0.999811
920,7,0.999812
930,10,0.999813
940,14,0.999814
950,15,0.999816
960,9,0.999817
970,10,0.999818
980,14,0.999819
990,11,0.999821
1000,15,0.999822
1010,8,0.999823
1020,12,0.999824
1030,16,0.999826
1040,6,0.999827
1050,8,0.999827
1060,11,0.999829
1070,5,0.999829
1080,5,0.999830
1090,12,0.999831
1100,7,0.999832
1110,21,0.999834
1120,11,0.999835
1130,16,0.999837
1140,7,0.999837
1150,3,0.999838
1160,6,0.999838
1170,10,0.999839
1180,8,0.999840
1190,9,0.999841
1200,6,0.999842
1210,6,0.999842
1220,11,0.999844
1230,8,0.999844
1240,7,0.999845
1250,8,0.999846
1260,5,0.999847
1270,9,0.999847
1280,4,0.999848
1290,7,0.999849
1300,11,0.999850
1310,6,0.999850
1320,5,0.999851
1330,4,0.999851
1340,6,0.999852
1350,4,0.999852
1360,5,0.999853
1370,3,0.999853
1380,5,0.999854
1390,3,0.999854
1400,7,0.999855
1410,4,0.999855
1420,4,0.999856
1430,5,0.999856
1440,5,0.999857
1450,5,0.999857
1460,4,0.999858
1470,3,0.999858
1480,4,0.999858
1500,6,0.999859
1510,4,0.999859
1520,4,0.999860
1530,6,0.999861
1540,4,0.999861
1550,7,0.999862
1560,8,0.999863
1570,4,0.999863
1580,2,0.999863
1590,4,0.999864
1600,2,0.999864
1610,7,0.999865
1620,5,0.999865
1630,6,0.999866
1640,6,0.999866
1650,6,0.999867
1660,3,0.999867
1670,3,0.999868
1680,2,0.999868
1690,5,0.999868
1700,5,0.999869
1710,3,0.999869
1720,7,0.999870
1730,9,0.999871
1740,4,0.999871
1750,8,0.999872
1760,5,0.999873
1770,3,0.999873
1780,5,0.999873
1790,4,0.999874
1800,5,0.999874
1810,7,0.999875
1820,4,0.999876
1830,6,0.999876
1840,7,0.999877
1850,4,0.999877
1860,5,0.999878
1870,3,0.999878
1880,11,0.999879
1890,7,0.999880
1900,8,0.999881
1910,2,0.999881
1920,7,0.999882
1930,5,0.999882
1940,10,0.999883
1950,5,0.999884
1960,6,0.999885
1970,4,0.999885
1980,4,0.999885
1990,2,0.999886
2000,4,0.999886
2010,9,0.999887
2020,9,0.999888
2030,7,0.999889
2040,8,0.999890
2050,7,0.999890
2060,5,0.999891
2070,4,0.999891
2080,6,0.999892
2090,4,0.999892
2100,3,0.999893
2110,5,0.999893
2120,7,0.999894
2130,7,0.999895
2140,5,0.999895
2150,9,0.999896
2160,5,0.999897
2170,2,0.999897
2180,6,0.999897
2190,3,0.999898
2200,11,0.999899
2210,6,0.999900
2220,3,0.999900
2230,7,0.999901
2240,5,0.999901
2250,7,0.999902
2260,6,0.999903
2270,2,0.999903
2280,8,0.999904
2290,9,0.999905
2300,6,0.999905
2310,7,0.999906
2320,6,0.999907
2330,5,0.999907
2340,5,0.999908
2350,5,0.999908
2360,3,0.999908
2370,8,0.999909
2380,5,0.999910
2390,5,0.999910
2400,9,0.999911
2410,3,0.999912
2420,5,0.999912
2430,5,0.999913
2440,5,0.999913
2450,8,0.999914
2460,6,0.999915
2470,4,0.999915
2480,11,0.999916
2490,10,0.999917
2500,7,0.999918
2510,4,0.999918
2520,5,0.999919
2530,5,0.999919
2540,6,0.999920
2550,3,0.999920
2560,6,0.999921
2570,4,0.999922
2580,4,0.999922
2590,3,0.999922
2600,9,0.999923
2610,4,0.999924
2620,2,0.999924
2630,1,0.999924
2640,1,0.999924
2650,4,0.999924
2660,1,0.999925
2670,5,0.999925
2680,2,0.999925
2690,3,0.999926
2700,2,0.999926
2710,7,0.999927
2720,4,0.999927
2730,10,0.999928
2740,4,0.999928
2750,4,0.999929
2760,5,0.999929
2770,4,0.999930
2790,2,0.999930
2800,1,0.999930
2810,2,0.999930
2820,1,0.999930
2830,3,0.999931
2840,2,0.999931
2850,3,0.999931
2860,1,0.999931
2870,1,0.999931
2880,2,0.999932
2890,7,0.999932
2900,1,0.999933
2910,4,0.999933
2920,4,0.999933
2930,4,0.999934
2940,1,0.999934
2950,3,0.999934
2960,4,0.999935
2970,1,0.999935
2980,3,0.999935
2990,2,0.999935
3000,3,0.999936
3010,1,0.999936
3020,3,0.999936
3030,2,0.999936
3040,3,0.999937
3050,5,0.999937
3060,4,0.999937
3070,1,0.999938
3080,2,0.999938
3090,1,0.999938
3100,3,0.999938
3110,2,0.999938
3120,2,0.999939
3130,1,0.999939
3140,5,0.999939
3150,3,0.999940
3160,1,0.999940
3170,5,0.999940
3180,2,0.999940
3190,1,0.999941
3200,2,0.999941
3210,5,0.999941
3220,2,0.999941
3230,4,0.999942
3250,4,0.999942
3260,3,0.999943
3270,2,0.999943
3280,4,0.999943
3290,3,0.999944
3300,3,0.999944
3310,4,0.999944
3320,7,0.999945
3330,4,0.999945
3350,4,0.999946
3360,3,0.999946
3370,3,0.999947
3380,3,0.999947
3390,1,0.999947
3400,6,0.999948
3410,2,0.999948
3420,1,0.999948
3430,6,0.999949
3450,6,0.999949
3460,3,0.999949
3470,7,0.999950
3480,1,0.999950
3490,2,0.999951
3500,1,0.999951
3510,3,0.999951
3520,2,0.999951
3530,4,0.999952
3540,3,0.999952
3550,2,0.999952
3560,2,0.999952
3570,6,0.999953
3580,3,0.999953
3590,2,0.999953
3600,3,0.999954
3610,2,0.999954
3620,2,0.999954
3630,1,0.999954
3640,3,0.999955
3650,8,0.999955
3660,5,0.999956
3670,4,0.999956
3680,4,0.999957
3690,2,0.999957
3700,4,0.999958
3710,2,0.999958
3720,1,0.999958
3730,2,0.999958
3740,1,0.999958
3750,1,0.999958
3760,9,0.999959
3770,6,0.999960
3780,3,0.999960
3790,1,0.999960
3800,5,0.999961
3810,3,0.999961
3820,4,0.999961
3830,3,0.999962
3840,1,0.999962
3850,3,0.999962
3860,5,0.999963
3870,2,0.999963
3890,2,0.999963
3900,5,0.999964
3910,1,0.999964
3920,4,0.999964
3930,1,0.999964
3940,4,0.999965
3950,5,0.999965
3960,2,0.999965
3970,4,0.999966
3980,2,0.999966
3990,4,0.999967
4000,5,0.999967
4010,2,0.999967
4020,2,0.999967
4030,5,0.999968
4040,1,0.999968
4050,3,0.999968
4060,3,0.999969
4070,2,0.999969
4080,5,0.999969
4090,1,0.999970
4100,4,0.999970
4110,1,0.999970
4120,2,0.999970
4140,3,0.999971
4160,2,0.999971
4170,2,0.999971
4190,4,0.999971
4200,3,0.999972
4210,3,0.999972
4220,4,0.999973
4230,2,0.999973
4240,5,0.999973
4260,6,0.999974
4270,2,0.999974
4280,1,0.999974
4290,1,0.999974
4300,3,0.999975
4310,1,0.999975
4320,1,0.999975
4330,2,0.999975
4340,1,0.999975
4360,1,0.999975
4380,1,0.999975
4390,2,0.999976
4400,3,0.999976
4410,2,0.999976
4420,1,0.999976
4430,4,0.999977
4440,1,0.999977
4450,1,0.999977
4460,2,0.999977
4470,6,0.999978
4480,2,0.999978
4490,4,0.999978
4500,3,0.999979
4510,2,0.999979
4520,2,0.999979
4530,2,0.999979
4540,2,0.999979
4550,1,0.999980
4560,2,0.999980
4570,3,0.999980
4580,3,0.999980
4590,3,0.999981
4600,3,0.999981
4610,4,0.999981
4630,1,0.999982
4640,2,0.999982
4650,2,0.999982
4660,3,0.999982
4670,2,0.999983
4680,1,0.999983
4700,1,0.999983
4710,2,0.999983
4720,1,0.999983
4750,1,0.999983
4760,2,0.999983
4780,2,0.999984
4790,2,0.999984
4800,2,0.999984
4810,2,0.999984
4820,3,0.999985
4830,3,0.999985
4860,4,0.999985
4870,1,0.999985
4880,3,0.999986
4890,5,0.999986
4900,3,0.999987
4910,2,0.999987
4920,1,0.999987
4930,3,0.999987
4940,2,0.999987
4950,3,0.999988
4960,1,0.999988
4970,1,0.999988
4980,3,0.999988
4990,3,0.999989
5000,2,0.999989
5010,3,0.999989
5020,3,0.999989
5040,5,0.999990
5050,3,0.999990
5060,2,0.999990
5070,1,0.999991
5080,1,0.999991
5090,2,0.999991
5110,1,0.999991
5120,4,0.999991
5130,3,0.999992
5140,3,0.999992
5150,1,0.999992
5170,1,0.999992
5180,1,0.999992
5190,1,0.999992
5200,3,0.999993
5210,4,0.999993
5220,4,0.999994
5230,1,0.999994
5240,1,0.999994
5250,1,0.999994
5260,3,0.999994
5270,3,0.999995
5280,1,0.999995
5290,2,0.999995
5310,2,0.999995
5340,4,0.999995
5350,1,0.999996
5380,1,0.999996
5400,3,0.999996
5420,1,0.999996
5450,2,0.999996
5580,1,0.999996
5590,1,0.999997
5600,1,0.999997
5630,1,0.999997
5660,1,0.999997
5680,1,0.999997
5690,1,0.999997
5700,3,0.999997
5730,1,0.999997
5780,1,0.999998
5850,1,0.999998
5910,1,0.999998
5940,1,0.999998
6070,1,0.999998
6080,1,0.999998
6090,2,0.999998
6160,1,0.999998
6250,1,0.999999
6290,2,0.999999
6690,1,0.999999
6880,1,0.999999
7060,1,0.999999
7990,1,0.999999
8140,1,0.999999
8300,1,0.999999
8480,1,0.999999
9320,1,1.000000
9370,1,1.000000
9400,1,1.000000
9410,1,1.000000
9960,1,1.000000
