#latency,cnt,cdf
0,2602,0.000260
10,442,0.000304
20,84,0.000313
30,27,0.000316
40,7,0.000316
50,28934,0.003210
60,84651,0.011675
70,94926,0.021167
80,105668,0.031734
90,81524,0.039887
100,87466,0.048633
110,131992,0.061832
120,119127,0.073745
130,112482,0.084993
140,91651,0.094158
150,83767,0.102535
160,83706,0.110906
170,86494,0.119555
180,106843,0.130240
190,100294,0.140269
200,89351,0.149204
210,85963,0.157800
220,86439,0.166444
230,86040,0.175048
240,83532,0.183401
250,82794,0.191681
260,81808,0.199862
270,80958,0.207958
280,79726,0.215930
290,78699,0.223800
300,78143,0.231614
310,76506,0.239265
320,75405,0.246805
330,74808,0.254286
340,73655,0.261652
350,72682,0.268920
360,72212,0.276141
370,71085,0.283250
380,70071,0.290257
390,69111,0.297168
400,68181,0.303986
410,67512,0.310737
420,66993,0.317437
430,66188,0.324055
440,65385,0.330594
450,64358,0.337030
460,63674,0.343397
470,62875,0.349685
480,61815,0.355866
490,61428,0.362009
500,60654,0.368074
510,60006,0.374075
520,59112,0.379986
530,58841,0.385870
540,58256,0.391696
550,57475,0.397443
560,56858,0.403129
570,56531,0.408782
580,55678,0.414350
590,54795,0.419830
600,54438,0.425273
610,53659,0.430639
620,53046,0.435944
630,52343,0.441178
640,51962,0.446374
650,51447,0.451519
660,51132,0.456632
670,50732,0.461706
680,49921,0.466698
690,49481,0.471646
700,49166,0.476562
710,48362,0.481399
720,47763,0.486175
730,47423,0.490917
740,47006,0.495618
750,46613,0.500279
760,45920,0.504871
770,45286,0.509400
780,44789,0.513879
790,44342,0.518313
800,44303,0.522743
810,44021,0.527145
820,43410,0.531486
830,43330,0.535819
840,42832,0.540102
850,42326,0.544335
860,41709,0.548506
870,41381,0.552644
880,41082,0.556752
890,40413,0.560794
900,39920,0.564786
910,39685,0.568754
920,39123,0.572666
930,39156,0.576582
940,38590,0.580441
950,38045,0.584246
960,37513,0.587997
970,37301,0.591727
980,36744,0.595401
990,36780,0.599079
1000,36506,0.602730
1010,35751,0.606305
1020,35766,0.609882
1030,35101,0.613392
1040,35317,0.616924
1050,34570,0.620381
1060,34261,0.623807
1070,33630,0.627170
1080,33978,0.630567
1090,33422,0.633910
1100,33361,0.637246
1110,32444,0.640490
1120,32303,0.643720
1130,32125,0.646933
1140,31835,0.650117
1150,31190,0.653235
1160,30891,0.656325
1170,30708,0.659395
1180,30315,0.662427
1190,30256,0.665452
1200,29792,0.668432
1210,29945,0.671426
1220,29447,0.674371
1230,28990,0.677270
1240,28713,0.680141
1250,28458,0.682987
1260,28336,0.685821
1270,27919,0.688613
1280,27971,0.691410
1290,27400,0.694150
1300,27044,0.696854
1310,26935,0.699548
1320,26576,0.702205
1330,26291,0.704834
1340,26126,0.707447
1350,25941,0.710041
1360,25403,0.712581
1370,25468,0.715128
1380,25228,0.717651
1390,24931,0.720144
1400,24902,0.722634
1410,24416,0.725076
1420,24516,0.727527
1430,23795,0.729907
1440,23660,0.732273
1450,23556,0.734628
1460,23047,0.736933
1470,22680,0.739201
1480,22833,0.741485
1490,22638,0.743748
1500,21968,0.745945
1510,21970,0.748142
1520,22029,0.750345
1530,21673,0.752512
1540,21255,0.754638
1550,20958,0.756734
1560,20944,0.758828
1570,20693,0.760897
1580,20745,0.762972
1590,20307,0.765003
1600,19915,0.766994
1610,19900,0.768984
1620,19760,0.770960
1630,19478,0.772908
1640,19355,0.774843
1650,19166,0.776760
1660,18870,0.778647
1670,18710,0.780518
1680,18606,0.782379
1690,18912,0.784270
1700,18162,0.786086
1710,18092,0.787895
1720,17927,0.789688
1730,17718,0.791460
1740,17690,0.793229
1750,17441,0.794973
1760,17407,0.796713
1770,17476,0.798461
1780,16643,0.800125
1790,16746,0.801800
1800,16440,0.803444
1810,16493,0.805093
1820,16340,0.806727
1830,16047,0.808332
1840,15942,0.809926
1850,15842,0.811510
1860,15442,0.813055
1870,15680,0.814623
1880,15184,0.816141
1890,15332,0.817674
1900,15342,0.819208
1910,15368,0.820745
1920,14781,0.822223
1930,14848,0.823708
1940,14619,0.825170
1950,14689,0.826639
1960,14271,0.828066
1970,14292,0.829495
1980,13977,0.830893
1990,14204,0.832313
2000,13686,0.833682
2010,13586,0.835041
2020,13535,0.836394
2030,13353,0.837729
2040,13253,0.839055
2050,13048,0.840359
2060,13144,0.841674
2070,12837,0.842958
2080,12603,0.844218
2090,12678,0.845486
2100,12716,0.846757
2110,12528,0.848010
2120,12305,0.849241
2130,12051,0.850446
2140,12055,0.851651
2150,11871,0.852838
2160,11785,0.854017
2170,11575,0.855174
2180,11736,0.856348
2190,11819,0.857530
2200,11475,0.858677
2210,11312,0.859809
2220,11353,0.860944
2230,11269,0.862071
2240,11281,0.863199
2250,10916,0.864290
2260,10876,0.865378
2270,10849,0.866463
2280,10649,0.867528
2290,10432,0.868571
2300,10506,0.869622
2310,10489,0.870670
2320,10482,0.871719
2330,10222,0.872741
2340,10170,0.873758
2350,10144,0.874772
2360,9877,0.875760
2370,9938,0.876754
2380,9645,0.877718
2390,9677,0.878686
2400,9631,0.879649
2410,9713,0.880620
2420,9531,0.881573
2430,9267,0.882500
2440,9239,0.883424
2450,9071,0.884331
2460,8948,0.885226
2470,9025,0.886129
2480,8858,0.887014
2490,8703,0.887885
2500,8784,0.888763
2510,8613,0.889624
2520,8765,0.890501
2530,8485,0.891349
2540,8481,0.892197
2550,8496,0.893047
2560,8376,0.893885
2570,8464,0.894731
2580,8289,0.895560
2590,8183,0.896378
2600,8212,0.897199
2610,8028,0.898002
2620,8011,0.898803
2630,7892,0.899593
2640,7688,0.900361
2650,7769,0.901138
2660,7785,0.901917
2670,7614,0.902678
2680,7516,0.903430
2690,7537,0.904183
2700,7575,0.904941
2710,7455,0.905686
2720,7254,0.906412
2730,7264,0.907138
2740,7232,0.907861
2750,7067,0.908568
2760,7080,0.909276
2770,6993,0.909975
2780,6911,0.910667
2790,6954,0.911362
2800,6861,0.912048
2810,6926,0.912741
2820,6911,0.913432
2830,6835,0.914115
2840,6565,0.914772
2850,6684,0.915440
2860,6471,0.916087
2870,6605,0.916748
2880,6526,0.917400
2890,6426,0.918043
2900,6318,0.918675
2910,6287,0.919303
2920,6164,0.919920
2930,6093,0.920529
2940,6215,0.921151
2950,6118,0.921762
2960,6083,0.922371
2970,6094,0.922980
2980,5784,0.923559
2990,5952,0.924154
3000,5792,0.924733
3010,5838,0.925317
3020,5707,0.925887
3030,5846,0.926472
3040,5602,0.927032
3050,5446,0.927577
3060,5500,0.928127
3070,5425,0.928669
3080,5478,0.929217
3090,5458,0.929763
3100,5402,0.930303
3110,5412,0.930844
3120,5320,0.931376
3130,5328,0.931909
3140,5122,0.932421
3150,5249,0.932946
3160,5153,0.933462
3170,5210,0.933983
3180,5118,0.934494
3190,5061,0.935000
3200,4946,0.935495
3210,4874,0.935983
3220,4779,0.936460
3230,4772,0.936938
3240,4706,0.937408
3250,4665,0.937875
3260,4679,0.938343
3270,4785,0.938821
3280,4643,0.939285
3290,4555,0.939741
3300,4491,0.940190
3310,4557,0.940646
3320,4441,0.941090
3330,4504,0.941540
3340,4304,0.941971
3350,4327,0.942403
3360,4343,0.942838
3370,4330,0.943271
3380,4256,0.943696
3390,4244,0.944121
3400,4216,0.944542
3410,4180,0.944960
3420,4213,0.945382
3430,4080,0.945790
3440,4044,0.946194
3450,4267,0.946621
3460,4102,0.947031
3470,4031,0.947434
3480,4080,0.947842
3490,3966,0.948239
3500,3875,0.948626
3510,3912,0.949017
3520,3860,0.949403
3530,3790,0.949782
3540,3824,0.950165
3550,3784,0.950543
3560,3691,0.950912
3570,3711,0.951283
3580,3736,0.951657
3590,3649,0.952022
3600,3626,0.952384
3610,3572,0.952742
3620,3631,0.953105
3630,3541,0.953459
3640,3665,0.953825
3650,3628,0.954188
3660,3429,0.954531
3670,3405,0.954871
3680,3433,0.955215
3690,3368,0.955552
3700,3284,0.955880
3710,3370,0.956217
3720,3203,0.956537
3730,3289,0.956866
3740,3192,0.957185
3750,3197,0.957505
3760,3084,0.957813
3770,3115,0.958125
3780,3198,0.958445
3790,3093,0.958754
3800,3078,0.959062
3810,3000,0.959362
3820,2958,0.959658
3830,2916,0.959949
3840,2872,0.960236
3850,2811,0.960518
3860,2842,0.960802
3870,2847,0.961086
3880,2875,0.961374
3890,2747,0.961649
3900,2772,0.961926
3910,2713,0.962197
3920,2773,0.962474
3930,2697,0.962744
3940,2673,0.963011
3950,2651,0.963277
3960,2662,0.963543
3970,2522,0.963795
3980,2500,0.964045
3990,2602,0.964305
4000,2549,0.964560
4010,2428,0.964803
4020,2383,0.965041
4030,2413,0.965282
4040,2350,0.965517
4050,2436,0.965761
4060,2380,0.965999
4070,2362,0.966235
4080,2260,0.966461
4090,2286,0.966690
4100,2356,0.966925
4110,2294,0.967155
4120,2249,0.967380
4130,2180,0.967598
4140,2156,0.967813
4150,2264,0.968040
4160,2178,0.968258
4170,2086,0.968466
4180,2204,0.968687
4190,2128,0.968899
4200,2115,0.969111
4210,2068,0.969318
4220,2112,0.969529
4230,2034,0.969732
4240,1988,0.969931
4250,2002,0.970131
4260,2073,0.970339
4270,2001,0.970539
4280,1954,0.970734
4290,1990,0.970933
4300,1905,0.971124
4310,1925,0.971316
4320,1937,0.971510
4330,1934,0.971703
4340,1921,0.971895
4350,1925,0.972088
4360,1869,0.972275
4370,1845,0.972459
4380,1920,0.972651
4390,1887,0.972840
4400,1763,0.973016
4410,1804,0.973197
4420,1814,0.973378
4430,1809,0.973559
4440,1824,0.973741
4450,1817,0.973923
4460,1724,0.974095
4470,1787,0.974274
4480,1673,0.974441
4490,1775,0.974619
4500,1792,0.974798
4510,1713,0.974969
4520,1723,0.975142
4530,1699,0.975312
4540,1645,0.975476
4550,1691,0.975645
4560,1699,0.975815
4570,1689,0.975984
4580,1641,0.976148
4590,1605,0.976309
4600,1630,0.976472
4610,1624,0.976634
4620,1592,0.976793
4630,1542,0.976947
4640,1589,0.977106
4650,1593,0.977266
4660,1507,0.977416
4670,1603,0.977577
4680,1523,0.977729
4690,1526,0.977881
4700,1491,0.978031
4710,1565,0.978187
4720,1505,0.978338
4730,1483,0.978486
4740,1455,0.978631
4750,1416,0.978773
4760,1466,0.978920
4770,1499,0.979069
4780,1432,0.979213
4790,1510,0.979364
4800,1379,0.979502
4810,1394,0.979641
4820,1417,0.979783
4830,1403,0.979923
4840,1442,0.980067
4850,1376,0.980205
4860,1431,0.980348
4870,1347,0.980483
4880,1341,0.980617
4890,1412,0.980758
4900,1367,0.980895
4910,1349,0.981029
4920,1307,0.981160
4930,1250,0.981285
4940,1334,0.981419
4950,1290,0.981548
4960,1251,0.981673
4970,1272,0.981800
4980,1258,0.981926
4990,1269,0.982053
5000,1279,0.982180
5010,1201,0.982301
5020,1257,0.982426
5030,1260,0.982552
5040,1231,0.982675
5050,1198,0.982795
5060,1242,0.982919
5070,1206,0.983040
5080,1242,0.983164
5090,1155,0.983280
5100,1171,0.983397
5110,1173,0.983514
5120,1171,0.983631
5130,1167,0.983748
5140,1098,0.983858
5150,1148,0.983972
5160,1160,0.984088
5170,1046,0.984193
5180,1064,0.984299
5190,1114,0.984411
5200,1106,0.984521
5210,1102,0.984632
5220,1092,0.984741
5230,1080,0.984849
5240,1121,0.984961
5250,1039,0.985065
5260,1066,0.985171
5270,1083,0.985280
5280,1079,0.985388
5290,929,0.985481
5300,1021,0.985583
5310,988,0.985681
5320,1022,0.985784
5330,952,0.985879
5340,910,0.985970
5350,976,0.986067
5360,901,0.986158
5370,971,0.986255
5380,981,0.986353
5390,921,0.986445
5400,955,0.986540
5410,880,0.986628
5420,919,0.986720
5430,868,0.986807
5440,860,0.986893
5450,937,0.986987
5460,869,0.987074
5470,879,0.987162
5480,887,0.987250
5490,831,0.987333
5500,823,0.987416
5510,894,0.987505
5520,867,0.987592
5530,870,0.987679
5540,805,0.987759
5550,836,0.987843
5560,792,0.987922
5570,845,0.988007
5580,867,0.988093
5590,755,0.988169
5600,822,0.988251
5610,849,0.988336
5620,793,0.988415
5630,783,0.988494
5640,786,0.988572
5650,775,0.988650
5660,785,0.988728
5670,772,0.988805
5680,725,0.988878
5690,734,0.988951
5700,721,0.989023
5710,701,0.989093
5720,727,0.989166
5730,720,0.989238
5740,730,0.989311
5750,702,0.989381
5760,773,0.989459
5770,653,0.989524
5780,732,0.989597
5790,700,0.989667
5800,742,0.989741
5810,691,0.989810
5820,667,0.989877
5830,707,0.989948
5840,667,0.990014
5850,684,0.990083
5860,645,0.990147
5870,625,0.990210
5880,594,0.990269
5890,669,0.990336
5900,636,0.990400
5910,662,0.990466
5920,632,0.990529
5930,590,0.990588
5940,633,0.990651
5950,624,0.990714
5960,637,0.990778
5970,618,0.990839
5980,610,0.990900
5990,610,0.990961
6000,603,0.991022
6010,586,0.991080
6020,619,0.991142
6030,609,0.991203
6040,570,0.991260
6050,545,0.991315
6060,617,0.991376
6070,599,0.991436
6080,572,0.991493
6090,568,0.991550
6100,548,0.991605
6110,580,0.991663
6120,609,0.991724
6130,585,0.991782
6140,555,0.991838
6150,565,0.991894
6160,561,0.991951
6170,580,0.992009
6180,520,0.992060
6190,529,0.992113
6200,529,0.992166
6210,522,0.992218
6220,546,0.992273
6230,542,0.992327
6240,526,0.992380
6250,497,0.992430
6260,517,0.992481
6270,513,0.992533
6280,532,0.992586
6290,536,0.992639
6300,520,0.992691
6310,528,0.992744
6320,505,0.992795
6330,524,0.992847
6340,512,0.992898
6350,474,0.992946
6360,479,0.992994
6370,486,0.993042
6380,475,0.993090
6390,488,0.993138
6400,482,0.993187
6410,478,0.993235
6420,463,0.993281
6430,457,0.993326
6440,464,0.993373
6450,473,0.993420
6460,500,0.993470
6470,439,0.993514
6480,499,0.993564
6490,464,0.993610
6500,476,0.993658
6510,442,0.993702
6520,401,0.993742
6530,441,0.993786
6540,464,0.993833
6550,458,0.993879
6560,406,0.993919
6570,437,0.993963
6580,415,0.994004
6590,452,0.994050
6600,450,0.994095
6610,432,0.994138
6620,416,0.994179
6630,406,0.994220
6640,434,0.994263
6650,371,0.994300
6660,395,0.994340
6670,430,0.994383
6680,415,0.994424
6690,385,0.994463
6700,384,0.994501
6710,451,0.994546
6720,412,0.994588
6730,410,0.994629
6740,382,0.994667
6750,409,0.994708
6760,398,0.994748
6770,413,0.994789
6780,400,0.994829
6790,374,0.994866
6800,350,0.994901
6810,396,0.994941
6820,367,0.994978
6830,396,0.995017
6840,373,0.995054
6850,360,0.995090
6860,362,0.995127
6870,391,0.995166
6880,379,0.995204
6890,359,0.995240
6900,400,0.995280
6910,289,0.995309
6920,381,0.995347
6930,361,0.995383
6940,381,0.995421
6950,380,0.995459
6960,364,0.995495
6970,358,0.995531
6980,318,0.995563
6990,347,0.995597
7000,361,0.995634
7010,346,0.995668
7020,356,0.995704
7030,338,0.995738
7040,366,0.995774
7050,323,0.995807
7060,340,0.995840
7070,344,0.995875
7080,331,0.995908
7090,332,0.995941
7100,350,0.995976
7110,359,0.996012
7120,370,0.996049
7130,337,0.996083
7140,328,0.996116
7150,335,0.996149
7160,296,0.996179
7170,344,0.996213
7180,336,0.996247
7190,299,0.996277
7200,320,0.996309
7210,319,0.996341
7220,308,0.996371
7230,316,0.996403
7240,307,0.996434
7250,317,0.996465
7260,307,0.996496
7270,316,0.996528
7280,306,0.996558
7290,307,0.996589
7300,285,0.996617
7310,311,0.996648
7320,287,0.996677
7330,331,0.996710
7340,296,0.996740
7350,295,0.996769
7360,321,0.996801
7370,259,0.996827
7380,324,0.996860
7390,266,0.996886
7400,270,0.996913
7410,279,0.996941
7420,267,0.996968
7430,315,0.997000
7440,276,0.997027
7450,265,0.997054
7460,269,0.997081
7470,262,0.997107
7480,254,0.997132
7490,263,0.997158
7500,269,0.997185
7510,299,0.997215
7520,311,0.997246
7530,255,0.997272
7540,235,0.997295
7550,246,0.997320
7560,244,0.997344
7570,244,0.997369
7580,266,0.997395
7590,250,0.997420
7600,269,0.997447
7610,278,0.997475
7620,234,0.997498
7630,241,0.997522
7640,228,0.997545
7650,256,0.997571
7660,213,0.997592
7670,226,0.997615
7680,249,0.997640
7690,210,0.997661
7700,240,0.997685
7710,206,0.997705
7720,211,0.997726
7730,243,0.997751
7740,234,0.997774
7750,247,0.997799
7760,220,0.997821
7770,227,0.997844
7780,219,0.997865
7790,214,0.997887
7800,210,0.997908
7810,206,0.997928
7820,235,0.997952
7830,211,0.997973
7840,211,0.997994
7850,202,0.998014
7860,196,0.998034
7870,202,0.998054
7880,193,0.998073
7890,210,0.998094
7900,195,0.998114
7910,184,0.998132
7920,212,0.998154
7930,211,0.998175
7940,179,0.998192
7950,183,0.998211
7960,167,0.998227
7970,205,0.998248
7980,192,0.998267
7990,189,0.998286
8000,188,0.998305
8010,182,0.998323
8020,199,0.998343
8030,187,0.998362
8040,169,0.998379
8050,173,0.998396
8060,175,0.998413
8070,165,0.998430
8080,175,0.998447
8090,178,0.998465
8100,148,0.998480
8110,147,0.998495
8120,146,0.998509
8130,161,0.998525
8140,154,0.998541
8150,133,0.998554
8160,161,0.998570
8170,139,0.998584
8180,150,0.998599
8190,153,0.998614
8200,142,0.998629
8210,158,0.998644
8220,156,0.998660
8230,145,0.998675
8240,123,0.998687
8250,153,0.998702
8260,128,0.998715
8270,145,0.998729
8280,132,0.998743
8290,133,0.998756
8300,146,0.998770
8310,116,0.998782
8320,133,0.998795
8330,123,0.998808
8340,140,0.998822
8350,147,0.998836
8360,129,0.998849
8370,136,0.998863
8380,133,0.998876
8390,134,0.998890
8400,127,0.998902
8410,119,0.998914
8420,121,0.998926
8430,118,0.998938
8440,102,0.998948
8450,96,0.998958
8460,97,0.998968
8470,116,0.998979
8480,125,0.998992
8490,115,0.999003
8500,112,0.999014
8510,98,0.999024
8520,113,0.999035
8530,115,0.999047
8540,85,0.999056
8550,104,0.999066
8560,104,0.999076
8570,105,0.999087
8580,124,0.999099
8590,96,0.999109
8600,109,0.999120
8610,101,0.999130
8620,92,0.999139
8630,108,0.999150
8640,85,0.999158
8650,99,0.999168
8660,109,0.999179
8670,117,0.999191
8680,92,0.999200
8690,97,0.999210
8700,83,0.999218
8710,91,0.999227
8720,120,0.999239
8730,78,0.999247
8740,96,0.999256
8750,70,0.999264
8760,73,0.999271
8770,87,0.999279
8780,83,0.999288
8790,88,0.999297
8800,93,0.999306
8810,71,0.999313
8820,97,0.999323
8830,78,0.999331
8840,75,0.999338
8850,83,0.999346
8860,75,0.999354
8870,71,0.999361
8880,80,0.999369
8890,76,0.999376
8900,68,0.999383
8910,86,0.999392
8920,68,0.999399
8930,74,0.999406
8940,83,0.999414
8950,54,0.999420
8960,80,0.999428
8970,65,0.999434
8980,70,0.999441
8990,66,0.999448
9000,76,0.999456
9010,63,0.999462
9020,55,0.999467
9030,56,0.999473
9040,67,0.999480
9050,59,0.999485
9060,59,0.999491
9070,52,0.999497
9080,70,0.999504
9090,58,0.999509
9100,49,0.999514
9110,54,0.999520
9120,49,0.999525
9130,52,0.999530
9140,48,0.999535
9150,46,0.999539
9160,56,0.999545
9170,49,0.999550
9180,51,0.999555
9190,45,0.999559
9200,66,0.999566
9210,48,0.999571
9220,39,0.999575
9230,47,0.999579
9240,46,0.999584
9250,42,0.999588
9260,49,0.999593
9270,38,0.999597
9280,51,0.999602
9290,39,0.999606
9300,53,0.999611
9310,33,0.999614
9320,45,0.999619
9330,44,0.999623
9340,36,0.999627
9350,35,0.999630
9360,46,0.999635
9370,39,0.999639
9380,39,0.999643
9390,58,0.999649
9400,30,0.999652
9410,43,0.999656
9420,43,0.999660
9430,41,0.999664
9440,33,0.999668
9450,39,0.999672
9460,34,0.999675
9470,29,0.999678
9480,39,0.999682
9490,30,0.999685
9500,39,0.999689
9510,27,0.999691
9520,37,0.999695
9530,43,0.999699
9540,37,0.999703
9550,26,0.999706
9560,40,0.999710
9570,26,0.999712
9580,26,0.999715
9590,33,0.999718
9600,31,0.999721
9610,35,0.999725
9620,33,0.999728
9630,25,0.999731
9640,35,0.999734
9650,26,0.999737
9660,27,0.999739
9670,34,0.999743
9680,40,0.999747
9690,25,0.999749
9700,30,0.999752
9710,29,0.999755
9720,35,0.999759
9730,22,0.999761
9740,18,0.999763
9750,23,0.999765
9760,32,0.999768
9770,36,0.999772
9780,26,0.999774
9790,28,0.999777
9800,28,0.999780
9810,28,0.999783
9820,30,0.999786
9830,22,0.999788
9840,24,0.999790
9850,23,0.999793
9860,29,0.999795
9870,26,0.999798
9880,24,0.999801
9890,30,0.999803
9900,29,0.999806
9910,16,0.999808
9920,18,0.999810
9930,21,0.999812
9940,22,0.999814
9950,20,0.999816
9960,19,0.999818
9970,13,0.999819
9980,21,0.999821
9990,20,0.999823
10000,19,0.999825
10010,25,0.999828
10020,22,0.999830
10030,23,0.999832
10040,18,0.999834
10050,14,0.999835
10060,14,0.999837
10070,13,0.999838
10080,17,0.999840
10090,14,0.999841
10100,18,0.999843
10110,14,0.999844
10120,13,0.999846
10130,16,0.999847
10140,16,0.999849
10150,20,0.999851
10160,19,0.999853
10170,16,0.999855
10180,19,0.999856
10190,22,0.999859
10200,27,0.999861
10210,18,0.999863
10220,14,0.999865
10230,14,0.999866
10240,5,0.999866
10250,12,0.999868
10260,21,0.999870
10270,17,0.999871
10280,11,0.999873
10290,7,0.999873
10300,12,0.999874
10310,9,0.999875
10320,12,0.999876
10330,13,0.999878
10340,10,0.999879
10350,12,0.999880
10360,9,0.999881
10370,11,0.999882
10380,10,0.999883
10390,6,0.999884
10400,17,0.999885
10410,11,0.999886
10420,14,0.999888
10430,8,0.999889
10440,14,0.999890
10450,9,0.999891
10460,12,0.999892
10470,8,0.999893
10480,13,0.999894
10490,6,0.999895
10500,12,0.999896
10510,8,0.999897
10520,14,0.999898
10530,15,0.999900
10540,10,0.999901
10550,16,0.999902
10560,10,0.999903
10570,6,0.999904
10580,10,0.999905
10590,5,0.999905
10600,10,0.999906
10610,9,0.999907
10620,6,0.999908
10630,7,0.999909
10640,9,0.999910
10650,5,0.999910
10660,3,0.999910
10670,11,0.999911
10680,9,0.999912
10690,10,0.999913
10700,8,0.999914
10710,14,0.999915
10720,11,0.999917
10730,8,0.999917
10740,7,0.999918
10750,9,0.999919
10760,4,0.999919
10770,14,0.999921
10780,8,0.999922
10790,11,0.999923
10800,6,0.999923
10810,9,0.999924
10820,4,0.999925
10830,20,0.999927
10840,11,0.999928
10850,7,0.999928
10860,6,0.999929
10870,5,0.999929
10880,3,0.999930
10890,5,0.999930
10900,5,0.999931
10910,14,0.999932
10920,9,0.999933
10930,5,0.999934
10940,3,0.999934
10950,7,0.999935
10960,5,0.999935
10970,7,0.999936
10980,8,0.999937
10990,7,0.999937
11000,5,0.999938
11010,7,0.999938
11020,2,0.999939
11030,11,0.999940
11040,6,0.999940
11050,5,0.999941
11060,6,0.999942
11070,3,0.999942
11080,9,0.999943
11090,9,0.999944
11100,10,0.999945
11110,6,0.999945
11120,4,0.999946
11130,3,0.999946
11140,5,0.999946
11150,9,0.999947
11160,8,0.999948
11170,1,0.999948
11180,5,0.999949
11190,3,0.999949
11200,7,0.999950
11210,1,0.999950
11220,1,0.999950
11230,5,0.999950
11240,5,0.999951
11250,1,0.999951
11260,5,0.999951
11270,3,0.999952
11280,5,0.999952
11290,2,0.999952
11300,7,0.999953
11310,8,0.999954
11320,6,0.999955
11330,5,0.999955
11340,1,0.999955
11350,10,0.999956
11360,2,0.999956
11370,7,0.999957
11390,4,0.999958
11400,4,0.999958
11410,3,0.999958
11420,3,0.999959
11430,7,0.999959
11440,4,0.999960
11450,4,0.999960
11460,1,0.999960
11470,4,0.999960
11480,3,0.999961
11490,5,0.999961
11500,3,0.999962
11510,2,0.999962
11520,6,0.999962
11530,3,0.999963
11540,3,0.999963
11550,5,0.999964
11560,3,0.999964
11570,1,0.999964
11580,3,0.999964
11590,3,0.999964
11600,1,0.999965
11610,2,0.999965
11620,2,0.999965
11630,2,0.999965
11640,2,0.999965
11650,5,0.999966
11660,3,0.999966
11670,4,0.999967
11680,3,0.999967
11690,4,0.999967
11700,1,0.999967
11710,4,0.999968
11720,6,0.999968
11730,2,0.999969
11740,6,0.999969
11750,4,0.999970
11760,2,0.999970
11770,4,0.999970
11780,6,0.999971
11790,6,0.999971
11800,5,0.999972
11810,4,0.999972
11820,5,0.999973
11830,5,0.999973
11840,2,0.999973
11850,2,0.999974
11860,2,0.999974
11870,2,0.999974
11880,6,0.999975
11890,4,0.999975
11900,3,0.999975
11910,3,0.999976
11920,6,0.999976
11930,1,0.999976
11940,4,0.999977
11950,3,0.999977
11960,4,0.999978
11970,4,0.999978
11980,2,0.999978
11990,1,0.999978
12000,3,0.999978
12010,2,0.999979
12020,2,0.999979
12030,1,0.999979
12040,4,0.999979
12050,4,0.999980
12060,2,0.999980
12070,4,0.999980
12080,2,0.999981
12090,1,0.999981
12110,2,0.999981
12120,1,0.999981
12130,4,0.999981
12140,2,0.999982
12150,2,0.999982
12160,5,0.999982
12170,1,0.999982
12180,1,0.999982
12190,2,0.999983
12200,1,0.999983
12210,1,0.999983
12220,1,0.999983
12240,1,0.999983
12250,2,0.999983
12260,2,0.999983
12270,4,0.999984
12280,3,0.999984
12290,3,0.999985
12300,2,0.999985
12320,1,0.999985
12330,4,0.999985
12340,1,0.999985
12350,1,0.999985
12360,1,0.999986
12370,3,0.999986
12380,1,0.999986
12390,2,0.999986
12400,1,0.999986
12410,1,0.999986
12420,2,0.999987
12430,3,0.999987
12440,2,0.999987
12450,1,0.999987
12460,1,0.999987
12470,2,0.999987
12480,2,0.999988
12500,2,0.999988
12510,1,0.999988
12520,2,0.999988
12530,1,0.999988
12550,1,0.999988
12560,1,0.999988
12570,1,0.999988
12580,1,0.999989
12590,1,0.999989
12620,1,0.999989
12650,1,0.999989
12670,2,0.999989
12700,2,0.999989
12720,1,0.999989
12730,1,0.999990
12740,2,0.999990
12750,1,0.999990
12760,2,0.999990
12770,1,0.999990
12790,1,0.999990
12810,2,0.999990
12820,1,0.999991
12850,2,0.999991
12870,1,0.999991
12880,1,0.999991
12900,1,0.999991
12910,2,0.999991
12920,1,0.999991
12930,3,0.999992
12940,2,0.999992
12960,2,0.999992
12970,1,0.999992
12980,1,0.999992
12990,1,0.999992
13010,1,0.999992
13030,1,0.999992
13050,1,0.999993
13110,2,0.999993
13130,1,0.999993
13140,1,0.999993
13180,1,0.999993
13190,2,0.999993
13210,1,0.999993
13240,1,0.999994
13270,1,0.999994
13280,2,0.999994
13290,1,0.999994
13340,1,0.999994
13360,1,0.999994
13370,1,0.999994
13420,1,0.999994
13440,1,0.999994
13450,1,0.999995
13460,1,0.999995
13510,1,0.999995
13530,1,0.999995
13550,2,0.999995
13570,1,0.999995
13610,1,0.999995
13650,1,0.999995
13670,1,0.999995
13680,1,0.999996
13690,2,0.999996
13700,1,0.999996
13730,2,0.999996
13740,2,0.999996
13750,1,0.999996
13770,1,0.999996
13790,1,0.999996
13820,1,0.999997
13910,1,0.999997
13940,1,0.999997
13970,1,0.999997
13980,2,0.999997
13990,1,0.999997
14010,1,0.999997
14020,1,0.999997
14030,2,0.999998
14050,2,0.999998
14060,1,0.999998
14070,1,0.999998
14080,1,0.999998
14090,1,0.999998
14110,1,0.999998
14150,1,0.999998
14160,1,0.999999
14200,1,0.999999
14220,1,0.999999
14260,1,0.999999
14270,2,0.999999
14290,1,0.999999
14330,1,0.999999
14360,2,0.999999
14490,1,1.000000
14540,1,1.000000
14690,1,1.000000
14850,1,1.000000
14900,1,1.000000
14940,1,1.000000
