#latency,cnt,cdf
30,2,0.000000
50,43627,0.004363
60,118819,0.016245
70,133017,0.029546
80,138724,0.043419
90,88026,0.052221
100,95308,0.061752
110,183956,0.080148
120,140396,0.094187
130,114901,0.105678
140,107088,0.116386
150,107777,0.127164
160,107106,0.137875
170,105590,0.148434
180,111541,0.159588
190,106473,0.170235
200,103296,0.180565
210,98706,0.190435
220,97199,0.200155
230,95640,0.209719
240,94739,0.219193
250,94643,0.228657
260,93738,0.238031
270,93217,0.247353
280,93525,0.256705
290,93117,0.266017
300,91466,0.275164
310,90488,0.284212
320,89209,0.293133
330,87101,0.301843
340,86701,0.310514
350,85330,0.319047
360,82694,0.327316
370,81666,0.335483
380,79896,0.343472
390,79211,0.351393
400,78412,0.359235
410,77398,0.366974
420,76151,0.374589
430,75048,0.382094
440,73453,0.389439
450,72469,0.396686
460,70981,0.403785
470,69327,0.410717
480,69358,0.417653
490,68018,0.424455
500,66916,0.431146
510,66196,0.437766
520,66262,0.444392
530,65366,0.450929
540,65327,0.457462
550,64287,0.463890
560,63672,0.470257
570,63167,0.476574
580,62326,0.482807
590,60611,0.488868
600,60330,0.494901
610,59473,0.500848
620,58547,0.506703
630,57392,0.512442
640,56681,0.518110
650,55934,0.523704
660,55135,0.529217
670,55271,0.534744
680,54368,0.540181
690,52916,0.545473
700,52560,0.550728
710,51953,0.555924
720,50348,0.560959
730,49893,0.565948
740,48938,0.570842
750,48347,0.575676
760,47899,0.580466
770,47422,0.585208
780,46710,0.589880
790,46389,0.594518
800,46136,0.599132
810,46066,0.603739
820,45200,0.608259
830,45196,0.612778
840,44175,0.617196
850,43629,0.621559
860,42864,0.625845
870,42236,0.630069
880,41178,0.634186
890,41016,0.638288
900,40123,0.642300
910,39729,0.646273
920,39384,0.650212
930,38609,0.654073
940,38644,0.657937
950,38106,0.661748
960,37124,0.665460
970,36978,0.669158
980,35988,0.672756
990,35661,0.676323
1000,35055,0.679828
1010,35020,0.683330
1020,34569,0.686787
1030,33726,0.690160
1040,33734,0.693533
1050,33498,0.696883
1060,33451,0.700228
1070,33229,0.703551
1080,32638,0.706815
1090,31952,0.710010
1100,32209,0.713231
1110,30951,0.716326
1120,31032,0.719429
1130,30348,0.722464
1140,30391,0.725503
1150,29595,0.728462
1160,29381,0.731400
1170,29289,0.734329
1180,28724,0.737202
1190,28125,0.740014
1200,27990,0.742813
1210,27759,0.745589
1220,27247,0.748314
1230,26743,0.750988
1240,26612,0.753649
1250,26311,0.756280
1260,26039,0.758884
1270,25611,0.761446
1280,25400,0.763986
1290,24783,0.766464
1300,24668,0.768931
1310,24613,0.771392
1320,24438,0.773836
1330,23992,0.776235
1340,23888,0.778624
1350,23398,0.780963
1360,23399,0.783303
1370,22798,0.785583
1380,22652,0.787848
1390,22868,0.790135
1400,21954,0.792331
1410,21626,0.794493
1420,21409,0.796634
1430,21388,0.798773
1440,21364,0.800909
1450,20885,0.802998
1460,20662,0.805064
1470,20483,0.807112
1480,20599,0.809172
1490,19711,0.811143
1500,19940,0.813137
1510,19666,0.815104
1520,19310,0.817035
1530,19004,0.818935
1540,18759,0.820811
1550,18381,0.822649
1560,18641,0.824513
1570,18196,0.826333
1580,18213,0.828154
1590,17939,0.829948
1600,17948,0.831743
1610,17754,0.833518
1620,17406,0.835259
1630,17305,0.836990
1640,16970,0.838687
1650,16724,0.840359
1660,16602,0.842019
1670,16514,0.843670
1680,15972,0.845268
1690,16296,0.846897
1700,15919,0.848489
1710,15643,0.850053
1720,15310,0.851584
1730,15494,0.853134
1740,15142,0.854648
1750,14750,0.856123
1760,14762,0.857599
1770,14557,0.859055
1780,14229,0.860478
1790,14190,0.861897
1800,14274,0.863324
1810,13855,0.864710
1820,13748,0.866085
1830,13941,0.867479
1840,13561,0.868835
1850,13370,0.870172
1860,13264,0.871498
1870,13021,0.872800
1880,12995,0.874100
1890,12683,0.875368
1900,12432,0.876611
1910,12445,0.877856
1920,12272,0.879083
1930,12041,0.880287
1940,12043,0.881491
1950,11918,0.882683
1960,11785,0.883862
1970,11801,0.885042
1980,11428,0.886185
1990,11361,0.887321
2000,11358,0.888457
2010,11179,0.889574
2020,10871,0.890661
2030,10842,0.891746
2040,10675,0.892813
2050,10602,0.893873
2060,10353,0.894909
2070,10289,0.895938
2080,10116,0.896949
2090,10329,0.897982
2100,10052,0.898987
2110,9989,0.899986
2120,9828,0.900969
2130,9592,0.901928
2140,9574,0.902886
2150,9669,0.903853
2160,9375,0.904790
2170,9442,0.905734
2180,9118,0.906646
2190,9075,0.907553
2200,9070,0.908460
2210,8787,0.909339
2220,8750,0.910214
2230,8664,0.911081
2240,8554,0.911936
2250,8585,0.912794
2260,8399,0.913634
2270,8228,0.914457
2280,8355,0.915293
2290,8109,0.916104
2300,8056,0.916909
2310,8012,0.917710
2320,7770,0.918487
2330,7758,0.919263
2340,7753,0.920039
2350,7658,0.920804
2360,7600,0.921564
2370,7351,0.922299
2380,7332,0.923033
2390,7214,0.923754
2400,7165,0.924470
2410,7162,0.925187
2420,7145,0.925901
2430,7042,0.926605
2440,6807,0.927286
2450,6814,0.927967
2460,6679,0.928635
2470,6810,0.929316
2480,6698,0.929986
2490,6555,0.930642
2500,6660,0.931308
2510,6612,0.931969
2520,6405,0.932609
2530,6437,0.933253
2540,6213,0.933874
2550,6365,0.934511
2560,6105,0.935121
2570,6127,0.935734
2580,6067,0.936341
2590,6066,0.936947
2600,5938,0.937541
2610,6041,0.938145
2620,5778,0.938723
2630,5870,0.939310
2640,5574,0.939867
2650,5831,0.940451
2660,5683,0.941019
2670,5536,0.941572
2680,5438,0.942116
2690,5265,0.942643
2700,5283,0.943171
2710,5144,0.943685
2720,5237,0.944209
2730,5221,0.944731
2740,5222,0.945253
2750,5076,0.945761
2760,5124,0.946274
2770,4955,0.946769
2780,4979,0.947267
2790,4957,0.947763
2800,4777,0.948240
2810,4850,0.948725
2820,4755,0.949201
2830,4649,0.949666
2840,4658,0.950131
2850,4520,0.950584
2860,4653,0.951049
2870,4548,0.951504
2880,4497,0.951953
2890,4339,0.952387
2900,4370,0.952824
2910,4387,0.953263
2920,4374,0.953700
2930,4124,0.954113
2940,4111,0.954524
2950,4236,0.954947
2960,4200,0.955367
2970,4018,0.955769
2980,4179,0.956187
2990,4049,0.956592
3000,3966,0.956989
3010,3899,0.957379
3020,4011,0.957780
3030,3831,0.958163
3040,3892,0.958552
3050,3860,0.958938
3060,3704,0.959308
3070,3667,0.959675
3080,3708,0.960046
3090,3618,0.960408
3100,3509,0.960759
3110,3451,0.961104
3120,3474,0.961451
3130,3507,0.961802
3140,3418,0.962143
3150,3543,0.962498
3160,3322,0.962830
3170,3279,0.963158
3180,3251,0.963483
3190,3224,0.963805
3200,3236,0.964129
3210,3224,0.964451
3220,3060,0.964757
3230,3027,0.965060
3240,3051,0.965365
3250,3150,0.965680
3260,3038,0.965984
3270,2973,0.966281
3280,2941,0.966575
3290,2926,0.966868
3300,2992,0.967167
3310,2916,0.967459
3320,2926,0.967751
3330,2790,0.968030
3340,2814,0.968312
3350,2809,0.968593
3360,2773,0.968870
3370,2644,0.969134
3380,2658,0.969400
3390,2650,0.969665
3400,2664,0.969932
3410,2625,0.970194
3420,2641,0.970458
3430,2482,0.970706
3440,2453,0.970952
3450,2479,0.971200
3460,2546,0.971454
3470,2448,0.971699
3480,2493,0.971948
3490,2485,0.972197
3500,2424,0.972439
3510,2487,0.972688
3520,2388,0.972927
3530,2338,0.973161
3540,2355,0.973396
3550,2312,0.973627
3560,2274,0.973855
3570,2240,0.974079
3580,2198,0.974298
3590,2178,0.974516
3600,2178,0.974734
3610,2124,0.974946
3620,2154,0.975162
3630,2178,0.975380
3640,2111,0.975591
3650,2102,0.975801
3660,2050,0.976006
3670,2046,0.976210
3680,1996,0.976410
3690,1976,0.976608
3700,1986,0.976806
3710,1957,0.977002
3720,1912,0.977193
3730,2006,0.977394
3740,1862,0.977580
3750,1888,0.977769
3760,1908,0.977960
3770,1850,0.978145
3780,1936,0.978338
3790,1750,0.978513
3800,1806,0.978694
3810,1864,0.978880
3820,1738,0.979054
3830,1692,0.979223
3840,1798,0.979403
3850,1671,0.979570
3860,1628,0.979733
3870,1778,0.979911
3880,1708,0.980081
3890,1641,0.980246
3900,1690,0.980415
3910,1596,0.980574
3920,1689,0.980743
3930,1625,0.980906
3940,1564,0.981062
3950,1568,0.981219
3960,1475,0.981366
3970,1560,0.981522
3980,1504,0.981673
3990,1477,0.981820
4000,1565,0.981977
4010,1540,0.982131
4020,1425,0.982273
4030,1376,0.982411
4040,1511,0.982562
4050,1545,0.982717
4060,1395,0.982856
4070,1420,0.982998
4080,1436,0.983142
4090,1376,0.983279
4100,1303,0.983410
4110,1402,0.983550
4120,1316,0.983681
4130,1332,0.983815
4140,1370,0.983952
4150,1305,0.984082
4160,1271,0.984209
4170,1294,0.984339
4180,1266,0.984465
4190,1329,0.984598
4200,1254,0.984724
4210,1254,0.984849
4220,1233,0.984972
4230,1197,0.985092
4240,1255,0.985217
4250,1170,0.985334
4260,1193,0.985454
4270,1176,0.985571
4280,1214,0.985693
4290,1097,0.985802
4300,1166,0.985919
4310,1159,0.986035
4320,1121,0.986147
4330,1125,0.986260
4340,1090,0.986368
4350,1034,0.986472
4360,1109,0.986583
4370,1096,0.986692
4380,1104,0.986803
4390,1110,0.986914
4400,1026,0.987016
4410,1062,0.987123
4420,1008,0.987223
4430,1037,0.987327
4440,1019,0.987429
4450,1051,0.987534
4460,988,0.987633
4470,969,0.987730
4480,951,0.987825
4490,983,0.987923
4500,974,0.988021
4510,969,0.988118
4520,1016,0.988219
4530,983,0.988317
4540,927,0.988410
4550,948,0.988505
4560,930,0.988598
4570,957,0.988694
4580,897,0.988783
4590,888,0.988872
4600,873,0.988959
4610,829,0.989042
4620,881,0.989130
4630,872,0.989218
4640,843,0.989302
4650,830,0.989385
4660,896,0.989474
4670,840,0.989559
4680,849,0.989643
4690,870,0.989730
4700,771,0.989807
4710,810,0.989888
4720,811,0.989970
4730,828,0.990052
4740,802,0.990133
4750,756,0.990208
4760,805,0.990289
4770,804,0.990369
4780,760,0.990445
4790,732,0.990518
4800,726,0.990591
4810,734,0.990664
4820,758,0.990740
4830,695,0.990810
4840,746,0.990884
4850,695,0.990954
4860,741,0.991028
4870,710,0.991099
4880,714,0.991170
4890,733,0.991243
4900,704,0.991314
4910,622,0.991376
4920,667,0.991443
4930,636,0.991506
4940,676,0.991574
4950,627,0.991637
4960,666,0.991703
4970,620,0.991765
4980,661,0.991831
4990,648,0.991896
5000,607,0.991957
5010,606,0.992018
5020,628,0.992080
5030,653,0.992146
5040,584,0.992204
5050,564,0.992260
5060,589,0.992319
5070,573,0.992377
5080,622,0.992439
5090,598,0.992499
5100,637,0.992562
5110,588,0.992621
5120,570,0.992678
5130,555,0.992734
5140,554,0.992789
5150,539,0.992843
5160,588,0.992902
5170,533,0.992955
5180,571,0.993012
5190,551,0.993067
5200,548,0.993122
5210,538,0.993176
5220,524,0.993228
5230,496,0.993278
5240,527,0.993330
5250,512,0.993382
5260,507,0.993432
5270,518,0.993484
5280,495,0.993534
5290,518,0.993586
5300,475,0.993633
5310,494,0.993682
5320,482,0.993731
5330,462,0.993777
5340,476,0.993824
5350,457,0.993870
5360,444,0.993914
5370,451,0.993960
5380,470,0.994007
5390,468,0.994053
5400,474,0.994101
5410,432,0.994144
5420,472,0.994191
5430,463,0.994237
5440,423,0.994280
5450,471,0.994327
5460,425,0.994369
5470,422,0.994412
5480,373,0.994449
5490,437,0.994493
5500,409,0.994533
5510,421,0.994576
5520,366,0.994612
5530,385,0.994651
5540,394,0.994690
5550,386,0.994729
5560,385,0.994767
5570,356,0.994803
5580,386,0.994841
5590,370,0.994878
5600,365,0.994915
5610,371,0.994952
5620,383,0.994990
5630,359,0.995026
5640,348,0.995061
5650,346,0.995096
5660,332,0.995129
5670,342,0.995163
5680,372,0.995200
5690,348,0.995235
5700,337,0.995269
5710,325,0.995301
5720,348,0.995336
5730,319,0.995368
5740,298,0.995398
5750,336,0.995431
5760,321,0.995463
5770,304,0.995494
5780,314,0.995525
5790,330,0.995558
5800,282,0.995586
5810,328,0.995619
5820,324,0.995652
5830,313,0.995683
5840,297,0.995713
5850,288,0.995741
5860,279,0.995769
5870,280,0.995797
5880,261,0.995823
5890,285,0.995852
5900,285,0.995880
5910,303,0.995911
5920,271,0.995938
5930,285,0.995966
5940,283,0.995995
5950,286,0.996023
5960,266,0.996050
5970,268,0.996077
5980,259,0.996103
5990,231,0.996126
6000,231,0.996149
6010,276,0.996176
6020,235,0.996200
6030,260,0.996226
6040,256,0.996251
6050,256,0.996277
6060,234,0.996300
6070,246,0.996325
6080,214,0.996346
6090,261,0.996373
6100,224,0.996395
6110,210,0.996416
6120,232,0.996439
6130,209,0.996460
6140,213,0.996481
6150,224,0.996504
6160,215,0.996525
6170,227,0.996548
6180,237,0.996572
6190,242,0.996596
6200,206,0.996616
6210,184,0.996635
6220,206,0.996655
6230,210,0.996676
6240,208,0.996697
6250,211,0.996718
6260,210,0.996739
6270,227,0.996762
6280,209,0.996783
6290,199,0.996803
6300,207,0.996823
6310,217,0.996845
6320,195,0.996865
6330,196,0.996884
6340,185,0.996903
6350,195,0.996922
6360,202,0.996943
6370,205,0.996963
6380,217,0.996985
6390,201,0.997005
6400,187,0.997024
6410,194,0.997043
6420,194,0.997062
6430,187,0.997081
6440,224,0.997103
6450,192,0.997123
6460,145,0.997137
6470,165,0.997154
6480,187,0.997172
6490,169,0.997189
6500,193,0.997208
6510,193,0.997228
6520,169,0.997245
6530,165,0.997261
6540,164,0.997278
6550,184,0.997296
6560,198,0.997316
6570,170,0.997333
6580,175,0.997350
6590,161,0.997366
6600,159,0.997382
6610,177,0.997400
6620,170,0.997417
6630,151,0.997432
6640,171,0.997449
6650,169,0.997466
6660,174,0.997483
6670,168,0.997500
6680,150,0.997515
6690,168,0.997532
6700,176,0.997550
6710,158,0.997566
6720,173,0.997583
6730,149,0.997598
6740,154,0.997613
6750,144,0.997627
6760,143,0.997642
6770,162,0.997658
6780,164,0.997674
6790,162,0.997691
6800,144,0.997705
6810,163,0.997721
6820,162,0.997738
6830,149,0.997752
6840,139,0.997766
6850,158,0.997782
6860,158,0.997798
6870,146,0.997813
6880,155,0.997828
6890,155,0.997844
6900,142,0.997858
6910,151,0.997873
6920,154,0.997888
6930,151,0.997903
6940,131,0.997916
6950,132,0.997930
6960,129,0.997943
6970,159,0.997958
6980,146,0.997973
6990,143,0.997987
7000,139,0.998001
7010,125,0.998014
7020,111,0.998025
7030,123,0.998037
7040,133,0.998050
7050,126,0.998063
7060,138,0.998077
7070,129,0.998090
7080,148,0.998105
7090,130,0.998118
7100,128,0.998130
7110,124,0.998143
7120,118,0.998155
7130,115,0.998166
7140,133,0.998179
7150,112,0.998191
7160,119,0.998202
7170,131,0.998215
7180,124,0.998228
7190,103,0.998238
7200,138,0.998252
7210,119,0.998264
7220,96,0.998273
7230,100,0.998284
7240,144,0.998298
7250,127,0.998311
7260,133,0.998324
7270,110,0.998335
7280,121,0.998347
7290,134,0.998360
7300,100,0.998370
7310,102,0.998381
7320,123,0.998393
7330,115,0.998404
7340,112,0.998416
7350,107,0.998426
7360,115,0.998438
7370,106,0.998448
7380,115,0.998460
7390,109,0.998471
7400,114,0.998482
7410,117,0.998494
7420,114,0.998505
7430,106,0.998516
7440,88,0.998525
7450,121,0.998537
7460,113,0.998548
7470,93,0.998557
7480,98,0.998567
7490,119,0.998579
7500,91,0.998588
7510,103,0.998599
7520,95,0.998608
7530,93,0.998617
7540,102,0.998627
7550,88,0.998636
7560,101,0.998646
7570,101,0.998657
7580,108,0.998667
7590,99,0.998677
7600,105,0.998688
7610,101,0.998698
7620,98,0.998708
7630,92,0.998717
7640,108,0.998728
7650,100,0.998738
7660,100,0.998748
7670,86,0.998756
7680,82,0.998764
7690,90,0.998773
7700,79,0.998781
7710,96,0.998791
7720,101,0.998801
7730,106,0.998812
7740,88,0.998820
7750,106,0.998831
7760,96,0.998841
7770,75,0.998848
7780,96,0.998858
7790,91,0.998867
7800,62,0.998873
7810,102,0.998883
7820,72,0.998890
7830,84,0.998899
7840,81,0.998907
7850,74,0.998914
7860,80,0.998922
7870,77,0.998930
7880,98,0.998940
7890,102,0.998950
7900,85,0.998959
7910,94,0.998968
7920,98,0.998978
7930,81,0.998986
7940,73,0.998993
7950,61,0.998999
7960,80,0.999007
7970,71,0.999014
7980,77,0.999022
7990,74,0.999029
8000,72,0.999037
8010,89,0.999045
8020,90,0.999054
8030,67,0.999061
8040,84,0.999070
8050,74,0.999077
8060,79,0.999085
8070,83,0.999093
8080,66,0.999100
8090,66,0.999106
8100,70,0.999113
8110,73,0.999121
8120,75,0.999128
8130,56,0.999134
8140,77,0.999142
8150,63,0.999148
8160,79,0.999156
8170,71,0.999163
8180,51,0.999168
8190,79,0.999176
8200,59,0.999182
8210,82,0.999190
8220,64,0.999196
8230,57,0.999202
8240,67,0.999209
8250,67,0.999215
8260,75,0.999223
8270,58,0.999229
8280,60,0.999235
8290,66,0.999241
8300,60,0.999247
8310,65,0.999254
8320,60,0.999260
8330,65,0.999266
8340,54,0.999272
8350,52,0.999277
8360,59,0.999283
8370,56,0.999288
8380,71,0.999295
8390,46,0.999300
8400,62,0.999306
8410,52,0.999312
8420,55,0.999317
8430,49,0.999322
8440,54,0.999327
8450,46,0.999332
8460,52,0.999337
8470,45,0.999342
8480,49,0.999346
8490,50,0.999352
8500,47,0.999356
8510,49,0.999361
8520,51,0.999366
8530,58,0.999372
8540,58,0.999378
8550,47,0.999382
8560,48,0.999387
8570,41,0.999391
8580,47,0.999396
8590,56,0.999402
8600,41,0.999406
8610,42,0.999410
8620,56,0.999416
8630,40,0.999420
8640,41,0.999424
8650,59,0.999430
8660,41,0.999434
8670,47,0.999438
8680,48,0.999443
8690,43,0.999448
8700,53,0.999453
8710,48,0.999458
8720,36,0.999461
8730,38,0.999465
8740,39,0.999469
8750,33,0.999472
8760,47,0.999477
8770,45,0.999481
8780,42,0.999486
8790,47,0.999490
8800,48,0.999495
8810,38,0.999499
8820,38,0.999503
8830,48,0.999507
8840,36,0.999511
8850,48,0.999516
8860,42,0.999520
8870,35,0.999524
8880,42,0.999528
8890,55,0.999533
8900,45,0.999538
8910,37,0.999542
8920,36,0.999545
8930,31,0.999548
8940,47,0.999553
8950,28,0.999556
8960,19,0.999558
8970,27,0.999560
8980,49,0.999565
8990,33,0.999569
9000,42,0.999573
9010,33,0.999576
9020,39,0.999580
9030,31,0.999583
9040,31,0.999586
9050,28,0.999589
9060,34,0.999592
9070,26,0.999595
9080,39,0.999599
9090,37,0.999602
9100,22,0.999605
9110,40,0.999609
9120,36,0.999612
9130,29,0.999615
9140,41,0.999619
9150,23,0.999622
9160,36,0.999625
9170,33,0.999628
9180,31,0.999632
9190,36,0.999635
9200,33,0.999638
9210,32,0.999642
9220,26,0.999644
9230,30,0.999647
9240,24,0.999650
9250,31,0.999653
9260,33,0.999656
9270,39,0.999660
9280,36,0.999664
9290,23,0.999666
9300,29,0.999669
9310,21,0.999671
9320,30,0.999674
9330,27,0.999677
9340,19,0.999678
9350,34,0.999682
9360,26,0.999685
9370,25,0.999687
9380,25,0.999690
9390,21,0.999692
9400,27,0.999694
9410,24,0.999697
9420,20,0.999699
9430,26,0.999701
9440,27,0.999704
9450,21,0.999706
9460,21,0.999708
9470,24,0.999711
9480,20,0.999713
9490,20,0.999715
9500,13,0.999716
9510,17,0.999718
9520,27,0.999720
9530,25,0.999723
9540,13,0.999724
9550,18,0.999726
9560,28,0.999729
9570,18,0.999731
9580,20,0.999732
9590,25,0.999735
9600,23,0.999737
9610,22,0.999740
9620,28,0.999742
9630,17,0.999744
9640,23,0.999746
9650,19,0.999748
9660,19,0.999750
9670,14,0.999752
9680,17,0.999753
9690,14,0.999755
9700,18,0.999756
9710,14,0.999758
9720,25,0.999760
9730,12,0.999762
9740,20,0.999763
9750,21,0.999766
9760,23,0.999768
9770,26,0.999771
9780,16,0.999772
9790,19,0.999774
9800,14,0.999775
9810,13,0.999777
9820,24,0.999779
9830,22,0.999781
9840,20,0.999783
9850,13,0.999785
9860,16,0.999786
9870,13,0.999788
9880,19,0.999789
9890,20,0.999791
9900,13,0.999793
9910,23,0.999795
9920,17,0.999797
9930,16,0.999798
9940,16,0.999800
9950,16,0.999802
9960,23,0.999804
9970,23,0.999806
9980,15,0.999808
9990,10,0.999809
10000,12,0.999810
10010,19,0.999812
10020,16,0.999813
10030,18,0.999815
10040,16,0.999817
10050,12,0.999818
10060,18,0.999820
10070,14,0.999821
10080,14,0.999822
10090,17,0.999824
10100,9,0.999825
10110,14,0.999826
10120,12,0.999828
10130,19,0.999830
10140,17,0.999831
10150,11,0.999832
10160,13,0.999834
10170,14,0.999835
10180,18,0.999837
10190,10,0.999838
10200,6,0.999838
10210,3,0.999839
10220,14,0.999840
10230,18,0.999842
10240,14,0.999843
10250,8,0.999844
10260,11,0.999845
10270,15,0.999847
10280,17,0.999848
10290,9,0.999849
10300,14,0.999851
10310,7,0.999852
10320,9,0.999852
10330,13,0.999854
10340,7,0.999854
10350,14,0.999856
10360,8,0.999857
10370,9,0.999857
10380,12,0.999859
10390,11,0.999860
10400,14,0.999861
10410,10,0.999862
10420,17,0.999864
10430,13,0.999865
10440,11,0.999866
10450,4,0.999867
10460,10,0.999868
10470,10,0.999869
10480,11,0.999870
10490,8,0.999871
10500,9,0.999871
10510,11,0.999873
10520,12,0.999874
10530,10,0.999875
10540,11,0.999876
10550,7,0.999877
10560,9,0.999878
10570,16,0.999879
10580,14,0.999880
10590,6,0.999881
10600,11,0.999882
10610,10,0.999883
10620,7,0.999884
10630,7,0.999885
10640,10,0.999886
10650,6,0.999886
10660,12,0.999887
10670,11,0.999888
10680,5,0.999889
10690,12,0.999890
10700,14,0.999892
10710,9,0.999892
10720,10,0.999893
10730,4,0.999894
10740,8,0.999895
10750,9,0.999896
10760,4,0.999896
10770,6,0.999897
10780,4,0.999897
10790,11,0.999898
10800,10,0.999899
10810,9,0.999900
10820,6,0.999901
10830,11,0.999902
10840,11,0.999903
10850,12,0.999904
10860,14,0.999905
10870,8,0.999906
10880,14,0.999908
10890,10,0.999909
10900,10,0.999910
10910,7,0.999910
10920,7,0.999911
10930,3,0.999911
10940,4,0.999912
10950,8,0.999913
10960,2,0.999913
10970,9,0.999914
10980,6,0.999914
10990,7,0.999915
11000,5,0.999915
11010,12,0.999917
11020,7,0.999917
11030,10,0.999918
11040,10,0.999919
11050,13,0.999921
11060,5,0.999921
11070,11,0.999922
11080,7,0.999923
11090,7,0.999924
11100,1,0.999924
11110,10,0.999925
11120,7,0.999925
11130,7,0.999926
11140,6,0.999927
11150,6,0.999927
11160,7,0.999928
11170,3,0.999928
11180,9,0.999929
11190,6,0.999930
11200,8,0.999931
11210,7,0.999931
11220,4,0.999932
11230,10,0.999933
11240,6,0.999933
11250,7,0.999934
11260,5,0.999934
11270,10,0.999936
11280,8,0.999936
11290,4,0.999937
11300,4,0.999937
11310,2,0.999937
11320,3,0.999938
11330,4,0.999938
11340,7,0.999939
11350,7,0.999939
11360,8,0.999940
11370,4,0.999941
11380,5,0.999941
11390,4,0.999942
11400,5,0.999942
11410,6,0.999943
11420,7,0.999943
11430,3,0.999944
11440,7,0.999944
11450,3,0.999945
11460,4,0.999945
11470,1,0.999945
11480,6,0.999946
11490,3,0.999946
11500,6,0.999947
11510,4,0.999947
11520,7,0.999948
11530,4,0.999948
11540,5,0.999949
11550,6,0.999949
11560,3,0.999950
11570,5,0.999950
11590,4,0.999950
11600,4,0.999951
11610,5,0.999951
11620,5,0.999952
11630,3,0.999952
11640,2,0.999952
11650,2,0.999952
11660,3,0.999953
11670,4,0.999953
11680,3,0.999954
11690,3,0.999954
11700,2,0.999954
11710,2,0.999954
11720,6,0.999955
11730,2,0.999955
11740,2,0.999955
11750,7,0.999956
11760,4,0.999956
11770,2,0.999956
11780,5,0.999957
11790,8,0.999958
11800,2,0.999958
11810,6,0.999959
11820,2,0.999959
11830,3,0.999959
11840,3,0.999959
11850,5,0.999960
11870,2,0.999960
11880,3,0.999960
11890,4,0.999961
11900,5,0.999961
11910,3,0.999962
11920,3,0.999962
11930,1,0.999962
11940,4,0.999962
11950,1,0.999963
11960,3,0.999963
11970,1,0.999963
11980,6,0.999964
12000,2,0.999964
12010,5,0.999964
12020,3,0.999964
12030,5,0.999965
12040,2,0.999965
12050,4,0.999966
12060,4,0.999966
12070,1,0.999966
12080,4,0.999967
12090,1,0.999967
12100,2,0.999967
12110,1,0.999967
12120,1,0.999967
12130,2,0.999967
12140,2,0.999967
12150,5,0.999968
12160,2,0.999968
12170,1,0.999968
12180,3,0.999969
12190,1,0.999969
12200,2,0.999969
12210,4,0.999969
12220,2,0.999969
12230,3,0.999970
12240,1,0.999970
12250,2,0.999970
12260,4,0.999970
12270,3,0.999971
12280,3,0.999971
12300,7,0.999972
12310,1,0.999972
12320,3,0.999972
12330,1,0.999972
12340,2,0.999972
12350,4,0.999973
12370,1,0.999973
12380,3,0.999973
12390,1,0.999973
12400,1,0.999973
12410,2,0.999974
12420,2,0.999974
12430,3,0.999974
12440,3,0.999974
12450,2,0.999975
12460,1,0.999975
12470,2,0.999975
12480,5,0.999975
12490,2,0.999976
12500,2,0.999976
12510,2,0.999976
12520,4,0.999976
12530,1,0.999977
12540,3,0.999977
12550,1,0.999977
12560,2,0.999977
12570,2,0.999977
12580,2,0.999978
12590,6,0.999978
12600,3,0.999978
12610,1,0.999978
12620,2,0.999979
12630,2,0.999979
12640,4,0.999979
12650,2,0.999979
12660,5,0.999980
12670,3,0.999980
12680,3,0.999981
12700,3,0.999981
12710,5,0.999981
12720,2,0.999982
12730,1,0.999982
12750,3,0.999982
12760,1,0.999982
12770,2,0.999982
12780,3,0.999983
12790,2,0.999983
12800,2,0.999983
12820,1,0.999983
12830,2,0.999983
12840,1,0.999983
12860,4,0.999984
12880,6,0.999984
12890,2,0.999985
12900,4,0.999985
12910,3,0.999985
12920,1,0.999985
12930,1,0.999986
12950,2,0.999986
12980,1,0.999986
13000,2,0.999986
13010,2,0.999986
13020,2,0.999986
13050,1,0.999987
13060,1,0.999987
13070,1,0.999987
13080,1,0.999987
13090,2,0.999987
13100,1,0.999987
13120,1,0.999987
13140,1,0.999987
13160,3,0.999988
13180,1,0.999988
13190,1,0.999988
13200,1,0.999988
13220,1,0.999988
13250,1,0.999988
13260,1,0.999988
13270,3,0.999988
13290,2,0.999989
13310,4,0.999989
13350,1,0.999989
13390,2,0.999989
13400,1,0.999990
13420,2,0.999990
13430,1,0.999990
13440,2,0.999990
13470,1,0.999990
13480,1,0.999990
13510,1,0.999990
13530,1,0.999990
13540,1,0.999991
13570,1,0.999991
13590,1,0.999991
13600,1,0.999991
13610,1,0.999991
13630,4,0.999991
13680,1,0.999991
13720,1,0.999991
13740,2,0.999992
13760,1,0.999992
13770,1,0.999992
13790,1,0.999992
13810,1,0.999992
13820,1,0.999992
13860,2,0.999992
13870,2,0.999993
13880,1,0.999993
13920,1,0.999993
13930,1,0.999993
13950,1,0.999993
13960,1,0.999993
14000,1,0.999993
14020,2,0.999993
14030,2,0.999994
14050,1,0.999994
14110,2,0.999994
14120,2,0.999994
14140,1,0.999994
14150,1,0.999994
14180,1,0.999994
14210,1,0.999995
14220,1,0.999995
14230,1,0.999995
14240,1,0.999995
14260,1,0.999995
14270,1,0.999995
14280,1,0.999995
14290,1,0.999995
14320,1,0.999995
14350,1,0.999995
14360,1,0.999996
14370,1,0.999996
14400,1,0.999996
14440,1,0.999996
14510,3,0.999996
14530,1,0.999996
14560,1,0.999996
14580,1,0.999996
14630,1,0.999996
14700,1,0.999997
14750,1,0.999997
14780,1,0.999997
14790,2,0.999997
14880,1,0.999997
14890,1,0.999997
14930,2,0.999997
14940,1,0.999997
14990,1,0.999998
15000,1,0.999998
15010,1,0.999998
15020,1,0.999998
15260,1,0.999998
15290,3,0.999998
15300,1,0.999998
15430,1,0.999999
15440,1,0.999999
15450,1,0.999999
15460,1,0.999999
15530,1,0.999999
15660,1,0.999999
15710,1,0.999999
16120,1,0.999999
16140,1,0.999999
16160,1,0.999999
16220,1,1.000000
16470,1,1.000000
17070,1,1.000000
17510,1,1.000000
17570,1,1.000000
17780,1,1.000000
