#latency,cnt,cdf
100,1,0.000000
130,1,0.000000
190,1,0.000000
220,5,0.000001
230,1,0.000001
250,2,0.000001
270,1,0.000001
290,1,0.000001
300,2,0.000002
340,2,0.000002
360,1,0.000002
370,2,0.000002
380,2,0.000002
440,1,0.000002
460,3,0.000003
480,1,0.000003
510,1,0.000003
520,1,0.000003
530,1,0.000003
560,3,0.000003
570,1,0.000004
630,1,0.000004
640,1,0.000004
710,1,0.000004
720,1,0.000004
750,2,0.000004
780,1,0.000004
790,1,0.000004
800,1,0.000005
810,1,0.000005
830,1,0.000005
840,1,0.000005
850,1,0.000005
860,3,0.000005
890,2,0.000005
900,6,0.000006
910,3,0.000006
920,7,0.000007
930,5,0.000008
940,3,0.000008
950,3,0.000008
960,4,0.000009
970,2,0.000009
980,2,0.000009
990,4,0.000010
1010,3,0.000010
1020,3,0.000010
1030,3,0.000011
1040,2,0.000011
1050,3,0.000011
1060,3,0.000011
1070,5,0.000012
1080,2,0.000012
1090,5,0.000013
1100,5,0.000013
1110,1,0.000013
1120,2,0.000013
1140,1,0.000014
1150,1,0.000014
1160,4,0.000014
1180,3,0.000014
1190,2,0.000015
1200,1,0.000015
1210,3,0.000015
1220,2,0.000015
1230,2,0.000015
1240,1,0.000016
1250,1,0.000016
1260,1,0.000016
1270,1,0.000016
1280,1,0.000016
1290,3,0.000016
1300,2,0.000017
1310,3,0.000017
1320,2,0.000017
1340,1,0.000017
1360,1,0.000017
1380,4,0.000018
1390,2,0.000018
1400,2,0.000018
1410,2,0.000018
1420,3,0.000019
1440,1,0.000019
1450,1,0.000019
1460,2,0.000019
1470,1,0.000019
1480,1,0.000019
1510,2,0.000019
1520,1,0.000020
1530,2,0.000020
1540,1,0.000020
1550,1,0.000020
1570,1,0.000020
1580,2,0.000020
1600,2,0.000021
1650,1,0.000021
1740,1,0.000021
1750,1,0.000021
1820,4,0.000021
1870,1,0.000021
1880,1,0.000021
1890,2,0.000022
1900,1,0.000022
1930,3,0.000022
2030,1,0.000022
2060,2,0.000022
2070,1,0.000023
2080,2,0.000023
2120,1,0.000023
2130,2,0.000023
2140,1,0.000023
2160,1,0.000023
2170,1,0.000023
2190,2,0.000024
2230,1,0.000024
2310,1,0.000024
2320,2,0.000024
2350,1,0.000024
2360,1,0.000024
2370,3,0.000025
2380,3,0.000025
2400,2,0.000025
2410,4,0.000025
2420,1,0.000026
2430,2,0.000026
2440,1,0.000026
2450,1,0.000026
2460,3,0.000026
2470,1,0.000026
2480,1,0.000027
2490,1,0.000027
2500,3,0.000027
2510,2,0.000027
2520,3,0.000027
2530,9,0.000028
2540,4,0.000029
2550,5,0.000029
2560,4,0.000030
2570,5,0.000030
2580,3,0.000031
2590,5,0.000031
2600,5,0.000032
2610,8,0.000033
2620,12,0.000034
2630,8,0.000035
2640,2,0.000035
2650,7,0.000036
2660,11,0.000037
2670,17,0.000039
2680,19,0.000041
2690,8,0.000041
2700,14,0.000043
2710,13,0.000044
2720,14,0.000046
2730,18,0.000048
2740,13,0.000049
2750,13,0.000050
2760,20,0.000052
2770,12,0.000054
2780,11,0.000055
2790,17,0.000057
2800,14,0.000058
2810,14,0.000060
2820,8,0.000060
2830,12,0.000062
2840,26,0.000064
2850,16,0.000066
2860,15,0.000068
2870,12,0.000069
2880,13,0.000070
2890,15,0.000072
2900,13,0.000073
2910,30,0.000076
2920,29,0.000079
2930,19,0.000081
2940,24,0.000084
2950,28,0.000087
2960,39,0.000091
2970,32,0.000094
2980,23,0.000097
2990,41,0.000101
3000,22,0.000103
3010,38,0.000107
3020,33,0.000111
3030,25,0.000114
3040,41,0.000118
3050,33,0.000121
3060,45,0.000126
3070,44,0.000131
3080,44,0.000135
3090,54,0.000141
3100,45,0.000146
3110,46,0.000151
3120,54,0.000156
3130,52,0.000162
3140,65,0.000169
3150,54,0.000174
3160,45,0.000179
3170,61,0.000185
3180,63,0.000192
3190,59,0.000198
3200,64,0.000205
3210,63,0.000212
3220,64,0.000218
3230,69,0.000226
3240,88,0.000235
3250,78,0.000243
3260,81,0.000252
3270,96,0.000262
3280,97,0.000272
3290,91,0.000282
3300,94,0.000291
3310,90,0.000301
3320,87,0.000310
3330,96,0.000320
3340,111,0.000332
3350,107,0.000343
3360,110,0.000355
3370,119,0.000367
3380,107,0.000379
3390,119,0.000391
3400,135,0.000405
3410,121,0.000418
3420,132,0.000432
3430,130,0.000446
3440,127,0.000459
3450,148,0.000475
3460,146,0.000490
3470,144,0.000505
3480,134,0.000519
3490,172,0.000537
3500,158,0.000554
3510,152,0.000570
3520,166,0.000587
3530,162,0.000604
3540,172,0.000623
3550,175,0.000641
3560,183,0.000660
3570,180,0.000679
3580,176,0.000698
3590,160,0.000715
3600,182,0.000734
3610,185,0.000753
3620,202,0.000774
3630,235,0.000799
3640,233,0.000824
3650,219,0.000847
3660,245,0.000873
3670,224,0.000896
3680,256,0.000923
3690,241,0.000948
3700,231,0.000973
3710,252,0.000999
3720,265,0.001027
3730,252,0.001054
3740,296,0.001085
3750,226,0.001109
3760,284,0.001139
3770,299,0.001170
3780,293,0.001201
3790,289,0.001231
3800,295,0.001262
3810,303,0.001294
3820,277,0.001323
3830,336,0.001359
3840,346,0.001395
3850,308,0.001428
3860,310,0.001460
3870,332,0.001495
3880,332,0.001530
3890,343,0.001566
3900,333,0.001601
3910,348,0.001638
3920,363,0.001676
3930,383,0.001716
3940,339,0.001752
3950,377,0.001792
3960,388,0.001833
3970,352,0.001870
3980,411,0.001913
3990,410,0.001956
4000,381,0.001996
4010,384,0.002037
4020,429,0.002082
4030,444,0.002129
4040,396,0.002170
4050,460,0.002219
4060,475,0.002269
4070,441,0.002315
4080,529,0.002371
4090,500,0.002423
4100,473,0.002473
4110,492,0.002525
4120,533,0.002581
4130,503,0.002634
4140,552,0.002692
4150,492,0.002744
4160,493,0.002796
4170,575,0.002856
4180,576,0.002917
4190,543,0.002974
4200,555,0.003033
4210,552,0.003091
4220,565,0.003150
4230,598,0.003213
4240,578,0.003274
4250,602,0.003337
4260,578,0.003398
4270,627,0.003464
4280,618,0.003529
4290,613,0.003594
4300,635,0.003661
4310,645,0.003728
4320,637,0.003795
4330,685,0.003868
4340,669,0.003938
4350,610,0.004002
4360,693,0.004075
4370,677,0.004146
4380,640,0.004214
4390,687,0.004286
4400,678,0.004357
4410,675,0.004429
4420,665,0.004499
4430,707,0.004573
4440,669,0.004643
4450,676,0.004715
4460,674,0.004785
4470,709,0.004860
4480,723,0.004936
4490,742,0.005014
4500,741,0.005092
4510,697,0.005166
4520,697,0.005239
4530,739,0.005317
4540,724,0.005393
4550,731,0.005470
4560,734,0.005547
4570,746,0.005626
4580,782,0.005708
4590,768,0.005789
4600,842,0.005878
4610,783,0.005960
4620,832,0.006048
4630,825,0.006134
4640,832,0.006222
4650,804,0.006307
4660,776,0.006388
4670,824,0.006475
4680,837,0.006563
4690,880,0.006656
4700,916,0.006752
4710,868,0.006844
4720,864,0.006935
4730,838,0.007023
4740,860,0.007113
4750,871,0.007205
4760,911,0.007301
4770,884,0.007394
4780,878,0.007486
4790,879,0.007579
4800,866,0.007670
4810,919,0.007767
4820,869,0.007858
4830,904,0.007953
4840,924,0.008051
4850,935,0.008149
4860,947,0.008249
4870,905,0.008344
4880,885,0.008437
4890,943,0.008536
4900,934,0.008635
4910,990,0.008739
4920,972,0.008841
4930,943,0.008940
4940,1025,0.009048
4950,994,0.009153
4960,988,0.009257
4970,994,0.009362
4980,1016,0.009469
4990,984,0.009572
5000,1040,0.009682
5010,976,0.009784
5020,1020,0.009892
5030,1047,0.010002
5040,1079,0.010116
5050,1050,0.010226
5060,1067,0.010338
5070,1104,0.010455
5080,1100,0.010570
5090,1112,0.010687
5100,1164,0.010810
5110,1135,0.010929
5120,1126,0.011048
5130,1145,0.011168
5140,1119,0.011286
5150,1145,0.011407
5160,1142,0.011527
5170,1181,0.011651
5180,1142,0.011772
5190,1146,0.011892
5200,1199,0.012018
5210,1183,0.012143
5220,1159,0.012265
5230,1315,0.012403
5240,1187,0.012528
5250,1283,0.012663
5260,1250,0.012795
5270,1295,0.012931
5280,1314,0.013070
5290,1294,0.013206
5300,1233,0.013336
5310,1355,0.013478
5320,1281,0.013613
5330,1378,0.013758
5340,1370,0.013902
5350,1357,0.014045
5360,1398,0.014192
5370,1322,0.014331
5380,1400,0.014479
5390,1371,0.014623
5400,1363,0.014767
5410,1430,0.014917
5420,1479,0.015073
5430,1485,0.015229
5440,1388,0.015375
5450,1425,0.015525
5460,1463,0.015679
5470,1519,0.015839
5480,1451,0.015992
5490,1510,0.016151
5500,1499,0.016309
5510,1488,0.016465
5520,1546,0.016628
5530,1523,0.016788
5540,1539,0.016950
5550,1602,0.017119
5560,1639,0.017291
5570,1615,0.017461
5580,1592,0.017629
5590,1579,0.017795
5600,1655,0.017969
5610,1635,0.018142
5620,1678,0.018318
5630,1735,0.018501
5640,1674,0.018677
5650,1692,0.018855
5660,1699,0.019034
5670,1756,0.019219
5680,1757,0.019404
5690,1796,0.019593
5700,1902,0.019793
5710,1794,0.019982
5720,1887,0.020180
5730,1885,0.020379
5740,1793,0.020568
5750,1891,0.020767
5760,1908,0.020968
5770,1921,0.021170
5780,1972,0.021377
5790,1978,0.021586
5800,1933,0.021789
5810,2040,0.022004
5820,2018,0.022216
5830,2097,0.022437
5840,2017,0.022649
5850,2127,0.022873
5860,2112,0.023095
5870,2056,0.023312
5880,2122,0.023535
5890,2126,0.023759
5900,2143,0.023985
5910,2293,0.024226
5920,2247,0.024462
5930,2299,0.024704
5940,2253,0.024942
5950,2285,0.025182
5960,2348,0.025429
5970,2384,0.025680
5980,2376,0.025930
5990,2402,0.026183
6000,2346,0.026430
6010,2402,0.026683
6020,2415,0.026937
6030,2475,0.027198
6040,2477,0.027458
6050,2544,0.027726
6060,2510,0.027990
6070,2619,0.028266
6080,2633,0.028543
6090,2654,0.028823
6100,2643,0.029101
6110,2668,0.029382
6120,2794,0.029676
6130,2768,0.029967
6140,2738,0.030255
6150,2754,0.030545
6160,2980,0.030859
6170,2886,0.031163
6180,3011,0.031480
6190,2843,0.031779
6200,2911,0.032085
6210,2986,0.032400
6220,3030,0.032719
6230,3025,0.033037
6240,3060,0.033359
6250,3039,0.033679
6260,3265,0.034023
6270,3139,0.034353
6280,3189,0.034689
6290,3227,0.035029
6300,3272,0.035373
6310,3428,0.035734
6320,3384,0.036090
6330,3449,0.036453
6340,3393,0.036810
6350,3493,0.037178
6360,3645,0.037562
6370,3564,0.037937
6380,3701,0.038326
6390,3694,0.038715
6400,3817,0.039117
6410,3891,0.039526
6420,3869,0.039934
6430,3827,0.040337
6440,3971,0.040755
6450,3991,0.041175
6460,4062,0.041602
6470,4046,0.042028
6480,4096,0.042459
6490,4112,0.042892
6500,4321,0.043347
6510,4136,0.043782
6520,4227,0.044227
6530,4409,0.044691
6540,4438,0.045159
6550,4385,0.045620
6560,4507,0.046095
6570,4601,0.046579
6580,4610,0.047064
6590,4725,0.047562
6600,4707,0.048057
6610,4801,0.048562
6620,4857,0.049074
6630,4810,0.049580
6640,4969,0.050103
6650,5130,0.050643
6660,5204,0.051191
6670,5345,0.051753
6680,5192,0.052300
6690,5391,0.052867
6700,5401,0.053436
6710,5494,0.054014
6720,5443,0.054587
6730,5634,0.055180
6740,5553,0.055765
6750,5769,0.056372
6760,5820,0.056985
6770,5891,0.057605
6780,6015,0.058238
6790,5951,0.058864
6800,6054,0.059502
6810,6022,0.060135
6820,6209,0.060789
6830,6405,0.061463
6840,6490,0.062146
6850,6554,0.062836
6860,6661,0.063537
6870,6698,0.064243
6880,6824,0.064961
6890,7096,0.065708
6900,7015,0.066446
6910,7195,0.067204
6920,7381,0.067981
6930,7273,0.068746
6940,7453,0.069531
6950,7391,0.070309
6960,7484,0.071096
6970,7778,0.071915
6980,7748,0.072731
6990,7910,0.073563
7000,8124,0.074418
7010,8137,0.075275
7020,8296,0.076148
7030,8347,0.077027
7040,8591,0.077931
7050,8718,0.078849
7060,8868,0.079782
7070,8845,0.080713
7080,9075,0.081669
7090,9186,0.082636
7100,9306,0.083615
7110,9478,0.084613
7120,9557,0.085619
7130,9810,0.086651
7140,9928,0.087697
7150,10131,0.088763
7160,10389,0.089857
7170,10129,0.090923
7180,10500,0.092028
7190,10587,0.093142
7200,10837,0.094283
7210,10977,0.095439
7220,11114,0.096609
7230,11406,0.097809
7240,11400,0.099009
7250,11650,0.100235
7260,11883,0.101486
7270,11658,0.102713
7280,12251,0.104003
7290,12141,0.105281
7300,12415,0.106588
7310,12450,0.107898
7320,12612,0.109226
7330,12880,0.110582
7340,13037,0.111954
7350,13329,0.113357
7360,13448,0.114773
7370,13417,0.116185
7380,13952,0.117654
7390,13645,0.119090
7400,14180,0.120583
7410,14462,0.122105
7420,14498,0.123631
7430,14534,0.125161
7440,15084,0.126749
7450,15127,0.128341
7460,15124,0.129933
7470,15587,0.131574
7480,15494,0.133205
7490,15709,0.134858
7500,15887,0.136530
7510,16180,0.138234
7520,16274,0.139947
7530,16464,0.141680
7540,16676,0.143435
7550,16968,0.145221
7560,17070,0.147018
7570,17097,0.148818
7580,17710,0.150682
7590,17968,0.152573
7600,17809,0.154448
7610,18108,0.156354
7620,18557,0.158307
7630,18539,0.160259
7640,18861,0.162244
7650,18806,0.164224
7660,19187,0.166243
7670,19237,0.168268
7680,19454,0.170316
7690,19612,0.172381
7700,19743,0.174459
7710,19933,0.176557
7720,20129,0.178676
7730,20533,0.180837
7740,20687,0.183015
7750,20588,0.185182
7760,21089,0.187402
7770,21209,0.189634
7780,21373,0.191884
7790,21311,0.194127
7800,21834,0.196426
7810,22225,0.198765
7820,22272,0.201110
7830,22440,0.203472
7840,22476,0.205838
7850,22567,0.208213
7860,23025,0.210637
7870,23026,0.213060
7880,23276,0.215511
7890,23933,0.218030
7900,23626,0.220517
7910,23986,0.223042
7920,24061,0.225574
7930,23969,0.228097
7940,24663,0.230693
7950,24612,0.233284
7960,24934,0.235909
7970,24960,0.238536
7980,25338,0.241203
7990,25448,0.243882
8000,25709,0.246588
8010,25826,0.249307
8020,26087,0.252053
8030,26296,0.254821
8040,26345,0.257594
8050,26499,0.260383
8060,26667,0.263190
8070,26632,0.265994
8080,27262,0.268863
8090,26796,0.271684
8100,27103,0.274537
8110,27559,0.277438
8120,27797,0.280364
8130,27966,0.283308
8140,27951,0.286250
8150,28167,0.289215
8160,28096,0.292172
8170,28461,0.295168
8180,28497,0.298168
8190,28764,0.301196
8200,29182,0.304267
8210,29352,0.307357
8220,29377,0.310449
8230,29132,0.313516
8240,29678,0.316640
8250,29588,0.319754
8260,29884,0.322900
8270,29635,0.326019
8280,30292,0.329208
8290,30248,0.332392
8300,30474,0.335600
8310,30402,0.338800
8320,30304,0.341990
8330,30563,0.345207
8340,30765,0.348445
8350,30877,0.351696
8360,30979,0.354957
8370,31334,0.358255
8380,31037,0.361522
8390,31425,0.364830
8400,31370,0.368132
8410,31619,0.371460
8420,31742,0.374801
8430,31653,0.378133
8440,32015,0.381503
8450,32054,0.384877
8460,32059,0.388252
8470,32281,0.391650
8480,32410,0.395062
8490,32217,0.398453
8500,32220,0.401844
8510,32689,0.405285
8520,32770,0.408735
8530,32509,0.412157
8540,32504,0.415578
8550,32889,0.419040
8560,32822,0.422495
8570,32712,0.425939
8580,33122,0.429425
8590,32861,0.432884
8600,33005,0.436358
8610,33277,0.439861
8620,33008,0.443336
8630,32977,0.446807
8640,33112,0.450292
8650,33034,0.453770
8660,33250,0.457270
8670,33261,0.460771
8680,33115,0.464257
8690,33218,0.467753
8700,33117,0.471239
8710,33364,0.474751
8720,33124,0.478238
8730,33177,0.481730
8740,33502,0.485257
8750,33732,0.488807
8760,33653,0.492350
8770,33165,0.495841
8780,33291,0.499345
8790,32913,0.502810
8800,33159,0.506300
8810,33035,0.509777
8820,32735,0.513223
8830,33087,0.516706
8840,32894,0.520169
8850,32978,0.523640
8860,32621,0.527074
8870,32762,0.530522
8880,32655,0.533960
8890,32481,0.537379
8900,32568,0.540807
8910,32546,0.544233
8920,32243,0.547627
8930,32466,0.551044
8940,32322,0.554447
8950,32055,0.557821
8960,32173,0.561207
8970,32209,0.564598
8980,31785,0.567944
8990,31806,0.571292
9000,31754,0.574634
9010,31391,0.577938
9020,31192,0.581222
9030,31334,0.584520
9040,31360,0.587821
9050,31277,0.591113
9060,31194,0.594397
9070,30733,0.597632
9080,31163,0.600912
9090,30691,0.604143
9100,30242,0.607326
9110,30719,0.610560
9120,30264,0.613746
9130,29895,0.616892
9140,30183,0.620070
9150,29857,0.623212
9160,29800,0.626349
9170,29689,0.629474
9180,29547,0.632585
9190,29144,0.635652
9200,29131,0.638719
9210,29065,0.641778
9220,28624,0.644791
9230,28421,0.647783
9240,28619,0.650795
9250,27951,0.653738
9260,28124,0.656698
9270,27890,0.659634
9280,27722,0.662552
9290,27523,0.665449
9300,27148,0.668307
9310,27227,0.671173
9320,27351,0.674052
9330,26936,0.676887
9340,26721,0.679700
9350,26543,0.682494
9360,25996,0.685230
9370,25979,0.687965
9380,25711,0.690671
9390,25825,0.693390
9400,25432,0.696067
9410,25635,0.698765
9420,25235,0.701421
9430,25119,0.704066
9440,24731,0.706669
9450,24422,0.709239
9460,24271,0.711794
9470,24249,0.714347
9480,23974,0.716870
9490,23880,0.719384
9500,23847,0.721894
9510,23470,0.724365
9520,23258,0.726813
9530,22920,0.729226
9540,22996,0.731646
9550,22549,0.734020
9560,22596,0.736398
9570,22274,0.738743
9580,22161,0.741076
9590,22065,0.743398
9600,21658,0.745678
9610,21290,0.747919
9620,21382,0.750170
9630,21241,0.752406
9640,20998,0.754616
9650,20624,0.756787
9660,20405,0.758935
9670,20393,0.761082
9680,19946,0.763181
9690,19964,0.765283
9700,19861,0.767373
9710,19533,0.769429
9720,19205,0.771451
9730,19254,0.773478
9740,19040,0.775482
9750,18641,0.777444
9760,18401,0.779381
9770,18433,0.781321
9780,17998,0.783216
9790,18062,0.785117
9800,17921,0.787003
9810,17543,0.788850
9820,17662,0.790709
9830,17399,0.792541
9840,17099,0.794341
9850,17014,0.796132
9860,16714,0.797891
9870,16517,0.799630
9880,16432,0.801359
9890,16110,0.803055
9900,16261,0.804767
9910,16092,0.806461
9920,15716,0.808115
9930,15687,0.809766
9940,15395,0.811387
9950,15105,0.812977
9960,15187,0.814575
9970,14850,0.816138
9980,14825,0.817699
9990,14337,0.819208
10000,14236,0.820707
10010,14164,0.822198
10020,14134,0.823685
10030,13944,0.825153
10040,13739,0.826599
10050,13470,0.828017
10060,13481,0.829436
10070,13325,0.830839
10080,13168,0.832225
10090,13029,0.833596
10100,12750,0.834939
10110,12617,0.836267
10120,12534,0.837586
10130,12302,0.838881
10140,12122,0.840157
10150,11991,0.841419
10160,11943,0.842676
10170,11695,0.843907
10180,11529,0.845121
10190,11365,0.846317
10200,11221,0.847498
10210,11147,0.848672
10220,11079,0.849838
10230,10745,0.850969
10240,10803,0.852106
10250,10759,0.853239
10260,10559,0.854350
10270,10380,0.855443
10280,10142,0.856510
10290,10166,0.857580
10300,10050,0.858638
10310,9791,0.859669
10320,9882,0.860709
10330,9723,0.861733
10340,9514,0.862734
10350,9411,0.863725
10360,9443,0.864719
10370,9288,0.865696
10380,9046,0.866649
10390,8990,0.867595
10400,8859,0.868527
10410,8603,0.869433
10420,8632,0.870342
10430,8356,0.871221
10440,8407,0.872106
10450,8474,0.872998
10460,8301,0.873872
10470,8287,0.874744
10480,8237,0.875611
10490,7879,0.876441
10500,7960,0.877279
10510,7948,0.878115
10520,7650,0.878920
10530,7845,0.879746
10540,7664,0.880553
10550,7351,0.881327
10560,7344,0.882100
10570,7371,0.882876
10580,7260,0.883640
10590,7092,0.884386
10600,6989,0.885122
10610,7087,0.885868
10620,7021,0.886607
10630,6985,0.887343
10640,6895,0.888068
10650,6930,0.888798
10660,6822,0.889516
10670,6687,0.890220
10680,6495,0.890903
10690,6530,0.891591
10700,6550,0.892280
10710,6453,0.892960
10720,6384,0.893632
10730,6261,0.894291
10740,6480,0.894973
10750,6327,0.895639
10760,6070,0.896278
10770,6028,0.896912
10780,6148,0.897559
10790,6041,0.898195
10800,6026,0.898830
10810,6065,0.899468
10820,5800,0.900078
10830,5837,0.900693
10840,5884,0.901312
10850,5977,0.901941
10860,5677,0.902539
10870,5770,0.903146
10880,5692,0.903745
10890,5839,0.904360
10900,5615,0.904951
10910,5550,0.905535
10920,5565,0.906121
10930,5566,0.906707
10940,5343,0.907269
10950,5407,0.907839
10960,5367,0.908404
10970,5263,0.908958
10980,5126,0.909497
10990,5228,0.910047
11000,5249,0.910600
11010,5139,0.911141
11020,5112,0.911679
11030,5233,0.912230
11040,5117,0.912768
11050,5023,0.913297
11060,5092,0.913833
11070,5196,0.914380
11080,4958,0.914902
11090,5027,0.915431
11100,4993,0.915957
11110,4939,0.916477
11120,4952,0.916998
11130,4998,0.917524
11140,4938,0.918044
11150,4901,0.918560
11160,4842,0.919069
11170,4808,0.919576
11180,4782,0.920079
11190,4803,0.920584
11200,4584,0.921067
11210,4707,0.921562
11220,4810,0.922069
11230,4705,0.922564
11240,4633,0.923052
11250,4535,0.923529
11260,4584,0.924012
11270,4615,0.924497
11280,4688,0.924991
11290,4610,0.925476
11300,4585,0.925959
11310,4476,0.926430
11320,4554,0.926909
11330,4627,0.927396
11340,4579,0.927878
11350,4338,0.928335
11360,4416,0.928800
11370,4428,0.929266
11380,4446,0.929734
11390,4298,0.930186
11400,4294,0.930638
11410,4321,0.931093
11420,4389,0.931555
11430,4391,0.932017
11440,4266,0.932466
11450,4286,0.932918
11460,4255,0.933365
11470,4124,0.933800
11480,4214,0.934243
11490,4281,0.934694
11500,4264,0.935143
11510,4209,0.935586
11520,4104,0.936018
11530,4339,0.936474
11540,4198,0.936916
11550,4181,0.937356
11560,4073,0.937785
11570,4128,0.938220
11580,4111,0.938652
11590,4015,0.939075
11600,4056,0.939502
11610,4090,0.939933
11620,4071,0.940361
11630,3977,0.940780
11640,3947,0.941195
11650,4007,0.941617
11660,4002,0.942038
11670,3976,0.942457
11680,3968,0.942874
11690,3931,0.943288
11700,3925,0.943701
11710,3831,0.944105
11720,3976,0.944523
11730,3739,0.944917
11740,3749,0.945311
11750,4007,0.945733
11760,3797,0.946133
11770,3921,0.946546
11780,3844,0.946950
11790,3787,0.947349
11800,3785,0.947747
11810,3708,0.948138
11820,3753,0.948533
11830,3751,0.948927
11840,3786,0.949326
11850,3614,0.949706
11860,3609,0.950086
11870,3617,0.950467
11880,3589,0.950845
11890,3609,0.951225
11900,3664,0.951610
11910,3640,0.951994
11920,3655,0.952378
11930,3492,0.952746
11940,3596,0.953124
11950,3632,0.953507
11960,3509,0.953876
11970,3570,0.954252
11980,3543,0.954625
11990,3486,0.954992
12000,3565,0.955367
12010,3393,0.955724
12020,3379,0.956080
12030,3449,0.956443
12040,3405,0.956801
12050,3379,0.957157
12060,3427,0.957518
12070,3401,0.957876
12080,3329,0.958226
12090,3379,0.958582
12100,3319,0.958931
12110,3285,0.959277
12120,3286,0.959623
12130,3402,0.959981
12140,3265,0.960325
12150,3192,0.960661
12160,3224,0.961000
12170,3146,0.961331
12180,3253,0.961674
12190,3241,0.962015
12200,3153,0.962347
12210,3089,0.962672
12220,3140,0.963002
12230,3086,0.963327
12240,3063,0.963650
12250,3082,0.963974
12260,3097,0.964300
12270,3120,0.964628
12280,3088,0.964953
12290,3088,0.965279
12300,2914,0.965585
12310,2883,0.965889
12320,2888,0.966193
12330,2997,0.966508
12340,2925,0.966816
12350,3049,0.967137
12360,3002,0.967453
12370,2836,0.967752
12380,2819,0.968048
12390,2859,0.968349
12400,2781,0.968642
12410,2892,0.968946
12420,2838,0.969245
12430,2770,0.969537
12440,2802,0.969832
12450,2750,0.970121
12460,2826,0.970419
12470,2702,0.970703
12480,2728,0.970990
12490,2765,0.971281
12500,2709,0.971566
12510,2686,0.971849
12520,2660,0.972129
12530,2608,0.972404
12540,2528,0.972670
12550,2532,0.972936
12560,2508,0.973200
12570,2605,0.973475
12580,2618,0.973750
12590,2395,0.974002
12600,2462,0.974261
12610,2465,0.974521
12620,2490,0.974783
12630,2447,0.975040
12640,2336,0.975286
12650,2382,0.975537
12660,2343,0.975784
12670,2342,0.976030
12680,2335,0.976276
12690,2312,0.976519
12700,2297,0.976761
12710,2217,0.976995
12720,2147,0.977221
12730,2221,0.977454
12740,2203,0.977686
12750,2199,0.977918
12760,2192,0.978149
12770,2191,0.978379
12780,2090,0.978599
12790,2002,0.978810
12800,2078,0.979029
12810,2109,0.979251
12820,2112,0.979473
12830,2080,0.979692
12840,2047,0.979907
12850,2053,0.980123
12860,2068,0.980341
12870,1993,0.980551
12880,1927,0.980754
12890,1984,0.980963
12900,1880,0.981160
12910,1885,0.981359
12920,1866,0.981555
12930,1964,0.981762
12940,1854,0.981957
12950,1899,0.982157
12960,1863,0.982353
12970,1810,0.982544
12980,1778,0.982731
12990,1705,0.982910
13000,1816,0.983102
13010,1729,0.983284
13020,1668,0.983459
13030,1777,0.983646
13040,1667,0.983822
13050,1693,0.984000
13060,1634,0.984172
13070,1661,0.984347
13080,1648,0.984520
13090,1608,0.984689
13100,1557,0.984853
13110,1554,0.985017
13120,1532,0.985178
13130,1559,0.985342
13140,1536,0.985504
13150,1457,0.985657
13160,1527,0.985818
13170,1484,0.985974
13180,1477,0.986130
13190,1397,0.986277
13200,1440,0.986428
13210,1348,0.986570
13220,1449,0.986723
13230,1372,0.986867
13240,1357,0.987010
13250,1305,0.987147
13260,1296,0.987284
13270,1317,0.987422
13280,1299,0.987559
13290,1270,0.987693
13300,1288,0.987828
13310,1297,0.987965
13320,1307,0.988103
13330,1204,0.988229
13340,1149,0.988350
13350,1202,0.988477
13360,1257,0.988609
13370,1162,0.988731
13380,1176,0.988855
13390,1099,0.988971
13400,1110,0.989088
13410,1158,0.989210
13420,1092,0.989325
13430,1074,0.989438
13440,1066,0.989550
13450,1104,0.989666
13460,1062,0.989778
13470,1021,0.989885
13480,1011,0.989992
13490,977,0.990095
13500,999,0.990200
13510,997,0.990305
13520,950,0.990405
13530,971,0.990507
13540,943,0.990606
13550,915,0.990702
13560,905,0.990798
13570,939,0.990897
13580,893,0.990991
13590,878,0.991083
13600,905,0.991178
13610,876,0.991270
13620,804,0.991355
13630,847,0.991444
13640,839,0.991533
13650,773,0.991614
13660,804,0.991699
13670,769,0.991780
13680,777,0.991861
13690,744,0.991940
13700,761,0.992020
13710,760,0.992100
13720,744,0.992178
13730,705,0.992252
13740,686,0.992324
13750,674,0.992395
13760,671,0.992466
13770,714,0.992541
13780,719,0.992617
13790,634,0.992684
13800,624,0.992749
13810,648,0.992818
13820,652,0.992886
13830,646,0.992954
13840,605,0.993018
13850,594,0.993080
13860,575,0.993141
13870,574,0.993201
13880,604,0.993265
13890,577,0.993326
13900,537,0.993382
13910,552,0.993440
13920,505,0.993493
13930,511,0.993547
13940,566,0.993607
13950,477,0.993657
13960,465,0.993706
13970,520,0.993761
13980,501,0.993813
13990,475,0.993863
14000,473,0.993913
14010,446,0.993960
14020,465,0.994009
14030,462,0.994058
14040,430,0.994103
14050,424,0.994148
14060,389,0.994189
14070,399,0.994231
14080,426,0.994275
14090,386,0.994316
14100,411,0.994359
14110,412,0.994403
14120,385,0.994443
14130,340,0.994479
14140,376,0.994519
14150,297,0.994550
14160,388,0.994591
14170,353,0.994628
14180,340,0.994664
14190,335,0.994699
14200,318,0.994732
14210,341,0.994768
14220,319,0.994802
14230,332,0.994837
14240,308,0.994869
14250,318,0.994903
14260,319,0.994936
14270,263,0.994964
14280,315,0.994997
14290,271,0.995026
14300,280,0.995055
14310,258,0.995082
14320,242,0.995108
14330,244,0.995133
14340,260,0.995161
14350,252,0.995187
14360,242,0.995213
14370,224,0.995236
14380,250,0.995263
14390,211,0.995285
14400,213,0.995307
14410,209,0.995329
14420,228,0.995353
14430,231,0.995378
14440,180,0.995397
14450,215,0.995419
14460,226,0.995443
14470,185,0.995462
14480,191,0.995483
14490,242,0.995508
14500,204,0.995529
14510,221,0.995553
14520,196,0.995573
14530,205,0.995595
14540,173,0.995613
14550,181,0.995632
14560,157,0.995649
14570,184,0.995668
14580,209,0.995690
14590,171,0.995708
14600,175,0.995727
14610,184,0.995746
14620,158,0.995763
14630,170,0.995780
14640,173,0.995799
14650,150,0.995814
14660,180,0.995833
14670,173,0.995852
14680,159,0.995868
14690,169,0.995886
14700,172,0.995904
14710,157,0.995921
14720,148,0.995936
14730,133,0.995950
14740,161,0.995967
14750,150,0.995983
14760,129,0.995997
14770,125,0.996010
14780,141,0.996025
14790,138,0.996039
14800,124,0.996052
14810,134,0.996066
14820,130,0.996080
14830,125,0.996093
14840,113,0.996105
14850,117,0.996117
14860,119,0.996130
14870,115,0.996142
14880,92,0.996152
14890,124,0.996165
14900,117,0.996177
14910,122,0.996190
14920,117,0.996202
14930,109,0.996214
14940,121,0.996226
14950,105,0.996237
14960,100,0.996248
14970,100,0.996259
14980,100,0.996269
14990,114,0.996281
15000,90,0.996291
15010,117,0.996303
15020,99,0.996313
15030,98,0.996324
15040,96,0.996334
15050,86,0.996343
15060,83,0.996351
15070,76,0.996359
15080,95,0.996369
15090,89,0.996379
15100,94,0.996389
15110,87,0.996398
15120,92,0.996408
15130,93,0.996417
15140,91,0.996427
15150,72,0.996435
15160,102,0.996445
15170,93,0.996455
15180,73,0.996463
15190,97,0.996473
15200,78,0.996481
15210,75,0.996489
15220,69,0.996496
15230,94,0.996506
15240,72,0.996514
15250,94,0.996524
15260,106,0.996535
15270,83,0.996544
15280,95,0.996554
15290,85,0.996563
15300,98,0.996573
15310,97,0.996583
15320,94,0.996593
15330,77,0.996601
15340,70,0.996608
15350,61,0.996615
15360,100,0.996625
15370,66,0.996632
15380,80,0.996641
15390,81,0.996649
15400,90,0.996659
15410,69,0.996666
15420,83,0.996675
15430,82,0.996683
15440,89,0.996693
15450,76,0.996701
15460,66,0.996708
15470,77,0.996716
15480,62,0.996722
15490,83,0.996731
15500,66,0.996738
15510,76,0.996746
15520,82,0.996755
15530,85,0.996764
15540,73,0.996771
15550,77,0.996779
15560,70,0.996787
15570,80,0.996795
15580,85,0.996804
15590,63,0.996811
15600,65,0.996818
15610,75,0.996825
15620,55,0.996831
15630,75,0.996839
15640,73,0.996847
15650,70,0.996854
15660,62,0.996861
15670,60,0.996867
15680,60,0.996873
15690,78,0.996882
15700,58,0.996888
15710,66,0.996895
15720,63,0.996901
15730,71,0.996909
15740,68,0.996916
15750,65,0.996923
15760,79,0.996931
15770,57,0.996937
15780,79,0.996945
15790,64,0.996952
15800,64,0.996959
15810,67,0.996966
15820,65,0.996973
15830,63,0.996979
15840,53,0.996985
15850,50,0.996990
15860,51,0.996996
15870,59,0.997002
15880,45,0.997007
15890,56,0.997012
15900,59,0.997019
15910,52,0.997024
15920,50,0.997029
15930,43,0.997034
15940,63,0.997041
15950,52,0.997046
15960,55,0.997052
15970,44,0.997056
15980,52,0.997062
15990,48,0.997067
16000,52,0.997072
16010,51,0.997078
16020,59,0.997084
16030,55,0.997090
16040,44,0.997094
16050,55,0.997100
16060,40,0.997104
16070,44,0.997109
16080,58,0.997115
16090,40,0.997119
16100,52,0.997125
16110,52,0.997130
16120,62,0.997137
16130,40,0.997141
16140,49,0.997146
16150,54,0.997152
16160,48,0.997157
16170,50,0.997162
16180,45,0.997167
16190,48,0.997172
16200,44,0.997177
16210,42,0.997181
16220,44,0.997186
16230,60,0.997192
16240,55,0.997198
16250,40,0.997202
16260,47,0.997207
16270,47,0.997212
16280,35,0.997216
16290,46,0.997220
16300,40,0.997225
16310,33,0.997228
16320,35,0.997232
16330,43,0.997236
16340,36,0.997240
16350,38,0.997244
16360,39,0.997248
16370,24,0.997251
16380,31,0.997254
16390,32,0.997257
16400,38,0.997261
16410,43,0.997266
16420,31,0.997269
16430,29,0.997272
16440,32,0.997276
16450,27,0.997278
16460,33,0.997282
16470,25,0.997285
16480,25,0.997287
16490,18,0.997289
16500,26,0.997292
16510,28,0.997295
16520,28,0.997298
16530,24,0.997300
16540,36,0.997304
16550,32,0.997307
16560,25,0.997310
16570,25,0.997313
16580,23,0.997315
16590,22,0.997317
16600,21,0.997320
16610,37,0.997323
16620,26,0.997326
16630,28,0.997329
16640,26,0.997332
16650,27,0.997335
16660,19,0.997337
16670,23,0.997339
16680,22,0.997341
16690,25,0.997344
16700,33,0.997348
16710,24,0.997350
16720,22,0.997352
16730,39,0.997357
16740,19,0.997359
16750,30,0.997362
16760,28,0.997365
16770,21,0.997367
16780,21,0.997369
16790,23,0.997371
16800,26,0.997374
16810,24,0.997377
16820,21,0.997379
16830,28,0.997382
16840,31,0.997385
16850,26,0.997388
16860,33,0.997391
16870,33,0.997395
16880,22,0.997397
16890,34,0.997401
16900,24,0.997403
16910,19,0.997405
16920,18,0.997407
16930,28,0.997410
16940,23,0.997413
16950,22,0.997415
16960,31,0.997418
16970,24,0.997421
16980,23,0.997423
16990,28,0.997426
17000,31,0.997429
17010,29,0.997432
17020,16,0.997434
17030,19,0.997436
17040,23,0.997438
17050,17,0.997440
17060,21,0.997442
17070,16,0.997444
17080,20,0.997446
17090,24,0.997449
17100,23,0.997451
17110,17,0.997453
17120,15,0.997455
17130,20,0.997457
17140,21,0.997459
17150,22,0.997461
17160,20,0.997463
17170,16,0.997465
17180,21,0.997467
17190,22,0.997469
17200,25,0.997472
17210,21,0.997474
17220,20,0.997476
17230,20,0.997479
17240,16,0.997480
17250,15,0.997482
17260,16,0.997483
17270,24,0.997486
17280,15,0.997488
17290,16,0.997489
17300,20,0.997491
17310,20,0.997494
17320,19,0.997495
17330,15,0.997497
17340,19,0.997499
17350,28,0.997502
17360,19,0.997504
17370,25,0.997507
17380,16,0.997508
17390,24,0.997511
17400,22,0.997513
17410,14,0.997515
17420,15,0.997516
17430,22,0.997519
17440,16,0.997520
17450,13,0.997522
17460,10,0.997523
17470,20,0.997525
17480,14,0.997526
17490,13,0.997528
17500,11,0.997529
17510,21,0.997531
17520,11,0.997532
17530,8,0.997533
17540,16,0.997535
17550,14,0.997536
17560,15,0.997538
17570,9,0.997539
17580,9,0.997540
17590,12,0.997541
17600,21,0.997543
17610,17,0.997545
17620,13,0.997546
17630,11,0.997547
17640,12,0.997549
17650,11,0.997550
17660,18,0.997552
17670,10,0.997553
17680,9,0.997554
17690,10,0.997555
17700,7,0.997555
17710,8,0.997556
17720,6,0.997557
17730,15,0.997559
17740,12,0.997560
17750,9,0.997561
17760,10,0.997562
17770,7,0.997563
17780,6,0.997563
17790,3,0.997563
17800,7,0.997564
17810,10,0.997565
17820,5,0.997566
17830,9,0.997567
17840,9,0.997568
17850,5,0.997568
17860,10,0.997569
17870,8,0.997570
17880,4,0.997571
17890,8,0.997571
17900,8,0.997572
17910,6,0.997573
17920,4,0.997573
17930,4,0.997574
17940,7,0.997574
17950,2,0.997575
17960,6,0.997575
17970,8,0.997576
17980,5,0.997577
17990,1,0.997577
18000,3,0.997577
18010,4,0.997577
18020,8,0.997578
18030,1,0.997578
18040,3,0.997579
18050,6,0.997579
18060,6,0.997580
18070,6,0.997581
18080,5,0.997581
18090,4,0.997582
18100,9,0.997583
18110,7,0.997583
18120,3,0.997584
18130,6,0.997584
18140,3,0.997585
18150,6,0.997585
18160,1,0.997585
18170,4,0.997586
18180,3,0.997586
18190,1,0.997586
18200,6,0.997587
18210,3,0.997587
18220,5,0.997588
18230,7,0.997588
18240,5,0.997589
18250,6,0.997589
18260,7,0.997590
18270,10,0.997591
18280,2,0.997591
18290,6,0.997592
18300,2,0.997592
18310,5,0.997593
18320,7,0.997594
18330,6,0.997594
18340,1,0.997594
18350,2,0.997595
18360,7,0.997595
18370,3,0.997596
18380,6,0.997596
18390,1,0.997596
18400,2,0.997597
18410,3,0.997597
18420,1,0.997597
18430,9,0.997598
18440,4,0.997598
18450,2,0.997599
18460,7,0.997599
18470,4,0.997600
18480,5,0.997600
18490,8,0.997601
18500,3,0.997601
18510,6,0.997602
18520,5,0.997603
18530,7,0.997603
18540,3,0.997604
18550,5,0.997604
18560,4,0.997605
18570,5,0.997605
18580,3,0.997605
18590,7,0.997606
18600,3,0.997606
18610,6,0.997607
18620,4,0.997607
18630,5,0.997608
18640,4,0.997608
18650,6,0.997609
18660,2,0.997609
18670,6,0.997610
18680,6,0.997611
18690,5,0.997611
18700,9,0.997612
18710,6,0.997613
18720,7,0.997613
18740,3,0.997614
18750,6,0.997614
18760,9,0.997615
18770,5,0.997616
18780,4,0.997616
18790,5,0.997617
18800,7,0.997617
18810,11,0.997619
18820,3,0.997619
18830,1,0.997619
18840,7,0.997620
18850,3,0.997620
18860,3,0.997620
18870,5,0.997621
18880,5,0.997621
18890,4,0.997622
18900,2,0.997622
18910,5,0.997623
18920,5,0.997623
18930,3,0.997624
18940,3,0.997624
18950,6,0.997624
18960,3,0.997625
18970,6,0.997625
18980,5,0.997626
18990,5,0.997626
19000,1,0.997627
19010,1,0.997627
19020,2,0.997627
19030,4,0.997627
19040,4,0.997628
19050,4,0.997628
19060,5,0.997629
19070,2,0.997629
19080,2,0.997629
19090,3,0.997629
19100,1,0.997629
19110,3,0.997630
19120,2,0.997630
19130,4,0.997630
19140,3,0.997631
19150,3,0.997631
19160,1,0.997631
19170,5,0.997632
19180,4,0.997632
19190,5,0.997633
19200,1,0.997633
19210,5,0.997633
19220,2,0.997633
19230,1,0.997634
19240,1,0.997634
19250,3,0.997634
19260,3,0.997634
19270,3,0.997635
19280,1,0.997635
19290,3,0.997635
19300,2,0.997635
19310,1,0.997635
19320,2,0.997636
19330,2,0.997636
19340,3,0.997636
19350,1,0.997636
19360,3,0.997637
19370,1,0.997637
19380,3,0.997637
19390,3,0.997637
19400,1,0.997637
19410,2,0.997638
19420,5,0.997638
19430,5,0.997639
19440,1,0.997639
19450,1,0.997639
19460,2,0.997639
19470,2,0.997639
19480,1,0.997639
19520,1,0.997639
19530,3,0.997640
19540,4,0.997640
19550,3,0.997641
19570,4,0.997641
19580,2,0.997641
19590,3,0.997642
19610,2,0.997642
19620,2,0.997642
19630,4,0.997642
19640,4,0.997643
19650,1,0.997643
19660,1,0.997643
19670,4,0.997643
19680,1,0.997643
19690,5,0.997644
19700,1,0.997644
19710,1,0.997644
19720,5,0.997645
19730,2,0.997645
19760,3,0.997645
19770,3,0.997646
19780,1,0.997646
19790,3,0.997646
19800,6,0.997647
19810,3,0.997647
19820,2,0.997647
19830,3,0.997647
19840,2,0.997648
19850,1,0.997648
19870,2,0.997648
19880,1,0.997648
19890,1,0.997648
19900,1,0.997648
19910,1,0.997648
19930,1,0.997649
19940,3,0.997649
19950,2,0.997649
19960,1,0.997649
19970,2,0.997649
19990,1,0.997649
20000,1,0.997650
20010,3,0.997650
20030,1,0.997650
20040,3,0.997650
20070,3,0.997651
20080,3,0.997651
20090,2,0.997651
20110,2,0.997651
20120,1,0.997651
20130,2,0.997652
20140,1,0.997652
20150,1,0.997652
20160,1,0.997652
20170,1,0.997652
20180,4,0.997653
20200,1,0.997653
20210,2,0.997653
20220,6,0.997653
20230,3,0.997654
20240,2,0.997654
20250,6,0.997655
20260,2,0.997655
20270,2,0.997655
20280,3,0.997655
20290,8,0.997656
20300,2,0.997656
20310,1,0.997657
20320,6,0.997657
20330,1,0.997657
20340,5,0.997658
20350,5,0.997658
20360,6,0.997659
20370,8,0.997660
20380,8,0.997661
20390,3,0.997661
20400,8,0.997662
20410,6,0.997662
20420,4,0.997663
20430,3,0.997663
20440,6,0.997664
20450,5,0.997664
20460,5,0.997665
20470,6,0.997665
20480,2,0.997666
20490,4,0.997666
20500,5,0.997667
20510,10,0.997668
20520,6,0.997668
20530,5,0.997669
20540,9,0.997670
20550,8,0.997671
20560,3,0.997671
20570,4,0.997671
20580,7,0.997672
20590,4,0.997673
20600,4,0.997673
20610,4,0.997673
20620,7,0.997674
20630,8,0.997675
20640,7,0.997676
20650,1,0.997676
20660,4,0.997676
20670,9,0.997677
20680,5,0.997678
20690,4,0.997678
20700,10,0.997679
20710,4,0.997680
20720,6,0.997680
20730,8,0.997681
20740,3,0.997681
20750,10,0.997682
20760,6,0.997683
20770,7,0.997684
20780,19,0.997686
20790,9,0.997687
20800,5,0.997687
20810,5,0.997688
20820,6,0.997688
20830,9,0.997689
20840,14,0.997691
20850,7,0.997692
20860,6,0.997692
20870,15,0.997694
20880,9,0.997695
20890,13,0.997696
20900,10,0.997697
20910,11,0.997698
20920,8,0.997699
20930,14,0.997701
20940,8,0.997701
20950,19,0.997703
20960,11,0.997705
20970,13,0.997706
20980,11,0.997707
20990,9,0.997708
21000,12,0.997709
21010,8,0.997710
21020,10,0.997711
21030,10,0.997712
21040,9,0.997713
21050,12,0.997715
21060,10,0.997716
21070,21,0.997718
21080,12,0.997719
21090,14,0.997721
21100,10,0.997722
21110,10,0.997723
21120,13,0.997724
21130,11,0.997725
21140,6,0.997726
21150,11,0.997727
21160,6,0.997728
21170,13,0.997729
21180,6,0.997730
21190,21,0.997732
21200,5,0.997732
21210,8,0.997733
21220,10,0.997734
21230,9,0.997735
21240,7,0.997736
21250,13,0.997737
21260,13,0.997739
21270,13,0.997740
21280,9,0.997741
21290,8,0.997742
21300,11,0.997743
21310,7,0.997744
21320,15,0.997745
21330,6,0.997746
21340,14,0.997747
21350,11,0.997749
21360,16,0.997750
21370,7,0.997751
21380,12,0.997752
21390,22,0.997755
21400,11,0.997756
21410,15,0.997757
21420,7,0.997758
21430,12,0.997759
21440,9,0.997760
21450,8,0.997761
21460,12,0.997762
21470,10,0.997763
21480,9,0.997764
21490,8,0.997765
21500,8,0.997766
21510,17,0.997768
21520,12,0.997769
21530,8,0.997770
21540,9,0.997771
21550,15,0.997772
21560,12,0.997774
21570,14,0.997775
21580,7,0.997776
21590,22,0.997778
21600,10,0.997779
21610,17,0.997781
21620,5,0.997782
21630,12,0.997783
21640,8,0.997784
21650,7,0.997784
21660,10,0.997786
21670,16,0.997787
21680,12,0.997788
21690,19,0.997790
21700,14,0.997792
21710,12,0.997793
21720,11,0.997794
21730,20,0.997796
21740,11,0.997798
21750,13,0.997799
21760,10,0.997800
21770,17,0.997802
21780,18,0.997804
21790,16,0.997805
21800,13,0.997807
21810,20,0.997809
21820,17,0.997811
21830,13,0.997812
21840,16,0.997814
21850,14,0.997815
21860,14,0.997817
21870,16,0.997818
21880,17,0.997820
21890,12,0.997821
21900,10,0.997822
21910,15,0.997824
21920,10,0.997825
21930,10,0.997826
21940,13,0.997827
21950,17,0.997829
21960,14,0.997831
21970,13,0.997832
21980,20,0.997834
21990,11,0.997835
22000,23,0.997838
22010,18,0.997840
22020,12,0.997841
22030,18,0.997843
22040,23,0.997845
22050,22,0.997848
22060,17,0.997849
22070,12,0.997851
22080,18,0.997853
22090,12,0.997854
22100,13,0.997855
22110,13,0.997857
22120,18,0.997858
22130,13,0.997860
22140,13,0.997861
22150,9,0.997862
22160,13,0.997863
22170,9,0.997864
22180,8,0.997865
22190,11,0.997866
22200,16,0.997868
22210,3,0.997868
22220,7,0.997869
22230,9,0.997870
22240,14,0.997872
22250,9,0.997873
22260,7,0.997873
22270,7,0.997874
22280,14,0.997875
22290,18,0.997877
22300,12,0.997879
22310,8,0.997880
22320,11,0.997881
22330,16,0.997882
22340,8,0.997883
22350,18,0.997885
22360,6,0.997886
22370,10,0.997887
22380,15,0.997888
22390,13,0.997890
22400,8,0.997891
22410,10,0.997892
22420,14,0.997893
22430,10,0.997894
22440,14,0.997896
22450,11,0.997897
22460,10,0.997898
22470,8,0.997899
22480,6,0.997899
22490,7,0.997900
22500,8,0.997901
22510,7,0.997902
22520,11,0.997903
22530,10,0.997904
22540,9,0.997905
22550,11,0.997906
22560,6,0.997907
22570,7,0.997907
22580,8,0.997908
22590,12,0.997909
22600,8,0.997910
22610,9,0.997911
22620,4,0.997912
22630,6,0.997912
22640,6,0.997913
22650,4,0.997913
22660,3,0.997914
22670,6,0.997914
22680,7,0.997915
22690,8,0.997916
22700,8,0.997917
22710,5,0.997917
22720,14,0.997919
22730,10,0.997920
22740,12,0.997921
22750,10,0.997922
22760,8,0.997923
22770,7,0.997924
22780,6,0.997924
22790,13,0.997926
22800,6,0.997926
22810,4,0.997927
22820,5,0.997927
22830,7,0.997928
22840,6,0.997929
22850,5,0.997929
22860,6,0.997930
22870,9,0.997931
22880,5,0.997931
22890,7,0.997932
22900,4,0.997932
22910,5,0.997933
22920,14,0.997934
22930,8,0.997935
22940,6,0.997936
22950,8,0.997937
22960,6,0.997937
22970,6,0.997938
22980,10,0.997939
22990,8,0.997940
23000,7,0.997941
23010,9,0.997941
23020,11,0.997943
23030,7,0.997943
23040,12,0.997945
23050,10,0.997946
23060,10,0.997947
23070,9,0.997948
23080,5,0.997948
23090,6,0.997949
23100,4,0.997949
23110,9,0.997950
23120,12,0.997952
23130,4,0.997952
23140,8,0.997953
23150,9,0.997954
23160,12,0.997955
23170,4,0.997955
23180,9,0.997956
23190,6,0.997957
23200,8,0.997958
23210,9,0.997959
23220,7,0.997959
23230,8,0.997960
23240,4,0.997961
23250,10,0.997962
23260,4,0.997962
23270,12,0.997963
23280,12,0.997965
23290,11,0.997966
23300,16,0.997968
23310,7,0.997968
23320,14,0.997970
23330,5,0.997970
23340,9,0.997971
23350,5,0.997972
23360,7,0.997973
23370,8,0.997973
23380,9,0.997974
23390,11,0.997975
23400,10,0.997977
23410,8,0.997977
23420,10,0.997978
23430,6,0.997979
23440,10,0.997980
23450,13,0.997981
23460,6,0.997982
23470,4,0.997983
23480,6,0.997983
23490,6,0.997984
23500,3,0.997984
23510,8,0.997985
23520,4,0.997985
23530,7,0.997986
23540,4,0.997987
23550,5,0.997987
23560,4,0.997988
23570,5,0.997988
23580,4,0.997988
23590,2,0.997989
23600,4,0.997989
23610,9,0.997990
23620,4,0.997990
23630,5,0.997991
23640,12,0.997992
23650,3,0.997993
23670,4,0.997993
23680,2,0.997993
23690,5,0.997994
23700,9,0.997995
23710,8,0.997995
23720,14,0.997997
23730,11,0.997998
23740,2,0.997998
23750,9,0.997999
23760,1,0.997999
23770,4,0.998000
23780,4,0.998000
23790,7,0.998001
23800,7,0.998002
23810,7,0.998002
23820,12,0.998004
23830,11,0.998005
23840,7,0.998006
23850,9,0.998007
23860,6,0.998007
23870,10,0.998008
23880,8,0.998009
23890,11,0.998010
23900,8,0.998011
23910,15,0.998013
23920,15,0.998014
23930,5,0.998015
23940,10,0.998016
23950,3,0.998016
23960,6,0.998017
23970,9,0.998018
23980,7,0.998018
23990,14,0.998020
24000,10,0.998021
24010,11,0.998022
24020,7,0.998023
24030,9,0.998024
24040,12,0.998025
24050,4,0.998025
24060,8,0.998026
24070,10,0.998027
24080,6,0.998028
24090,11,0.998029
24100,12,0.998030
24110,8,0.998031
24120,16,0.998033
24130,9,0.998034
24140,12,0.998035
24150,7,0.998036
24160,5,0.998036
24170,12,0.998038
24180,8,0.998039
24190,8,0.998039
24200,4,0.998040
24210,7,0.998041
24220,10,0.998042
24230,7,0.998042
24240,8,0.998043
24250,9,0.998044
24260,10,0.998045
24270,5,0.998046
24280,12,0.998047
24290,5,0.998047
24300,7,0.998048
24310,5,0.998049
24320,3,0.998049
24330,12,0.998050
24340,7,0.998051
24350,6,0.998052
24360,8,0.998053
24370,12,0.998054
24380,8,0.998055
24390,7,0.998055
24400,10,0.998056
24410,8,0.998057
24420,4,0.998058
24430,7,0.998058
24440,8,0.998059
24450,9,0.998060
24460,7,0.998061
24470,9,0.998062
24480,10,0.998063
24490,9,0.998064
24500,13,0.998065
24510,3,0.998066
24520,5,0.998066
24530,11,0.998067
24540,6,0.998068
24550,8,0.998069
24560,11,0.998070
24570,7,0.998071
24580,6,0.998071
24590,3,0.998072
24600,12,0.998073
24610,12,0.998074
24620,11,0.998075
24630,8,0.998076
24640,8,0.998077
24650,11,0.998078
24660,8,0.998079
24670,10,0.998080
24680,11,0.998081
24690,7,0.998082
24700,10,0.998083
24710,12,0.998084
24720,11,0.998085
24730,13,0.998087
24740,13,0.998088
24750,7,0.998089
24760,9,0.998090
24770,13,0.998091
24780,11,0.998092
24790,9,0.998093
24800,11,0.998094
24810,17,0.998096
24820,16,0.998098
24830,14,0.998099
24840,15,0.998101
24850,17,0.998103
24860,13,0.998104
24870,8,0.998105
24880,13,0.998106
24890,13,0.998108
24900,11,0.998109
24910,19,0.998111
24920,15,0.998112
24930,12,0.998114
24940,16,0.998115
24950,14,0.998117
24960,14,0.998118
24970,17,0.998120
24980,10,0.998121
24990,12,0.998122
25000,9,0.998123
25010,15,0.998125
25020,14,0.998126
25030,15,0.998128
25040,13,0.998129
25050,20,0.998131
25060,12,0.998133
25070,17,0.998135
25080,18,0.998136
25090,16,0.998138
25100,20,0.998140
25110,22,0.998143
25120,15,0.998144
25130,16,0.998146
25140,21,0.998148
25150,13,0.998149
25160,18,0.998151
25170,11,0.998152
25180,17,0.998154
25190,16,0.998156
25200,19,0.998158
25210,13,0.998159
25220,11,0.998160
25230,22,0.998163
25240,20,0.998165
25250,11,0.998166
25260,13,0.998167
25270,13,0.998169
25280,15,0.998170
25290,18,0.998172
25300,19,0.998174
25310,17,0.998176
25320,14,0.998177
25330,14,0.998179
25340,17,0.998181
25350,22,0.998183
25360,10,0.998184
25370,13,0.998185
25380,20,0.998188
25390,18,0.998190
25400,23,0.998192
25410,17,0.998194
25420,18,0.998196
25430,15,0.998197
25440,26,0.998200
25450,21,0.998202
25460,17,0.998204
25470,15,0.998205
25480,21,0.998208
25490,26,0.998210
25500,14,0.998212
25510,15,0.998213
25520,18,0.998215
25530,22,0.998218
25540,22,0.998220
25550,21,0.998222
25560,12,0.998223
25570,22,0.998226
25580,22,0.998228
25590,28,0.998231
25600,17,0.998233
25610,14,0.998234
25620,22,0.998237
25630,19,0.998239
25640,14,0.998240
25650,23,0.998243
25660,20,0.998245
25670,19,0.998247
25680,22,0.998249
25690,26,0.998252
25700,25,0.998254
25710,23,0.998257
25720,25,0.998259
25730,27,0.998262
25740,24,0.998265
25750,22,0.998267
25760,34,0.998271
25770,29,0.998274
25780,21,0.998276
25790,19,0.998278
25800,19,0.998280
25810,21,0.998282
25820,27,0.998285
25830,28,0.998288
25840,30,0.998291
25850,23,0.998293
25860,29,0.998297
25870,31,0.998300
25880,23,0.998302
25890,27,0.998305
25900,20,0.998307
25910,23,0.998310
25920,34,0.998313
25930,24,0.998316
25940,39,0.998320
25950,31,0.998323
25960,27,0.998326
25970,31,0.998329
25980,30,0.998332
25990,42,0.998337
26000,29,0.998340
26010,25,0.998342
26020,22,0.998345
26030,20,0.998347
26040,34,0.998350
26050,31,0.998354
26060,27,0.998357
26070,36,0.998360
26080,25,0.998363
26090,37,0.998367
26100,37,0.998371
26110,31,0.998374
26120,34,0.998378
26130,30,0.998381
26140,35,0.998384
26150,30,0.998388
26160,31,0.998391
26170,37,0.998395
26180,44,0.998399
26190,18,0.998401
26200,29,0.998404
26210,28,0.998407
26220,30,0.998410
26230,29,0.998414
26240,23,0.998416
26250,40,0.998420
26260,31,0.998423
26270,25,0.998426
26280,35,0.998430
26290,36,0.998433
26300,29,0.998437
26310,34,0.998440
26320,19,0.998442
26330,31,0.998445
26340,28,0.998448
26350,28,0.998451
26360,29,0.998454
26370,26,0.998457
26380,31,0.998460
26390,31,0.998464
26400,31,0.998467
26410,38,0.998471
26420,35,0.998475
26430,31,0.998478
26440,25,0.998480
26450,28,0.998483
26460,40,0.998488
26470,29,0.998491
26480,21,0.998493
26490,33,0.998496
26500,20,0.998498
26510,21,0.998501
26520,29,0.998504
26530,34,0.998507
26540,26,0.998510
26550,22,0.998512
26560,35,0.998516
26570,29,0.998519
26580,21,0.998521
26590,28,0.998524
26600,42,0.998529
26610,31,0.998532
26620,25,0.998535
26630,32,0.998538
26640,33,0.998541
26650,40,0.998546
26660,31,0.998549
26670,40,0.998553
26680,25,0.998556
26690,23,0.998558
26700,39,0.998562
26710,34,0.998566
26720,32,0.998569
26730,38,0.998573
26740,39,0.998577
26750,35,0.998581
26760,30,0.998584
26770,23,0.998587
26780,26,0.998589
26790,36,0.998593
26800,41,0.998597
26810,39,0.998601
26820,30,0.998605
26830,33,0.998608
26840,34,0.998612
26850,31,0.998615
26860,29,0.998618
26870,31,0.998621
26880,27,0.998624
26890,30,0.998627
26900,22,0.998630
26910,28,0.998633
26920,28,0.998635
26930,21,0.998638
26940,22,0.998640
26950,22,0.998642
26960,26,0.998645
26970,15,0.998647
26980,26,0.998649
26990,21,0.998652
27000,24,0.998654
27010,22,0.998656
27020,23,0.998659
27030,29,0.998662
27040,21,0.998664
27050,22,0.998666
27060,21,0.998669
27070,32,0.998672
27080,27,0.998675
27090,18,0.998677
27100,26,0.998679
27110,17,0.998681
27120,20,0.998683
27130,24,0.998686
27140,29,0.998689
27150,21,0.998691
27160,20,0.998693
27170,18,0.998695
27180,22,0.998697
27190,26,0.998700
27200,23,0.998703
27210,13,0.998704
27220,18,0.998706
27230,16,0.998708
27240,15,0.998709
27250,20,0.998711
27260,22,0.998714
27270,18,0.998715
27280,27,0.998718
27290,18,0.998720
27300,17,0.998722
27310,19,0.998724
27320,17,0.998726
27330,22,0.998728
27340,19,0.998730
27350,22,0.998732
27360,20,0.998735
27370,29,0.998738
27380,21,0.998740
27390,25,0.998742
27400,16,0.998744
27410,14,0.998746
27420,22,0.998748
27430,27,0.998751
27440,23,0.998753
27450,27,0.998756
27460,29,0.998759
27470,20,0.998761
27480,24,0.998764
27490,30,0.998767
27500,27,0.998770
27510,24,0.998772
27520,22,0.998775
27530,25,0.998777
27540,15,0.998779
27550,25,0.998781
27560,20,0.998783
27570,24,0.998786
27580,33,0.998789
27590,29,0.998793
27600,34,0.998796
27610,30,0.998799
27620,25,0.998802
27630,31,0.998805
27640,24,0.998808
27650,23,0.998810
27660,24,0.998813
27670,27,0.998815
27680,26,0.998818
27690,31,0.998821
27700,18,0.998823
27710,28,0.998826
27720,32,0.998830
27730,28,0.998833
27740,31,0.998836
27750,28,0.998839
27760,24,0.998841
27770,21,0.998844
27780,26,0.998846
27790,24,0.998849
27800,33,0.998852
27810,23,0.998855
27820,12,0.998856
27830,30,0.998859
27840,30,0.998862
27850,16,0.998864
27860,24,0.998867
27870,19,0.998869
27880,29,0.998872
27890,14,0.998873
27900,25,0.998876
27910,17,0.998877
27920,27,0.998880
27930,19,0.998882
27940,19,0.998884
27950,29,0.998887
27960,23,0.998890
27970,25,0.998892
27980,22,0.998895
27990,20,0.998897
28000,16,0.998899
28010,16,0.998900
28020,26,0.998903
28030,22,0.998905
28040,21,0.998908
28050,30,0.998911
28060,15,0.998912
28070,14,0.998914
28080,16,0.998915
28090,23,0.998918
28100,22,0.998920
28110,24,0.998923
28120,30,0.998926
28130,27,0.998929
28140,17,0.998930
28150,22,0.998933
28160,21,0.998935
28170,27,0.998938
28180,24,0.998940
28190,20,0.998942
28200,20,0.998945
28210,22,0.998947
28220,13,0.998948
28230,29,0.998951
28240,21,0.998953
28250,20,0.998956
28260,15,0.998957
28270,21,0.998959
28280,30,0.998963
28290,19,0.998965
28300,14,0.998966
28310,15,0.998968
28320,23,0.998970
28330,23,0.998972
28340,23,0.998975
28350,24,0.998977
28360,24,0.998980
28370,26,0.998983
28380,23,0.998985
28390,23,0.998987
28400,25,0.998990
28410,23,0.998993
28420,25,0.998995
28430,29,0.998998
28440,16,0.999000
28450,30,0.999003
28460,23,0.999005
28470,22,0.999008
28480,25,0.999010
28490,24,0.999013
28500,16,0.999015
28510,15,0.999016
28520,27,0.999019
28530,21,0.999021
28540,26,0.999024
28550,24,0.999027
28560,22,0.999029
28570,23,0.999031
28580,19,0.999033
28590,17,0.999035
28600,26,0.999038
28610,27,0.999041
28620,18,0.999043
28630,21,0.999045
28640,22,0.999047
28650,20,0.999049
28660,21,0.999051
28670,19,0.999053
28680,21,0.999056
28690,23,0.999058
28700,16,0.999060
28710,13,0.999061
28720,17,0.999063
28730,17,0.999065
28740,17,0.999066
28750,25,0.999069
28760,22,0.999071
28770,18,0.999073
28780,23,0.999076
28790,22,0.999078
28800,16,0.999080
28810,23,0.999082
28820,22,0.999084
28830,15,0.999086
28840,18,0.999088
28850,22,0.999090
28860,19,0.999092
28870,17,0.999094
28880,23,0.999096
28890,26,0.999099
28900,21,0.999101
28910,17,0.999103
28920,20,0.999105
28930,30,0.999108
28940,19,0.999110
28950,22,0.999113
28960,17,0.999115
28970,19,0.999117
28980,20,0.999119
28990,23,0.999121
29000,21,0.999123
29010,27,0.999126
29020,27,0.999129
29030,19,0.999131
29040,16,0.999133
29050,24,0.999135
29060,28,0.999138
29070,24,0.999141
29080,25,0.999143
29090,24,0.999146
29100,17,0.999148
29110,24,0.999150
29120,27,0.999153
29130,18,0.999155
29140,27,0.999158
29150,24,0.999160
29160,22,0.999163
29170,20,0.999165
29180,32,0.999168
29190,21,0.999170
29200,26,0.999173
29210,24,0.999175
29220,21,0.999178
29230,25,0.999180
29240,34,0.999184
29250,25,0.999187
29260,20,0.999189
29270,25,0.999191
29280,20,0.999193
29290,19,0.999195
29300,22,0.999198
29310,14,0.999199
29320,25,0.999202
29330,21,0.999204
29340,20,0.999206
29350,32,0.999209
29360,22,0.999212
29370,23,0.999214
29380,23,0.999217
29390,25,0.999219
29400,27,0.999222
29410,18,0.999224
29420,21,0.999226
29430,28,0.999229
29440,22,0.999231
29450,19,0.999233
29460,22,0.999236
29470,24,0.999238
29480,23,0.999241
29490,14,0.999242
29500,16,0.999244
29510,20,0.999246
29520,11,0.999247
29530,12,0.999248
29540,18,0.999250
29550,15,0.999252
29560,18,0.999254
29570,11,0.999255
29580,15,0.999257
29590,12,0.999258
29600,8,0.999259
29610,17,0.999260
29620,27,0.999263
29630,20,0.999265
29640,19,0.999267
29650,16,0.999269
29660,13,0.999270
29670,17,0.999272
29680,23,0.999275
29690,17,0.999276
29700,9,0.999277
29710,14,0.999279
29720,15,0.999280
29730,22,0.999283
29740,14,0.999284
29750,18,0.999286
29760,17,0.999288
29770,19,0.999290
29780,5,0.999290
29790,19,0.999292
29800,8,0.999293
29810,17,0.999295
29820,14,0.999297
29830,15,0.999298
29840,13,0.999299
29850,14,0.999301
29860,13,0.999302
29870,24,0.999305
29880,22,0.999307
29890,19,0.999309
29900,16,0.999311
29910,20,0.999313
29920,8,0.999314
29930,14,0.999315
29940,18,0.999317
29950,12,0.999318
29960,12,0.999320
29970,17,0.999321
29980,9,0.999322
29990,17,0.999324
30000,14,0.999326
30010,12,0.999327
30020,10,0.999328
30030,8,0.999329
30040,16,0.999331
30050,17,0.999332
30060,12,0.999334
30070,6,0.999334
30080,17,0.999336
30090,14,0.999337
30100,14,0.999339
30110,9,0.999340
30120,13,0.999341
30130,13,0.999343
30140,11,0.999344
30150,15,0.999345
30160,10,0.999346
30170,10,0.999347
30180,5,0.999348
30190,9,0.999349
30200,10,0.999350
30210,13,0.999351
30220,15,0.999353
30230,11,0.999354
30240,7,0.999355
30250,11,0.999356
30260,14,0.999357
30270,21,0.999360
30280,20,0.999362
30290,15,0.999363
30300,11,0.999365
30310,19,0.999367
30320,21,0.999369
30330,15,0.999370
30340,14,0.999372
30350,19,0.999374
30360,12,0.999375
30370,14,0.999377
30380,21,0.999379
30390,11,0.999380
30400,8,0.999381
30410,17,0.999383
30420,25,0.999385
30430,21,0.999387
30440,15,0.999389
30450,12,0.999390
30460,14,0.999392
30470,21,0.999394
30480,22,0.999396
30490,13,0.999398
30500,15,0.999399
30510,14,0.999401
30520,9,0.999402
30530,15,0.999403
30540,15,0.999405
30550,20,0.999407
30560,15,0.999408
30570,13,0.999410
30580,12,0.999411
30590,14,0.999413
30600,18,0.999414
30610,19,0.999416
30620,12,0.999418
30630,12,0.999419
30640,14,0.999420
30650,20,0.999423
30660,10,0.999424
30670,8,0.999424
30680,20,0.999427
30690,11,0.999428
30700,12,0.999429
30710,20,0.999431
30720,10,0.999432
30730,19,0.999434
30740,11,0.999435
30750,17,0.999437
30760,12,0.999438
30770,17,0.999440
30780,8,0.999441
30790,18,0.999443
30800,13,0.999444
30810,11,0.999445
30820,13,0.999447
30830,13,0.999448
30840,15,0.999450
30850,12,0.999451
30860,13,0.999452
30870,10,0.999453
30880,11,0.999455
30890,9,0.999455
30900,10,0.999457
30910,15,0.999458
30920,8,0.999459
30930,6,0.999460
30940,16,0.999461
30950,7,0.999462
30960,11,0.999463
30970,13,0.999465
30980,9,0.999465
30990,12,0.999467
31000,13,0.999468
31010,11,0.999469
31020,14,0.999471
31030,14,0.999472
31040,17,0.999474
31050,12,0.999475
31060,10,0.999476
31070,10,0.999477
31080,17,0.999479
31090,9,0.999480
31100,14,0.999482
31110,10,0.999483
31120,9,0.999484
31130,16,0.999485
31140,20,0.999487
31150,17,0.999489
31160,25,0.999492
31170,11,0.999493
31180,17,0.999495
31190,16,0.999496
31200,24,0.999499
31210,24,0.999501
31220,19,0.999503
31230,14,0.999505
31240,7,0.999506
31250,22,0.999508
31260,13,0.999509
31270,19,0.999511
31280,11,0.999513
31290,18,0.999514
31300,14,0.999516
31310,16,0.999518
31320,10,0.999519
31330,28,0.999522
31340,27,0.999524
31350,15,0.999526
31360,9,0.999527
31370,16,0.999529
31380,15,0.999530
31390,16,0.999532
31400,14,0.999533
31410,20,0.999536
31420,12,0.999537
31430,15,0.999538
31440,14,0.999540
31450,11,0.999541
31460,14,0.999542
31470,12,0.999544
31480,24,0.999546
31490,18,0.999548
31500,13,0.999549
31510,20,0.999552
31520,10,0.999553
31530,9,0.999554
31540,11,0.999555
31550,12,0.999556
31560,10,0.999557
31570,14,0.999559
31580,15,0.999560
31590,15,0.999562
31600,21,0.999564
31610,14,0.999565
31620,11,0.999567
31630,16,0.999568
31640,14,0.999570
31650,8,0.999571
31660,12,0.999572
31670,10,0.999573
31680,11,0.999574
31690,17,0.999576
31700,5,0.999576
31710,11,0.999577
31720,9,0.999578
31730,12,0.999580
31740,17,0.999581
31750,12,0.999583
31760,7,0.999583
31770,10,0.999585
31780,11,0.999586
31790,12,0.999587
31800,7,0.999588
31810,13,0.999589
31820,7,0.999590
31830,8,0.999591
31840,16,0.999592
31850,13,0.999594
31860,11,0.999595
31870,6,0.999595
31880,13,0.999597
31890,10,0.999598
31900,8,0.999599
31910,13,0.999600
31920,7,0.999601
31930,7,0.999602
31940,12,0.999603
31950,7,0.999604
31960,12,0.999605
31970,18,0.999607
31980,7,0.999608
31990,3,0.999608
32000,4,0.999608
32010,4,0.999609
32020,6,0.999609
32030,8,0.999610
32040,8,0.999611
32050,5,0.999611
32060,3,0.999612
32070,7,0.999613
32080,7,0.999613
32090,5,0.999614
32100,6,0.999614
32110,8,0.999615
32120,5,0.999616
32130,6,0.999616
32140,6,0.999617
32150,7,0.999618
32160,6,0.999618
32170,4,0.999619
32180,8,0.999620
32190,6,0.999620
32200,10,0.999621
32210,9,0.999622
32220,4,0.999623
32230,6,0.999623
32240,9,0.999624
32250,5,0.999625
32260,7,0.999626
32270,5,0.999626
32280,4,0.999627
32290,3,0.999627
32300,11,0.999628
32310,11,0.999629
32320,5,0.999630
32330,4,0.999630
32340,9,0.999631
32350,1,0.999631
32360,7,0.999632
32370,8,0.999633
32380,8,0.999634
32390,7,0.999634
32400,9,0.999635
32410,5,0.999636
32420,8,0.999637
32430,6,0.999637
32440,11,0.999638
32450,8,0.999639
32460,3,0.999640
32470,4,0.999640
32480,8,0.999641
32490,5,0.999641
32500,3,0.999642
32510,8,0.999643
32520,5,0.999643
32530,4,0.999644
32540,2,0.999644
32550,12,0.999645
32560,7,0.999646
32570,5,0.999646
32580,9,0.999647
32590,9,0.999648
32600,7,0.999649
32610,7,0.999650
32620,3,0.999650
32630,8,0.999651
32640,6,0.999651
32650,9,0.999652
32660,10,0.999653
32670,7,0.999654
32680,6,0.999655
32690,5,0.999655
32700,6,0.999656
32710,7,0.999657
32720,11,0.999658
32730,5,0.999658
32740,5,0.999659
32750,10,0.999660
32760,8,0.999661
32770,5,0.999661
32780,11,0.999662
32790,4,0.999663
32800,7,0.999664
32810,11,0.999665
32820,11,0.999666
32830,5,0.999666
32840,10,0.999667
32850,6,0.999668
32860,4,0.999669
32870,5,0.999669
32880,9,0.999670
32890,9,0.999671
32900,11,0.999672
32910,7,0.999673
32920,8,0.999674
32930,2,0.999674
32940,4,0.999674
32950,10,0.999675
32960,7,0.999676
32970,10,0.999677
32980,9,0.999678
32990,10,0.999679
33000,5,0.999680
33010,4,0.999680
33020,10,0.999681
33030,15,0.999683
33040,11,0.999684
33050,9,0.999685
33060,8,0.999686
33070,7,0.999686
33080,12,0.999688
33090,9,0.999689
33100,7,0.999689
33110,5,0.999690
33120,7,0.999691
33130,2,0.999691
33140,9,0.999692
33150,7,0.999692
33160,4,0.999693
33170,5,0.999693
33180,6,0.999694
33190,7,0.999695
33200,3,0.999695
33210,6,0.999696
33220,7,0.999697
33230,7,0.999697
33240,5,0.999698
33250,8,0.999699
33260,4,0.999699
33270,4,0.999699
33280,4,0.999700
33290,5,0.999700
33300,1,0.999701
33310,3,0.999701
33320,4,0.999701
33330,3,0.999702
33340,3,0.999702
33360,6,0.999703
33370,7,0.999703
33380,4,0.999704
33390,6,0.999704
33400,7,0.999705
33410,4,0.999705
33420,5,0.999706
33430,5,0.999707
33440,4,0.999707
33450,7,0.999708
33460,3,0.999708
33470,3,0.999708
33490,10,0.999709
33500,6,0.999710
33510,8,0.999711
33520,4,0.999711
33530,6,0.999712
33540,7,0.999713
33550,7,0.999713
33560,6,0.999714
33570,4,0.999714
33580,7,0.999715
33590,9,0.999716
33600,9,0.999717
33610,6,0.999718
33620,6,0.999718
33630,4,0.999719
33640,3,0.999719
33650,5,0.999720
33660,6,0.999720
33670,2,0.999720
33680,5,0.999721
33690,6,0.999722
33700,3,0.999722
33710,3,0.999722
33720,6,0.999723
33730,5,0.999723
33740,2,0.999724
33750,11,0.999725
33760,9,0.999726
33770,3,0.999726
33780,3,0.999726
33790,10,0.999727
33800,9,0.999728
33810,5,0.999729
33820,4,0.999729
33830,7,0.999730
33840,5,0.999731
33850,13,0.999732
33860,4,0.999732
33870,4,0.999733
33880,9,0.999734
33890,7,0.999734
33900,2,0.999735
33910,5,0.999735
33920,2,0.999735
33930,3,0.999736
33940,5,0.999736
33950,6,0.999737
33960,2,0.999737
33970,4,0.999738
33980,4,0.999738
33990,6,0.999739
34000,8,0.999739
34010,3,0.999740
34020,3,0.999740
34030,4,0.999740
34040,7,0.999741
34050,8,0.999742
34060,1,0.999742
34070,4,0.999743
34080,5,0.999743
34090,3,0.999743
34100,5,0.999744
34110,4,0.999744
34120,3,0.999745
34130,5,0.999745
34140,9,0.999746
34150,8,0.999747
34160,6,0.999748
34170,4,0.999748
34180,5,0.999749
34190,7,0.999749
34200,2,0.999749
34210,4,0.999750
34220,6,0.999751
34230,2,0.999751
34240,4,0.999751
34250,3,0.999751
34260,4,0.999752
34270,5,0.999752
34280,2,0.999753
34290,3,0.999753
34300,4,0.999753
34310,1,0.999753
34320,3,0.999754
34330,4,0.999754
34340,3,0.999755
34350,3,0.999755
34360,6,0.999756
34370,6,0.999756
34380,5,0.999757
34390,7,0.999757
34400,5,0.999758
34410,1,0.999758
34420,1,0.999758
34430,4,0.999759
34440,2,0.999759
34450,4,0.999759
34460,5,0.999760
34470,3,0.999760
34480,3,0.999760
34490,5,0.999761
34500,1,0.999761
34510,6,0.999762
34520,2,0.999762
34530,2,0.999762
34540,2,0.999762
34550,1,0.999762
34560,1,0.999762
34570,4,0.999763
34580,6,0.999763
34590,10,0.999765
34600,2,0.999765
34610,5,0.999765
34620,4,0.999766
34630,3,0.999766
34640,3,0.999766
34650,10,0.999767
34660,4,0.999768
34670,2,0.999768
34680,7,0.999769
34690,6,0.999769
34700,3,0.999770
34710,7,0.999770
34720,8,0.999771
34730,3,0.999772
34740,2,0.999772
34750,3,0.999772
34760,8,0.999773
34770,3,0.999773
34780,3,0.999774
34790,3,0.999774
34800,6,0.999775
34810,1,0.999775
34820,5,0.999775
34830,6,0.999776
34840,9,0.999777
34850,5,0.999777
34860,2,0.999777
34870,4,0.999778
34880,7,0.999779
34890,4,0.999779
34900,1,0.999779
34910,5,0.999780
34920,3,0.999780
34930,3,0.999780
34940,5,0.999781
34960,4,0.999781
34970,4,0.999782
34980,5,0.999782
34990,6,0.999783
35000,7,0.999784
35010,7,0.999784
35020,4,0.999785
35030,10,0.999786
35040,6,0.999786
35050,4,0.999787
35060,7,0.999788
35070,9,0.999789
35080,5,0.999789
35090,7,0.999790
35100,7,0.999791
35110,7,0.999791
35120,8,0.999792
35130,2,0.999792
35140,10,0.999793
35150,9,0.999794
35160,10,0.999795
35170,10,0.999796
35180,3,0.999797
35190,6,0.999797
35200,5,0.999798
35210,4,0.999798
35220,8,0.999799
35230,6,0.999800
35240,4,0.999800
35250,3,0.999801
35260,6,0.999801
35270,6,0.999802
35280,12,0.999803
35290,6,0.999804
35300,16,0.999805
35310,6,0.999806
35320,5,0.999807
35330,5,0.999807
35340,4,0.999807
35350,4,0.999808
35360,5,0.999808
35370,7,0.999809
35380,5,0.999810
35390,5,0.999810
35400,11,0.999811
35410,4,0.999812
35420,6,0.999812
35430,6,0.999813
35440,8,0.999814
35450,15,0.999815
35460,8,0.999816
35470,6,0.999817
35480,6,0.999818
35490,2,0.999818
35500,5,0.999818
35510,8,0.999819
35520,5,0.999820
35530,4,0.999820
35550,7,0.999821
35560,2,0.999821
35570,6,0.999822
35580,5,0.999822
35590,1,0.999822
35600,7,0.999823
35610,1,0.999823
35620,6,0.999824
35630,4,0.999824
35640,8,0.999825
35650,3,0.999825
35660,5,0.999826
35670,4,0.999826
35680,3,0.999827
35690,6,0.999827
35700,6,0.999828
35710,2,0.999828
35720,3,0.999828
35730,3,0.999829
35740,2,0.999829
35750,1,0.999829
35760,2,0.999829
35770,2,0.999829
35780,4,0.999830
35790,1,0.999830
35800,4,0.999830
35810,1,0.999831
35820,3,0.999831
35830,2,0.999831
35840,4,0.999831
35850,1,0.999832
35860,2,0.999832
35870,1,0.999832
35880,1,0.999832
35890,3,0.999832
35900,4,0.999833
35910,5,0.999833
35920,2,0.999833
35930,6,0.999834
35940,3,0.999834
35950,1,0.999835
35960,5,0.999835
35970,1,0.999835
36000,2,0.999835
36010,1,0.999835
36020,4,0.999836
36030,2,0.999836
36040,3,0.999836
36050,1,0.999837
36070,3,0.999837
36080,2,0.999837
36090,4,0.999837
36100,4,0.999838
36110,2,0.999838
36120,4,0.999839
36130,2,0.999839
36140,3,0.999839
36150,4,0.999839
36160,4,0.999840
36170,3,0.999840
36180,5,0.999841
36190,2,0.999841
36200,2,0.999841
36210,5,0.999842
36220,3,0.999842
36230,5,0.999843
36240,4,0.999843
36250,2,0.999843
36260,4,0.999844
36270,4,0.999844
36280,5,0.999845
36290,6,0.999845
36300,2,0.999845
36310,3,0.999846
36320,4,0.999846
36330,3,0.999846
36340,4,0.999847
36350,3,0.999847
36360,2,0.999847
36370,4,0.999848
36380,4,0.999848
36390,2,0.999848
36400,3,0.999849
36410,5,0.999849
36420,2,0.999849
36430,3,0.999850
36440,1,0.999850
36450,5,0.999850
36460,3,0.999851
36470,5,0.999851
36480,4,0.999852
36490,3,0.999852
36500,2,0.999852
36510,2,0.999852
36520,3,0.999853
36530,4,0.999853
36540,1,0.999853
36550,2,0.999853
36560,2,0.999854
36570,3,0.999854
36580,4,0.999854
36590,1,0.999855
36600,4,0.999855
36610,2,0.999855
36620,2,0.999855
36630,2,0.999856
36640,1,0.999856
36650,3,0.999856
36660,1,0.999856
36670,1,0.999856
36680,1,0.999856
36690,2,0.999857
36700,2,0.999857
36710,5,0.999857
36720,2,0.999857
36730,4,0.999858
36740,1,0.999858
36750,1,0.999858
36760,1,0.999858
36790,4,0.999859
36800,5,0.999859
36810,3,0.999859
36820,5,0.999860
36830,1,0.999860
36840,3,0.999860
36850,2,0.999861
36860,5,0.999861
36870,9,0.999862
36880,2,0.999862
36890,1,0.999862
36900,2,0.999863
36910,3,0.999863
36920,2,0.999863
36930,4,0.999864
36940,6,0.999864
36950,1,0.999864
36960,6,0.999865
36970,4,0.999865
36980,1,0.999865
36990,8,0.999866
37000,4,0.999867
37010,3,0.999867
37020,3,0.999867
37030,5,0.999868
37040,3,0.999868
37050,1,0.999868
37060,6,0.999869
37070,6,0.999870
37080,4,0.999870
37090,3,0.999870
37100,2,0.999871
37110,5,0.999871
37120,1,0.999871
37130,2,0.999871
37140,5,0.999872
37150,4,0.999872
37160,8,0.999873
37170,2,0.999873
37180,3,0.999874
37190,5,0.999874
37200,3,0.999875
37210,6,0.999875
37220,3,0.999875
37230,4,0.999876
37240,4,0.999876
37250,2,0.999876
37260,3,0.999877
37270,3,0.999877
37280,1,0.999877
37290,2,0.999877
37300,5,0.999878
37310,1,0.999878
37320,3,0.999878
37330,2,0.999879
37340,3,0.999879
37350,3,0.999879
37380,1,0.999879
37390,1,0.999879
37400,2,0.999880
37410,1,0.999880
37420,2,0.999880
37430,2,0.999880
37440,1,0.999880
37460,4,0.999881
37470,4,0.999881
37480,2,0.999881
37490,4,0.999882
37500,1,0.999882
37510,2,0.999882
37520,4,0.999883
37530,3,0.999883
37540,1,0.999883
37550,3,0.999883
37560,5,0.999884
37570,4,0.999884
37580,3,0.999885
37590,5,0.999885
37600,2,0.999885
37610,3,0.999886
37620,4,0.999886
37630,3,0.999886
37640,7,0.999887
37660,5,0.999888
37670,3,0.999888
37680,6,0.999889
37690,5,0.999889
37700,2,0.999889
37710,2,0.999889
37720,4,0.999890
37730,8,0.999891
37740,6,0.999891
37750,5,0.999892
37760,5,0.999892
37770,7,0.999893
37780,3,0.999893
37790,9,0.999894
37800,5,0.999895
37810,11,0.999896
37820,2,0.999896
37830,4,0.999897
37840,6,0.999897
37850,2,0.999898
37860,4,0.999898
37870,5,0.999899
37880,2,0.999899
37890,2,0.999899
37900,4,0.999899
37910,4,0.999900
37920,2,0.999900
37930,4,0.999900
37940,2,0.999901
37950,3,0.999901
37960,3,0.999901
37970,2,0.999901
37980,2,0.999902
37990,1,0.999902
38000,1,0.999902
38010,2,0.999902
38020,2,0.999902
38030,3,0.999903
38040,1,0.999903
38060,3,0.999903
38070,3,0.999903
38090,4,0.999904
38100,2,0.999904
38120,1,0.999904
38130,4,0.999905
38140,3,0.999905
38160,1,0.999905
38170,2,0.999905
38190,2,0.999905
38200,2,0.999906
38220,1,0.999906
38230,2,0.999906
38250,2,0.999906
38260,3,0.999906
38270,1,0.999907
38300,1,0.999907
38310,1,0.999907
38330,1,0.999907
38340,1,0.999907
38350,1,0.999907
38360,1,0.999907
38370,1,0.999907
38400,2,0.999907
38410,3,0.999908
38420,1,0.999908
38440,5,0.999908
38450,2,0.999909
38460,1,0.999909
38470,2,0.999909
38480,2,0.999909
38490,2,0.999909
38500,1,0.999909
38510,3,0.999910
38540,1,0.999910
38550,4,0.999910
38560,1,0.999910
38570,2,0.999911
38580,1,0.999911
38590,1,0.999911
38610,1,0.999911
38640,3,0.999911
38670,2,0.999911
38700,1,0.999912
38710,1,0.999912
38720,1,0.999912
38770,3,0.999912
38790,1,0.999912
38840,1,0.999912
39140,1,0.999912
39150,1,0.999913
39170,1,0.999913
39190,1,0.999913
39210,1,0.999913
39250,1,0.999913
39300,1,0.999913
39310,1,0.999913
39330,2,0.999913
39350,1,0.999913
39390,1,0.999914
39400,1,0.999914
39410,1,0.999914
39470,1,0.999914
39480,1,0.999914
39500,2,0.999914
39520,1,0.999914
39550,1,0.999914
39570,2,0.999915
39600,1,0.999915
39620,1,0.999915
39640,1,0.999915
39670,2,0.999915
39710,2,0.999915
39720,3,0.999916
39770,1,0.999916
39780,1,0.999916
39790,1,0.999916
39800,2,0.999916
39810,1,0.999916
39820,1,0.999916
39830,3,0.999917
39840,1,0.999917
39850,3,0.999917
39860,2,0.999917
39870,1,0.999917
39880,2,0.999918
39890,2,0.999918
39900,1,0.999918
39920,4,0.999918
39930,2,0.999919
39940,1,0.999919
39960,3,0.999919
39970,2,0.999919
39990,2,0.999919
40000,2,0.999920
40010,1,0.999920
40020,2,0.999920
40030,2,0.999920
40040,3,0.999921
40050,1,0.999921
40060,5,0.999921
40070,6,0.999922
40080,9,0.999923
40090,5,0.999923
40100,9,0.999924
40110,3,0.999925
40120,3,0.999925
40130,2,0.999925
40140,9,0.999926
40150,5,0.999927
40160,3,0.999927
40170,3,0.999927
40180,6,0.999928
40200,5,0.999928
40210,3,0.999929
40220,4,0.999929
40230,2,0.999929
40240,2,0.999929
40250,2,0.999930
40260,3,0.999930
40270,2,0.999930
40280,1,0.999930
40300,3,0.999931
40310,1,0.999931
40320,2,0.999931
40330,3,0.999931
40340,2,0.999931
40350,2,0.999932
40360,3,0.999932
40370,4,0.999932
40380,2,0.999933
40390,1,0.999933
40400,5,0.999933
40410,5,0.999934
40420,2,0.999934
40430,2,0.999934
40440,3,0.999935
40450,6,0.999935
40460,1,0.999935
40470,2,0.999935
40480,4,0.999936
40490,5,0.999936
40500,1,0.999937
40510,4,0.999937
40520,4,0.999937
40530,4,0.999938
40540,2,0.999938
40550,3,0.999938
40560,1,0.999938
40570,1,0.999939
40580,6,0.999939
40590,1,0.999939
40600,2,0.999940
40610,2,0.999940
40620,2,0.999940
40640,4,0.999940
40650,4,0.999941
40670,1,0.999941
40680,6,0.999941
40700,4,0.999942
40710,7,0.999943
40720,4,0.999943
40730,2,0.999943
40740,2,0.999943
40750,4,0.999944
40780,1,0.999944
40790,4,0.999944
40800,2,0.999945
40810,3,0.999945
40820,2,0.999945
40830,1,0.999945
40840,2,0.999945
40850,2,0.999946
40870,2,0.999946
40880,3,0.999946
40910,1,0.999946
40930,1,0.999946
40940,1,0.999947
40950,2,0.999947
40960,1,0.999947
40970,3,0.999947
40980,2,0.999947
40990,1,0.999947
41000,2,0.999948
41010,1,0.999948
41020,1,0.999948
41030,1,0.999948
41050,3,0.999948
41060,3,0.999949
41070,2,0.999949
41080,2,0.999949
41090,1,0.999949
41100,1,0.999949
41110,2,0.999949
41120,2,0.999950
41140,1,0.999950
41150,1,0.999950
41160,2,0.999950
41170,1,0.999950
41180,2,0.999950
41190,1,0.999951
41200,2,0.999951
41240,2,0.999951
41250,2,0.999951
41270,1,0.999951
41290,1,0.999951
41300,1,0.999951
41310,1,0.999952
41340,2,0.999952
41350,1,0.999952
41360,1,0.999952
41370,3,0.999952
41390,6,0.999953
41400,2,0.999953
41410,2,0.999953
41420,4,0.999954
41430,1,0.999954
41450,1,0.999954
41460,3,0.999954
41470,3,0.999955
41480,2,0.999955
41490,2,0.999955
41500,1,0.999955
41520,3,0.999955
41540,2,0.999956
41550,2,0.999956
41560,4,0.999956
41570,1,0.999956
41580,1,0.999957
41590,2,0.999957
41600,2,0.999957
41610,1,0.999957
41620,2,0.999957
41630,1,0.999957
41640,3,0.999958
41650,3,0.999958
41670,5,0.999959
41680,2,0.999959
41690,3,0.999959
41700,2,0.999959
41730,2,0.999959
41740,2,0.999960
41750,2,0.999960
41760,2,0.999960
41770,5,0.999961
41780,3,0.999961
41790,2,0.999961
41800,5,0.999962
41810,4,0.999962
41820,1,0.999962
41830,1,0.999962
41840,5,0.999963
41850,6,0.999963
41860,3,0.999964
41890,3,0.999964
41900,2,0.999964
41910,3,0.999965
41920,3,0.999965
41930,3,0.999965
41940,1,0.999965
41950,2,0.999966
41960,2,0.999966
41970,3,0.999966
41980,2,0.999966
41990,1,0.999966
42000,3,0.999967
42010,5,0.999967
42020,4,0.999968
42030,2,0.999968
42040,1,0.999968
42050,1,0.999968
42060,2,0.999968
42070,1,0.999968
42080,4,0.999969
42090,1,0.999969
42110,2,0.999969
42120,2,0.999969
42150,4,0.999970
42160,1,0.999970
42170,2,0.999970
42180,2,0.999970
42190,6,0.999971
42200,3,0.999971
42210,3,0.999972
42220,1,0.999972
42230,5,0.999972
42240,2,0.999972
42250,3,0.999973
42270,1,0.999973
42310,2,0.999973
42320,1,0.999973
42350,2,0.999973
42360,1,0.999973
42370,1,0.999974
42390,1,0.999974
42400,3,0.999974
42420,2,0.999974
42440,2,0.999974
42450,6,0.999975
42470,1,0.999975
42480,1,0.999975
42490,2,0.999976
42500,1,0.999976
42510,3,0.999976
42520,1,0.999976
42530,4,0.999976
42540,2,0.999977
42550,2,0.999977
42560,2,0.999977
42570,1,0.999977
42590,3,0.999977
42600,1,0.999978
42610,2,0.999978
42620,1,0.999978
42630,1,0.999978
42660,1,0.999978
42670,2,0.999978
42690,1,0.999978
42700,1,0.999979
42720,1,0.999979
42730,2,0.999979
42740,2,0.999979
42750,1,0.999979
42770,1,0.999979
42780,2,0.999979
42810,2,0.999980
42840,1,0.999980
42860,2,0.999980
42880,1,0.999980
42900,1,0.999980
42910,1,0.999980
42920,2,0.999981
42950,1,0.999981
42960,1,0.999981
42970,1,0.999981
43000,1,0.999981
43010,1,0.999981
43020,1,0.999981
43030,1,0.999981
43050,1,0.999981
43070,1,0.999981
43090,2,0.999982
43110,1,0.999982
43130,1,0.999982
43150,1,0.999982
43180,2,0.999982
43200,1,0.999982
43210,2,0.999983
43220,1,0.999983
43240,1,0.999983
43250,1,0.999983
43320,1,0.999983
43360,1,0.999983
43370,3,0.999983
43390,1,0.999983
43410,1,0.999984
43490,1,0.999984
43510,1,0.999984
43560,1,0.999984
43570,1,0.999984
43600,1,0.999984
43620,1,0.999984
43760,1,0.999984
43830,1,0.999984
43940,1,0.999985
44050,2,0.999985
44280,3,0.999985
44340,2,0.999985
44360,1,0.999985
44370,1,0.999985
44430,1,0.999986
44440,1,0.999986
44580,1,0.999986
44650,1,0.999986
44670,1,0.999986
45550,1,0.999986
45590,1,0.999986
45600,1,0.999986
45650,2,0.999987
45670,1,0.999987
45690,1,0.999987
45730,1,0.999987
45740,1,0.999987
45760,1,0.999987
45810,1,0.999987
45830,2,0.999987
45910,2,0.999988
45920,1,0.999988
45930,2,0.999988
45940,3,0.999988
45950,1,0.999988
45960,1,0.999988
45990,1,0.999989
46000,1,0.999989
46010,4,0.999989
46080,1,0.999989
46090,1,0.999989
46100,1,0.999989
46110,1,0.999989
46150,1,0.999990
46160,1,0.999990
46180,1,0.999990
46190,1,0.999990
46210,1,0.999990
46220,2,0.999990
46240,1,0.999990
46250,1,0.999990
46270,1,0.999991
46280,2,0.999991
46310,1,0.999991
46350,1,0.999991
46360,2,0.999991
46370,1,0.999991
46380,3,0.999992
46390,2,0.999992
46400,1,0.999992
46410,3,0.999992
46420,1,0.999992
46430,2,0.999993
46440,2,0.999993
46450,1,0.999993
46460,1,0.999993
46470,2,0.999993
46480,1,0.999993
46490,1,0.999993
46500,2,0.999994
46510,1,0.999994
46520,2,0.999994
46530,2,0.999994
46540,1,0.999994
46560,1,0.999994
46570,1,0.999994
46580,3,0.999995
46590,2,0.999995
46600,1,0.999995
46610,1,0.999995
46620,1,0.999995
46630,1,0.999995
46640,2,0.999996
46650,2,0.999996
46660,2,0.999996
46680,1,0.999996
46690,1,0.999996
46700,3,0.999997
46710,2,0.999997
46730,3,0.999997
46740,1,0.999997
46750,1,0.999997
46760,2,0.999997
46770,1,0.999998
46780,3,0.999998
46790,2,0.999998
46800,1,0.999998
46810,2,0.999998
46820,2,0.999999
46830,2,0.999999
46840,1,0.999999
46870,1,0.999999
46880,1,0.999999
46900,1,0.999999
46920,1,0.999999
46930,1,0.999999
46940,1,1.000000
46950,2,1.000000
46960,1,1.000000
46980,2,1.000000
47000,1,1.000000
47010,3,1.000000
47020,1,1.000001
47040,2,1.000001
47050,1,1.000001
47060,2,1.000001
47070,1,1.000001
47100,1,1.000001
47120,3,1.000002
47140,1,1.000002
47190,1,1.000002
47300,1,1.000002
47390,1,1.000002
