#latency,cnt,cdf
60,1,0.000000
70,1,0.000000
80,1,0.000000
110,1,0.000000
120,1,0.000001
140,1,0.000001
150,2,0.000001
160,2,0.000001
170,2,0.000001
180,1,0.000001
200,4,0.000002
220,2,0.000002
230,1,0.000002
240,1,0.000002
270,1,0.000002
320,3,0.000003
350,1,0.000003
360,1,0.000003
380,1,0.000003
480,1,0.000003
570,1,0.000003
580,1,0.000003
610,1,0.000003
620,5,0.000004
640,3,0.000004
660,1,0.000004
670,1,0.000004
780,1,0.000005
810,1,0.000005
820,2,0.000005
840,2,0.000005
850,1,0.000005
860,3,0.000005
870,1,0.000006
880,1,0.000006
900,1,0.000006
920,2,0.000006
930,1,0.000006
940,1,0.000006
960,2,0.000006
970,2,0.000007
990,2,0.000007
1000,2,0.000007
1020,2,0.000007
1030,2,0.000007
1060,1,0.000008
1070,2,0.000008
1090,3,0.000008
1100,1,0.000008
1130,1,0.000008
1140,1,0.000008
1180,1,0.000009
1200,1,0.000009
1220,2,0.000009
1260,1,0.000009
1280,1,0.000009
1290,1,0.000009
1300,1,0.000009
1310,3,0.000010
1320,2,0.000010
1330,2,0.000010
1340,1,0.000010
1400,1,0.000010
1410,2,0.000010
1430,1,0.000011
1440,1,0.000011
1450,1,0.000011
1460,2,0.000011
1470,4,0.000011
1480,1,0.000011
1490,2,0.000012
1500,1,0.000012
1520,2,0.000012
1570,1,0.000012
1580,2,0.000012
1590,1,0.000012
1640,1,0.000013
1650,1,0.000013
1670,3,0.000013
1680,2,0.000013
1700,1,0.000013
1710,8,0.000014
1720,4,0.000015
1730,1,0.000015
1740,1,0.000015
1750,1,0.000015
1770,1,0.000015
1780,1,0.000015
1790,3,0.000015
1800,2,0.000016
1810,3,0.000016
1820,2,0.000016
1830,1,0.000016
1840,4,0.000017
1850,2,0.000017
1860,2,0.000017
1880,4,0.000017
1890,2,0.000018
1900,1,0.000018
1910,3,0.000018
1920,4,0.000019
1930,3,0.000019
1940,1,0.000019
1950,4,0.000019
1960,2,0.000020
1970,3,0.000020
1980,8,0.000021
1990,7,0.000021
2000,1,0.000022
2010,4,0.000022
2020,4,0.000022
2030,4,0.000023
2040,1,0.000023
2050,2,0.000023
2060,1,0.000023
2080,1,0.000023
2090,2,0.000024
2100,3,0.000024
2110,3,0.000024
2130,4,0.000025
2140,4,0.000025
2150,6,0.000026
2160,3,0.000026
2170,4,0.000026
2180,3,0.000027
2190,4,0.000027
2200,3,0.000027
2210,7,0.000028
2220,6,0.000029
2230,2,0.000029
2240,1,0.000029
2250,5,0.000030
2260,3,0.000030
2270,3,0.000030
2280,5,0.000031
2290,4,0.000031
2300,6,0.000032
2310,6,0.000033
2320,2,0.000033
2330,3,0.000033
2340,8,0.000034
2350,5,0.000034
2360,3,0.000035
2370,4,0.000035
2380,5,0.000036
2390,7,0.000036
2400,7,0.000037
2410,6,0.000038
2420,1,0.000038
2430,6,0.000039
2440,8,0.000039
2450,7,0.000040
2460,3,0.000040
2470,6,0.000041
2480,10,0.000042
2490,3,0.000042
2500,6,0.000043
2510,8,0.000044
2520,4,0.000044
2530,5,0.000045
2540,4,0.000045
2550,6,0.000046
2560,4,0.000046
2570,6,0.000047
2580,13,0.000048
2590,13,0.000050
2600,12,0.000051
2610,14,0.000052
2620,17,0.000054
2630,16,0.000056
2640,17,0.000058
2650,13,0.000059
2660,14,0.000061
2670,22,0.000063
2680,14,0.000064
2690,8,0.000065
2700,18,0.000067
2710,16,0.000069
2720,10,0.000070
2730,12,0.000071
2740,17,0.000073
2750,14,0.000074
2760,13,0.000076
2770,17,0.000077
2780,18,0.000079
2790,22,0.000082
2800,15,0.000083
2810,27,0.000086
2820,27,0.000089
2830,18,0.000091
2840,25,0.000093
2850,24,0.000096
2860,31,0.000099
2870,33,0.000103
2880,34,0.000106
2890,19,0.000108
2900,28,0.000111
2910,19,0.000113
2920,41,0.000118
2930,30,0.000121
2940,30,0.000124
2950,39,0.000128
2960,35,0.000132
2970,34,0.000135
2980,41,0.000140
2990,35,0.000143
3000,37,0.000147
3010,42,0.000152
3020,47,0.000157
3030,28,0.000159
3040,40,0.000164
3050,53,0.000169
3060,50,0.000175
3070,56,0.000180
3080,74,0.000188
3090,57,0.000194
3100,65,0.000201
3110,56,0.000207
3120,51,0.000212
3130,71,0.000220
3140,75,0.000228
3150,66,0.000235
3160,70,0.000242
3170,82,0.000251
3180,88,0.000260
3190,86,0.000269
3200,84,0.000278
3210,82,0.000286
3220,80,0.000295
3230,98,0.000305
3240,91,0.000315
3250,88,0.000324
3260,93,0.000334
3270,102,0.000345
3280,112,0.000356
3290,92,0.000366
3300,96,0.000376
3310,102,0.000387
3320,102,0.000398
3330,93,0.000407
3340,109,0.000419
3350,113,0.000431
3360,118,0.000443
3370,115,0.000455
3380,126,0.000468
3390,122,0.000481
3400,137,0.000496
3410,129,0.000509
3420,136,0.000524
3430,141,0.000538
3440,142,0.000553
3450,137,0.000568
3460,151,0.000584
3470,158,0.000600
3480,146,0.000616
3490,146,0.000631
3500,181,0.000650
3510,174,0.000668
3520,163,0.000686
3530,148,0.000701
3540,196,0.000722
3550,166,0.000739
3560,195,0.000760
3570,207,0.000782
3580,186,0.000801
3590,203,0.000823
3600,224,0.000846
3610,225,0.000870
3620,201,0.000891
3630,234,0.000916
3640,219,0.000939
3650,241,0.000964
3660,262,0.000992
3670,264,0.001019
3680,243,0.001045
3690,247,0.001071
3700,257,0.001098
3710,266,0.001126
3720,231,0.001150
3730,284,0.001180
3740,272,0.001209
3750,322,0.001243
3760,271,0.001271
3770,290,0.001302
3780,297,0.001333
3790,330,0.001368
3800,317,0.001401
3810,312,0.001434
3820,362,0.001472
3830,344,0.001508
3840,379,0.001548
3850,348,0.001585
3860,378,0.001625
3870,367,0.001663
3880,380,0.001703
3890,428,0.001748
3900,428,0.001793
3910,374,0.001833
3920,433,0.001878
3930,387,0.001919
3940,427,0.001964
3950,420,0.002008
3960,442,0.002055
3970,447,0.002102
3980,443,0.002148
3990,502,0.002201
4000,451,0.002249
4010,477,0.002299
4020,488,0.002350
4030,485,0.002401
4040,532,0.002457
4050,504,0.002510
4060,492,0.002562
4070,501,0.002615
4080,533,0.002671
4090,543,0.002728
4100,540,0.002785
4110,540,0.002842
4120,526,0.002897
4130,560,0.002956
4140,639,0.003023
4150,607,0.003087
4160,581,0.003148
4170,594,0.003211
4180,628,0.003277
4190,611,0.003341
4200,640,0.003409
4210,651,0.003477
4220,686,0.003549
4230,659,0.003619
4240,682,0.003691
4250,680,0.003762
4260,698,0.003836
4270,722,0.003912
4280,727,0.003988
4290,681,0.004060
4300,691,0.004133
4310,717,0.004208
4320,737,0.004286
4330,705,0.004360
4340,735,0.004437
4350,773,0.004519
4360,731,0.004595
4370,724,0.004672
4380,806,0.004756
4390,736,0.004834
4400,794,0.004918
4410,776,0.004999
4420,851,0.005089
4430,804,0.005173
4440,834,0.005261
4450,853,0.005351
4460,821,0.005437
4470,828,0.005525
4480,828,0.005612
4490,835,0.005700
4500,791,0.005783
4510,900,0.005878
4520,876,0.005970
4530,864,0.006061
4540,878,0.006153
4550,866,0.006244
4560,855,0.006334
4570,909,0.006430
4580,907,0.006525
4590,913,0.006622
4600,882,0.006714
4610,963,0.006816
4620,948,0.006915
4630,974,0.007018
4640,975,0.007121
4650,962,0.007222
4660,977,0.007325
4670,956,0.007425
4680,932,0.007523
4690,912,0.007619
4700,1023,0.007727
4710,980,0.007830
4720,1098,0.007946
4730,1047,0.008056
4740,1052,0.008167
4750,1025,0.008275
4760,1076,0.008388
4770,1035,0.008497
4780,1017,0.008604
4790,1034,0.008713
4800,1040,0.008822
4810,1110,0.008939
4820,1122,0.009057
4830,1091,0.009172
4840,1126,0.009290
4850,1206,0.009417
4860,1112,0.009534
4870,1200,0.009661
4880,1120,0.009779
4890,1087,0.009893
4900,1162,0.010015
4910,1156,0.010137
4920,1224,0.010266
4930,1128,0.010385
4940,1150,0.010506
4950,1159,0.010628
4960,1211,0.010755
4970,1216,0.010883
4980,1140,0.011003
4990,1224,0.011132
5000,1247,0.011263
5010,1256,0.011395
5020,1223,0.011524
5030,1240,0.011655
5040,1278,0.011789
5050,1277,0.011924
5060,1290,0.012059
5070,1308,0.012197
5080,1323,0.012336
5090,1280,0.012471
5100,1350,0.012613
5110,1301,0.012750
5120,1319,0.012889
5130,1298,0.013025
5140,1320,0.013164
5150,1295,0.013301
5160,1307,0.013438
5170,1417,0.013587
5180,1380,0.013733
5190,1381,0.013878
5200,1367,0.014022
5210,1410,0.014170
5220,1426,0.014320
5230,1398,0.014468
5240,1408,0.014616
5250,1389,0.014762
5260,1450,0.014915
5270,1382,0.015060
5280,1402,0.015208
5290,1480,0.015363
5300,1476,0.015519
5310,1439,0.015670
5320,1424,0.015820
5330,1510,0.015979
5340,1480,0.016135
5350,1426,0.016285
5360,1446,0.016437
5370,1440,0.016589
5380,1466,0.016743
5390,1490,0.016900
5400,1527,0.017061
5410,1482,0.017216
5420,1442,0.017368
5430,1415,0.017517
5440,1554,0.017681
5450,1456,0.017834
5460,1519,0.017994
5470,1521,0.018154
5480,1582,0.018321
5490,1524,0.018481
5500,1475,0.018636
5510,1488,0.018793
5520,1476,0.018948
5530,1529,0.019109
5540,1519,0.019269
5550,1578,0.019435
5560,1574,0.019601
5570,1492,0.019758
5580,1609,0.019927
5590,1497,0.020085
5600,1582,0.020251
5610,1615,0.020421
5620,1471,0.020576
5630,1569,0.020741
5640,1587,0.020908
5650,1560,0.021072
5660,1570,0.021238
5670,1562,0.021402
5680,1607,0.021571
5690,1628,0.021743
5700,1701,0.021922
5710,1657,0.022096
5720,1633,0.022268
5730,1648,0.022441
5740,1667,0.022617
5750,1670,0.022793
5760,1689,0.022970
5770,1728,0.023152
5780,1704,0.023332
5790,1678,0.023508
5800,1702,0.023687
5810,1661,0.023862
5820,1754,0.024047
5830,1748,0.024231
5840,1766,0.024417
5850,1782,0.024604
5860,1756,0.024789
5870,1781,0.024977
5880,1790,0.025165
5890,1830,0.025358
5900,1827,0.025550
5910,1776,0.025737
5920,1788,0.025925
5930,1890,0.026124
5940,1894,0.026323
5950,1908,0.026524
5960,1950,0.026729
5970,1898,0.026929
5980,1914,0.027131
5990,1918,0.027332
6000,1974,0.027540
6010,1992,0.027750
6020,1954,0.027956
6030,1986,0.028165
6040,2111,0.028387
6050,2151,0.028613
6060,2099,0.028834
6070,2104,0.029056
6080,2195,0.029287
6090,2147,0.029513
6100,2019,0.029725
6110,2158,0.029952
6120,2171,0.030181
6130,2216,0.030414
6140,2296,0.030656
6150,2335,0.030901
6160,2402,0.031154
6170,2408,0.031408
6180,2359,0.031656
6190,2460,0.031915
6200,2514,0.032180
6210,2444,0.032437
6220,2620,0.032713
6230,2578,0.032984
6240,2598,0.033257
6250,2686,0.033540
6260,2758,0.033830
6270,2763,0.034121
6280,2723,0.034408
6290,2882,0.034711
6300,2931,0.035020
6310,2904,0.035325
6320,2919,0.035633
6330,3035,0.035952
6340,3011,0.036269
6350,3132,0.036599
6360,3202,0.036936
6370,3171,0.037269
6380,3360,0.037623
6390,3391,0.037980
6400,3405,0.038338
6410,3292,0.038685
6420,3422,0.039045
6430,3567,0.039421
6440,3657,0.039805
6450,3729,0.040198
6460,3765,0.040594
6470,3801,0.040994
6480,4030,0.041418
6490,4025,0.041842
6500,4255,0.042290
6510,4355,0.042748
6520,4407,0.043212
6530,4422,0.043678
6540,4606,0.044162
6550,4550,0.044641
6560,4759,0.045142
6570,4913,0.045659
6580,4951,0.046181
6590,5066,0.046714
6600,5162,0.047257
6610,5306,0.047816
6620,5205,0.048363
6630,5403,0.048932
6640,5600,0.049522
6650,5609,0.050112
6660,5696,0.050711
6670,5880,0.051330
6680,5999,0.051962
6690,6223,0.052617
6700,6504,0.053301
6710,6503,0.053986
6720,6569,0.054677
6730,6658,0.055378
6740,6949,0.056109
6750,6916,0.056837
6760,7246,0.057600
6770,7361,0.058375
6780,7701,0.059185
6790,7549,0.059980
6800,7971,0.060819
6810,8009,0.061662
6820,8161,0.062521
6830,8519,0.063418
6840,8554,0.064318
6850,8754,0.065239
6860,8899,0.066176
6870,9294,0.067154
6880,9236,0.068126
6890,9565,0.069133
6900,9751,0.070160
6910,9868,0.071198
6920,10103,0.072262
6930,10477,0.073364
6940,10620,0.074482
6950,10772,0.075616
6960,10988,0.076773
6970,11178,0.077949
6980,11413,0.079150
6990,11557,0.080367
7000,12042,0.081634
7010,12201,0.082919
7020,12246,0.084207
7030,12388,0.085511
7040,12683,0.086846
7050,13098,0.088225
7060,13051,0.089599
7070,13627,0.091033
7080,13839,0.092490
7090,14163,0.093980
7100,14262,0.095481
7110,14570,0.097015
7120,14813,0.098574
7130,15026,0.100156
7140,15277,0.101764
7150,15552,0.103401
7160,15818,0.105066
7170,16178,0.106768
7180,16404,0.108495
7190,16702,0.110253
7200,17003,0.112043
7210,17232,0.113856
7220,17671,0.115716
7230,17851,0.117595
7240,18094,0.119500
7250,18228,0.121418
7260,18416,0.123357
7270,19091,0.125366
7280,19257,0.127393
7290,19738,0.129471
7300,19730,0.131547
7310,20256,0.133679
7320,20351,0.135821
7330,20600,0.137990
7340,21336,0.140235
7350,21391,0.142487
7360,21641,0.144765
7370,22120,0.147093
7380,22568,0.149468
7390,22679,0.151855
7400,22873,0.154263
7410,23525,0.156739
7420,23641,0.159227
7430,24237,0.161779
7440,24113,0.164317
7450,24383,0.166883
7460,24993,0.169514
7470,25064,0.172152
7480,25385,0.174824
7490,25783,0.177537
7500,26237,0.180299
7510,26437,0.183082
7520,26792,0.185902
7530,26880,0.188731
7540,27087,0.191582
7550,27812,0.194509
7560,27696,0.197424
7570,27989,0.200370
7580,28163,0.203335
7590,28714,0.206357
7600,28768,0.209385
7610,29194,0.212458
7620,29363,0.215548
7630,30115,0.218718
7640,29809,0.221856
7650,30022,0.225016
7660,30274,0.228202
7670,30847,0.231449
7680,30911,0.234703
7690,31173,0.237984
7700,31502,0.241299
7710,31832,0.244650
7720,31729,0.247990
7730,32237,0.251383
7740,32163,0.254768
7750,32456,0.258184
7760,32647,0.261620
7770,33100,0.265104
7780,33434,0.268624
7790,34004,0.272203
7800,33848,0.275765
7810,34335,0.279379
7820,34193,0.282978
7830,34468,0.286606
7840,34874,0.290277
7850,34954,0.293956
7860,34681,0.297606
7870,35083,0.301299
7880,35230,0.305007
7890,35581,0.308752
7900,35809,0.312521
7910,35816,0.316291
7920,36009,0.320081
7930,36118,0.323883
7940,36605,0.327736
7950,36673,0.331596
7960,36255,0.335412
7970,36425,0.339246
7980,36734,0.343112
7990,37252,0.347033
8000,37458,0.350976
8010,37441,0.354917
8020,37155,0.358827
8030,37581,0.362783
8040,37546,0.366735
8050,37688,0.370702
8060,37930,0.374694
8070,37769,0.378670
8080,37919,0.382661
8090,38064,0.386667
8100,38139,0.390681
8110,38344,0.394717
8120,38007,0.398718
8130,38461,0.402766
8140,38237,0.406791
8150,38414,0.410834
8160,38154,0.414850
8170,38266,0.418878
8180,38419,0.422921
8190,38385,0.426962
8200,38148,0.430977
8210,38291,0.435007
8220,38093,0.439017
8230,38022,0.443019
8240,38366,0.447057
8250,38086,0.451066
8260,37921,0.455057
8270,38542,0.459114
8280,37859,0.463099
8290,38156,0.467115
8300,38235,0.471139
8310,37774,0.475115
8320,37939,0.479108
8330,37764,0.483083
8340,37731,0.487055
8350,37736,0.491027
8360,37618,0.494986
8370,37168,0.498898
8380,37361,0.502831
8390,37491,0.506777
8400,37619,0.510736
8410,37308,0.514663
8420,36855,0.518542
8430,37205,0.522458
8440,36917,0.526344
8450,36923,0.530230
8460,36707,0.534094
8470,36440,0.537930
8480,36469,0.541768
8490,36026,0.545560
8500,35974,0.549347
8510,36208,0.553158
8520,36224,0.556970
8530,35730,0.560731
8540,35807,0.564500
8550,35212,0.568206
8560,35579,0.571951
8570,35248,0.575661
8580,34834,0.579328
8590,35229,0.583036
8600,34730,0.586691
8610,34296,0.590301
8620,34310,0.593912
8630,34005,0.597492
8640,33941,0.601064
8650,33905,0.604633
8660,33370,0.608145
8670,33390,0.611660
8680,33116,0.615145
8690,32619,0.618578
8700,32765,0.622027
8710,32538,0.625452
8720,32421,0.628864
8730,32218,0.632256
8740,32067,0.635631
8750,31933,0.638992
8760,31608,0.642319
8770,31631,0.645648
8780,30944,0.648905
8790,30700,0.652137
8800,30712,0.655369
8810,30261,0.658554
8820,30037,0.661716
8830,30046,0.664878
8840,29741,0.668009
8850,29572,0.671121
8860,29277,0.674203
8870,29157,0.677272
8880,28646,0.680287
8890,28251,0.683261
8900,28064,0.686214
8910,28121,0.689174
8920,27646,0.692084
8930,27386,0.694967
8940,27308,0.697841
8950,26918,0.700674
8960,26884,0.703504
8970,26375,0.706280
8980,26187,0.709036
8990,25819,0.711754
9000,25528,0.714441
9010,25542,0.717129
9020,25156,0.719777
9030,24760,0.722383
9040,24655,0.724978
9050,24243,0.727530
9060,23956,0.730052
9070,23938,0.732571
9080,23510,0.735046
9090,23542,0.737524
9100,23352,0.739981
9110,23045,0.742407
9120,22619,0.744788
9130,22331,0.747138
9140,22085,0.749463
9150,21645,0.751741
9160,21542,0.754009
9170,21155,0.756235
9180,21257,0.758473
9190,20765,0.760658
9200,20604,0.762827
9210,20420,0.764976
9220,20253,0.767108
9230,20019,0.769215
9240,19574,0.771275
9250,19182,0.773294
9260,19320,0.775328
9270,19099,0.777338
9280,18772,0.779314
9290,18668,0.781279
9300,18206,0.783195
9310,18038,0.785094
9320,17739,0.786961
9330,17612,0.788815
9340,17085,0.790613
9350,17221,0.792426
9360,17060,0.794221
9370,16650,0.795974
9380,16455,0.797706
9390,16241,0.799415
9400,16040,0.801103
9410,15746,0.802761
9420,15559,0.804398
9430,15541,0.806034
9440,15309,0.807646
9450,14991,0.809223
9460,14806,0.810782
9470,14523,0.812311
9480,14535,0.813840
9490,14290,0.815344
9500,14037,0.816822
9510,13909,0.818286
9520,13713,0.819729
9530,13509,0.821151
9540,13378,0.822559
9550,12961,0.823924
9560,13045,0.825297
9570,12961,0.826661
9580,12919,0.828021
9590,12524,0.829339
9600,12424,0.830646
9610,12167,0.831927
9620,12224,0.833214
9630,11850,0.834461
9640,11849,0.835708
9650,11546,0.836923
9660,11387,0.838122
9670,11239,0.839305
9680,11154,0.840479
9690,11089,0.841646
9700,10918,0.842795
9710,10679,0.843919
9720,10620,0.845037
9730,10531,0.846146
9740,10286,0.847228
9750,10367,0.848319
9760,10093,0.849382
9770,10193,0.850455
9780,9900,0.851497
9790,9847,0.852533
9800,9727,0.853557
9810,9540,0.854561
9820,9326,0.855543
9830,9270,0.856518
9840,9255,0.857493
9850,9027,0.858443
9860,9013,0.859391
9870,8823,0.860320
9880,8948,0.861262
9890,8540,0.862161
9900,8560,0.863062
9910,8431,0.863949
9920,8411,0.864834
9930,8466,0.865726
9940,8171,0.866586
9950,8003,0.867428
9960,7963,0.868266
9970,8037,0.869112
9980,7710,0.869924
9990,7658,0.870730
10000,7381,0.871506
10010,7377,0.872283
10020,7262,0.873047
10030,7371,0.873823
10040,7218,0.874583
10050,7242,0.875345
10060,7042,0.876086
10070,6952,0.876818
10080,6812,0.877535
10090,6831,0.878254
10100,6836,0.878974
10110,6661,0.879675
10120,6681,0.880378
10130,6598,0.881072
10140,6457,0.881752
10150,6511,0.882437
10160,6468,0.883118
10170,6386,0.883790
10180,6393,0.884463
10190,6464,0.885144
10200,6154,0.885791
10210,6166,0.886440
10220,6099,0.887082
10230,6138,0.887728
10240,5944,0.888354
10250,5927,0.888978
10260,5907,0.889600
10270,5831,0.890213
10280,5834,0.890827
10290,5988,0.891458
10300,5792,0.892067
10310,5588,0.892655
10320,5792,0.893265
10330,5616,0.893856
10340,5638,0.894450
10350,5650,0.895044
10360,5675,0.895642
10370,5699,0.896241
10380,5561,0.896827
10390,5456,0.897401
10400,5553,0.897986
10410,5371,0.898551
10420,5411,0.899120
10430,5456,0.899695
10440,5274,0.900250
10450,5327,0.900810
10460,5146,0.901352
10470,5231,0.901903
10480,5294,0.902460
10490,5264,0.903014
10500,5190,0.903560
10510,5219,0.904110
10520,5190,0.904656
10530,5233,0.905207
10540,5166,0.905750
10550,5084,0.906286
10560,5020,0.906814
10570,4976,0.907338
10580,5074,0.907872
10590,5129,0.908412
10600,5078,0.908946
10610,4957,0.909468
10620,5009,0.909995
10630,5003,0.910522
10640,4903,0.911038
10650,4933,0.911557
10660,4925,0.912075
10670,4878,0.912589
10680,4843,0.913099
10690,4882,0.913612
10700,4771,0.914115
10710,4724,0.914612
10720,4691,0.915106
10730,4732,0.915604
10740,4810,0.916110
10750,4715,0.916606
10760,4698,0.917101
10770,4733,0.917599
10780,4687,0.918092
10790,4713,0.918588
10800,4662,0.919079
10810,4587,0.919562
10820,4646,0.920051
10830,4681,0.920543
10840,4634,0.921031
10850,4504,0.921505
10860,4500,0.921979
10870,4561,0.922459
10880,4597,0.922943
10890,4411,0.923407
10900,4542,0.923885
10910,4442,0.924353
10920,4377,0.924813
10930,4545,0.925292
10940,4449,0.925760
10950,4276,0.926210
10960,4388,0.926672
10970,4366,0.927132
10980,4447,0.927600
10990,4449,0.928068
11000,4234,0.928514
11010,4307,0.928967
11020,4374,0.929427
11030,4320,0.929882
11040,4325,0.930337
11050,4382,0.930798
11060,4297,0.931251
11070,4265,0.931700
11080,4226,0.932144
11090,4330,0.932600
11100,4192,0.933041
11110,4292,0.933493
11120,4163,0.933931
11130,4212,0.934375
11140,4171,0.934814
11150,4196,0.935255
11160,4081,0.935685
11170,4156,0.936122
11180,4217,0.936566
11190,4180,0.937006
11200,4196,0.937448
11210,4149,0.937885
11220,4162,0.938323
11230,4161,0.938761
11240,4210,0.939204
11250,4144,0.939640
11260,4114,0.940073
11270,4204,0.940515
11280,4143,0.940951
11290,4094,0.941382
11300,4082,0.941812
11310,3985,0.942231
11320,4148,0.942668
11330,4075,0.943097
11340,4138,0.943533
11350,4122,0.943966
11360,3870,0.944374
11370,4014,0.944796
11380,4156,0.945234
11390,4059,0.945661
11400,4013,0.946083
11410,4041,0.946509
11420,4065,0.946936
11430,4099,0.947368
11440,3985,0.947787
11450,3974,0.948206
11460,3906,0.948617
11470,4024,0.949040
11480,3990,0.949460
11490,3868,0.949867
11500,3967,0.950285
11510,3894,0.950695
11520,3830,0.951098
11530,3983,0.951517
11540,3990,0.951937
11550,3732,0.952330
11560,3894,0.952740
11570,3895,0.953150
11580,3811,0.953551
11590,3832,0.953954
11600,3857,0.954360
11610,3831,0.954763
11620,3755,0.955159
11630,3750,0.955553
11640,3786,0.955952
11650,3670,0.956338
11660,3663,0.956724
11670,3575,0.957100
11680,3730,0.957493
11690,3497,0.957861
11700,3647,0.958245
11710,3735,0.958638
11720,3470,0.959003
11730,3494,0.959371
11740,3449,0.959734
11750,3389,0.960090
11760,3367,0.960445
11770,3451,0.960808
11780,3506,0.961177
11790,3410,0.961536
11800,3275,0.961881
11810,3418,0.962241
11820,3437,0.962602
11830,3297,0.962949
11840,3285,0.963295
11850,3264,0.963639
11860,3315,0.963988
11870,3171,0.964321
11880,3256,0.964664
11890,3222,0.965003
11900,3154,0.965335
11910,3218,0.965674
11920,3094,0.965999
11930,3133,0.966329
11940,3174,0.966663
11950,3157,0.966996
11960,3000,0.967311
11970,3013,0.967629
11980,2962,0.967940
11990,3062,0.968263
12000,2952,0.968573
12010,2953,0.968884
12020,2887,0.969188
12030,2941,0.969498
12040,2836,0.969796
12050,2936,0.970105
12060,2937,0.970414
12070,2886,0.970718
12080,2830,0.971016
12090,2781,0.971309
12100,2793,0.971603
12110,2857,0.971903
12120,2763,0.972194
12130,2683,0.972476
12140,2661,0.972757
12150,2695,0.973040
12160,2575,0.973311
12170,2600,0.973585
12180,2625,0.973861
12190,2548,0.974129
12200,2619,0.974405
12210,2532,0.974672
12220,2583,0.974943
12230,2537,0.975210
12240,2421,0.975465
12250,2479,0.975726
12260,2401,0.975979
12270,2389,0.976230
12280,2443,0.976488
12290,2355,0.976735
12300,2420,0.976990
12310,2317,0.977234
12320,2269,0.977473
12330,2295,0.977714
12340,2314,0.977958
12350,2247,0.978194
12360,2224,0.978429
12370,2213,0.978661
12380,2225,0.978896
12390,2204,0.979128
12400,2122,0.979351
12410,2155,0.979578
12420,2078,0.979797
12430,2025,0.980010
12440,2051,0.980226
12450,2055,0.980442
12460,1997,0.980652
12470,2004,0.980863
12480,1894,0.981062
12490,1963,0.981269
12500,1890,0.981468
12510,1871,0.981665
12520,1883,0.981863
12530,1872,0.982060
12540,1812,0.982251
12550,1804,0.982441
12560,1771,0.982627
12570,1788,0.982815
12580,1756,0.983000
12590,1704,0.983179
12600,1788,0.983368
12610,1775,0.983554
12620,1713,0.983735
12630,1674,0.983911
12640,1555,0.984075
12650,1651,0.984248
12660,1673,0.984425
12670,1562,0.984589
12680,1573,0.984755
12690,1584,0.984921
12700,1548,0.985084
12710,1610,0.985254
12720,1467,0.985408
12730,1514,0.985567
12740,1492,0.985724
12750,1512,0.985884
12760,1439,0.986035
12770,1423,0.986185
12780,1435,0.986336
12790,1358,0.986479
12800,1387,0.986625
12810,1321,0.986764
12820,1379,0.986909
12830,1354,0.987051
12840,1299,0.987188
12850,1299,0.987325
12860,1232,0.987455
12870,1301,0.987592
12880,1237,0.987722
12890,1231,0.987851
12900,1201,0.987978
12910,1233,0.988108
12920,1245,0.988239
12930,1150,0.988360
12940,1135,0.988479
12950,1214,0.988607
12960,1101,0.988723
12970,1148,0.988844
12980,1073,0.988957
12990,1096,0.989072
13000,1033,0.989181
13010,1028,0.989289
13020,1038,0.989398
13030,1012,0.989505
13040,961,0.989606
13050,982,0.989709
13060,933,0.989807
13070,944,0.989907
13080,924,0.990004
13090,922,0.990101
13100,896,0.990195
13110,910,0.990291
13120,895,0.990385
13130,859,0.990476
13140,900,0.990570
13150,832,0.990658
13160,838,0.990746
13170,798,0.990830
13180,782,0.990912
13190,876,0.991005
13200,734,0.991082
13210,751,0.991161
13220,768,0.991242
13230,726,0.991318
13240,757,0.991398
13250,711,0.991473
13260,746,0.991551
13270,718,0.991627
13280,687,0.991699
13290,705,0.991773
13300,660,0.991843
13310,645,0.991911
13320,684,0.991983
13330,611,0.992047
13340,609,0.992111
13350,620,0.992176
13360,590,0.992238
13370,571,0.992299
13380,535,0.992355
13390,539,0.992412
13400,540,0.992468
13410,550,0.992526
13420,542,0.992583
13430,535,0.992640
13440,502,0.992693
13450,479,0.992743
13460,522,0.992798
13470,463,0.992847
13480,453,0.992894
13490,449,0.992942
13500,415,0.992985
13510,441,0.993032
13520,445,0.993079
13530,389,0.993119
13540,382,0.993160
13550,347,0.993196
13560,382,0.993236
13570,356,0.993274
13580,378,0.993314
13590,321,0.993347
13600,370,0.993386
13610,386,0.993427
13620,344,0.993463
13630,335,0.993499
13640,322,0.993532
13650,310,0.993565
13660,307,0.993597
13670,335,0.993633
13680,320,0.993666
13690,337,0.993702
13700,339,0.993737
13710,283,0.993767
13720,296,0.993798
13730,261,0.993826
13740,308,0.993858
13750,275,0.993887
13760,315,0.993920
13770,275,0.993949
13780,263,0.993977
13790,277,0.994006
13800,265,0.994034
13810,283,0.994064
13820,248,0.994090
13830,277,0.994119
13840,264,0.994147
13850,248,0.994173
13860,298,0.994204
13870,245,0.994230
13880,245,0.994256
13890,231,0.994280
13900,259,0.994307
13910,228,0.994331
13920,265,0.994359
13930,214,0.994382
13940,217,0.994405
13950,216,0.994427
13960,211,0.994450
13970,209,0.994472
13980,224,0.994495
13990,197,0.994516
14000,243,0.994542
14010,174,0.994560
14020,205,0.994581
14030,187,0.994601
14040,193,0.994621
14050,178,0.994640
14060,193,0.994660
14070,206,0.994682
14080,197,0.994703
14090,196,0.994724
14100,191,0.994744
14110,181,0.994763
14120,183,0.994782
14130,178,0.994801
14140,168,0.994818
14150,192,0.994839
14160,176,0.994857
14170,171,0.994875
14180,167,0.994893
14190,161,0.994910
14200,180,0.994929
14210,174,0.994947
14220,148,0.994962
14230,163,0.994980
14240,152,0.994996
14250,177,0.995014
14260,162,0.995031
14270,158,0.995048
14280,147,0.995063
14290,155,0.995080
14300,136,0.995094
14310,129,0.995108
14320,130,0.995121
14330,142,0.995136
14340,142,0.995151
14350,143,0.995166
14360,146,0.995182
14370,146,0.995197
14380,129,0.995211
14390,132,0.995224
14400,148,0.995240
14410,155,0.995256
14420,152,0.995272
14430,125,0.995286
14440,152,0.995301
14450,120,0.995314
14460,126,0.995327
14470,119,0.995340
14480,136,0.995354
14490,142,0.995369
14500,131,0.995383
14510,119,0.995395
14520,125,0.995409
14530,122,0.995422
14540,124,0.995435
14550,120,0.995447
14560,130,0.995461
14570,108,0.995472
14580,118,0.995485
14590,114,0.995497
14600,110,0.995508
14610,107,0.995520
14620,90,0.995529
14630,95,0.995539
14640,101,0.995550
14650,106,0.995561
14660,115,0.995573
14670,116,0.995585
14680,130,0.995599
14690,115,0.995611
14700,110,0.995622
14710,105,0.995633
14720,119,0.995646
14730,122,0.995659
14740,103,0.995670
14750,110,0.995681
14760,115,0.995693
14770,126,0.995707
14780,135,0.995721
14790,103,0.995732
14800,111,0.995743
14810,122,0.995756
14820,101,0.995767
14830,119,0.995779
14840,105,0.995790
14850,107,0.995802
14860,115,0.995814
14870,110,0.995825
14880,95,0.995835
14890,106,0.995847
14900,135,0.995861
14910,95,0.995871
14920,91,0.995880
14930,88,0.995890
14940,102,0.995900
14950,96,0.995910
14960,102,0.995921
14970,100,0.995932
14980,89,0.995941
14990,101,0.995952
15000,92,0.995961
15010,91,0.995971
15020,90,0.995980
15030,80,0.995989
15040,88,0.995998
15050,74,0.996006
15060,87,0.996015
15070,76,0.996023
15080,98,0.996033
15090,89,0.996043
15100,84,0.996052
15110,79,0.996060
15120,104,0.996071
15130,110,0.996082
15140,88,0.996092
15150,88,0.996101
15160,84,0.996110
15170,84,0.996119
15180,97,0.996129
15190,88,0.996138
15200,77,0.996146
15210,104,0.996157
15220,94,0.996167
15230,64,0.996174
15240,85,0.996183
15250,88,0.996192
15260,99,0.996202
15270,71,0.996210
15280,77,0.996218
15290,83,0.996227
15300,74,0.996234
15310,75,0.996242
15320,73,0.996250
15330,85,0.996259
15340,82,0.996268
15350,71,0.996275
15360,77,0.996283
15370,82,0.996292
15380,84,0.996301
15390,59,0.996307
15400,66,0.996314
15410,70,0.996321
15420,66,0.996328
15430,62,0.996335
15440,64,0.996341
15450,73,0.996349
15460,75,0.996357
15470,80,0.996365
15480,82,0.996374
15490,80,0.996382
15500,57,0.996388
15510,70,0.996396
15520,59,0.996402
15530,74,0.996410
15540,76,0.996418
15550,66,0.996425
15560,74,0.996433
15570,63,0.996439
15580,66,0.996446
15590,82,0.996455
15600,75,0.996463
15610,62,0.996469
15620,60,0.996476
15630,71,0.996483
15640,62,0.996490
15650,71,0.996497
15660,64,0.996504
15670,68,0.996511
15680,69,0.996518
15690,56,0.996524
15700,83,0.996533
15710,66,0.996540
15720,72,0.996547
15730,68,0.996554
15740,88,0.996564
15750,68,0.996571
15760,69,0.996578
15770,82,0.996587
15780,65,0.996594
15790,59,0.996600
15800,73,0.996608
15810,69,0.996615
15820,59,0.996621
15830,73,0.996629
15840,82,0.996637
15850,61,0.996644
15860,69,0.996651
15870,58,0.996657
15880,59,0.996663
15890,68,0.996670
15900,50,0.996676
15910,78,0.996684
15920,78,0.996692
15930,60,0.996698
15940,65,0.996705
15950,61,0.996712
15960,77,0.996720
15970,78,0.996728
15980,66,0.996735
15990,68,0.996742
16000,65,0.996749
16010,77,0.996757
16020,69,0.996764
16030,57,0.996770
16040,69,0.996778
16050,60,0.996784
16060,74,0.996792
16070,66,0.996799
16080,76,0.996807
16090,70,0.996814
16100,50,0.996819
16110,61,0.996826
16120,49,0.996831
16130,51,0.996836
16140,45,0.996841
16150,51,0.996846
16160,55,0.996852
16170,60,0.996858
16180,57,0.996864
16190,62,0.996871
16200,64,0.996878
16210,63,0.996884
16220,67,0.996891
16230,48,0.996896
16240,59,0.996903
16250,56,0.996909
16260,46,0.996913
16270,45,0.996918
16280,46,0.996923
16290,39,0.996927
16300,61,0.996934
16310,49,0.996939
16320,45,0.996943
16330,34,0.996947
16340,46,0.996952
16350,45,0.996957
16360,43,0.996961
16370,45,0.996966
16380,38,0.996970
16390,39,0.996974
16400,39,0.996978
16410,46,0.996983
16420,43,0.996987
16430,47,0.996992
16440,44,0.996997
16450,50,0.997002
16460,42,0.997007
16470,41,0.997011
16480,34,0.997015
16490,36,0.997018
16500,47,0.997023
16510,45,0.997028
16520,50,0.997033
16530,49,0.997038
16540,41,0.997043
16550,34,0.997046
16560,40,0.997051
16570,34,0.997054
16580,34,0.997058
16590,44,0.997062
16600,35,0.997066
16610,45,0.997071
16620,51,0.997076
16630,34,0.997080
16640,48,0.997085
16650,49,0.997090
16660,40,0.997094
16670,34,0.997098
16680,29,0.997101
16690,30,0.997104
16700,41,0.997108
16710,32,0.997112
16720,39,0.997116
16730,37,0.997120
16740,36,0.997123
16750,36,0.997127
16760,45,0.997132
16770,32,0.997135
16780,35,0.997139
16790,29,0.997142
16800,37,0.997146
16810,31,0.997149
16820,36,0.997153
16830,31,0.997156
16840,28,0.997159
16850,26,0.997162
16860,36,0.997166
16870,41,0.997170
16880,28,0.997173
16890,28,0.997176
16900,41,0.997180
16910,29,0.997183
16920,28,0.997186
16930,41,0.997191
16940,33,0.997194
16950,25,0.997197
16960,30,0.997200
16970,24,0.997202
16980,28,0.997205
16990,23,0.997208
17000,29,0.997211
17010,33,0.997214
17020,34,0.997218
17030,17,0.997220
17040,18,0.997221
17050,26,0.997224
17060,23,0.997227
17070,27,0.997229
17080,20,0.997232
17090,37,0.997235
17100,32,0.997239
17110,26,0.997242
17120,17,0.997243
17130,17,0.997245
17140,26,0.997248
17150,20,0.997250
17160,18,0.997252
17170,18,0.997254
17180,24,0.997256
17190,29,0.997259
17200,21,0.997262
17210,24,0.997264
17220,25,0.997267
17230,20,0.997269
17240,25,0.997271
17250,22,0.997274
17260,22,0.997276
17270,27,0.997279
17280,26,0.997282
17290,16,0.997283
17300,20,0.997285
17310,13,0.997287
17320,20,0.997289
17330,23,0.997291
17340,22,0.997294
17350,22,0.997296
17360,22,0.997298
17370,27,0.997301
17380,18,0.997303
17390,10,0.997304
17400,16,0.997306
17410,15,0.997307
17420,20,0.997309
17430,13,0.997311
17440,13,0.997312
17450,25,0.997315
17460,22,0.997317
17470,19,0.997319
17480,20,0.997321
17490,12,0.997322
17500,17,0.997324
17510,15,0.997326
17520,22,0.997328
17530,17,0.997330
17540,15,0.997332
17550,18,0.997333
17560,17,0.997335
17570,28,0.997338
17580,9,0.997339
17590,18,0.997341
17600,28,0.997344
17610,20,0.997346
17620,14,0.997348
17630,22,0.997350
17640,21,0.997352
17650,16,0.997354
17660,18,0.997356
17670,13,0.997357
17680,16,0.997359
17690,20,0.997361
17700,20,0.997363
17710,12,0.997364
17720,19,0.997366
17730,11,0.997367
17740,11,0.997369
17750,15,0.997370
17760,14,0.997372
17770,17,0.997373
17780,14,0.997375
17790,10,0.997376
17800,15,0.997377
17810,9,0.997378
17820,14,0.997380
17830,20,0.997382
17840,8,0.997383
17850,9,0.997384
17860,10,0.997385
17870,9,0.997386
17880,10,0.997387
17890,13,0.997388
17900,10,0.997389
17910,10,0.997390
17920,6,0.997391
17930,10,0.997392
17940,11,0.997393
17950,17,0.997395
17960,9,0.997396
17970,10,0.997397
17980,8,0.997398
17990,15,0.997399
18000,14,0.997401
18010,7,0.997402
18020,12,0.997403
18030,9,0.997404
18040,11,0.997405
18050,14,0.997406
18060,9,0.997407
18070,11,0.997409
18080,13,0.997410
18090,10,0.997411
18100,17,0.997413
18110,12,0.997414
18120,18,0.997416
18130,19,0.997418
18140,21,0.997420
18150,13,0.997421
18160,14,0.997423
18170,13,0.997424
18180,18,0.997426
18190,21,0.997428
18200,20,0.997431
18210,13,0.997432
18220,19,0.997434
18230,16,0.997436
18240,14,0.997437
18250,12,0.997438
18260,15,0.997440
18270,9,0.997441
18280,19,0.997443
18290,12,0.997444
18300,17,0.997446
18310,11,0.997447
18320,10,0.997448
18330,17,0.997450
18340,17,0.997452
18350,17,0.997453
18360,15,0.997455
18370,23,0.997457
18380,14,0.997459
18390,4,0.997459
18400,14,0.997461
18410,13,0.997462
18420,17,0.997464
18430,7,0.997465
18440,19,0.997467
18450,16,0.997468
18460,11,0.997470
18470,16,0.997471
18480,16,0.997473
18490,12,0.997474
18500,12,0.997475
18510,9,0.997476
18520,12,0.997478
18530,11,0.997479
18540,11,0.997480
18550,17,0.997482
18560,15,0.997483
18570,13,0.997485
18580,19,0.997487
18590,10,0.997488
18600,8,0.997489
18610,12,0.997490
18620,12,0.997491
18630,11,0.997492
18640,12,0.997494
18650,9,0.997495
18660,4,0.997495
18670,6,0.997496
18680,10,0.997497
18690,17,0.997498
18700,10,0.997499
18710,9,0.997500
18720,6,0.997501
18730,2,0.997501
18740,10,0.997502
18750,7,0.997503
18760,5,0.997504
18770,5,0.997504
18780,6,0.997505
18790,4,0.997505
18800,5,0.997506
18810,7,0.997506
18820,3,0.997507
18830,2,0.997507
18840,3,0.997507
18850,7,0.997508
18860,6,0.997509
18870,3,0.997509
18880,5,0.997509
18890,2,0.997510
18900,3,0.997510
18910,8,0.997511
18920,7,0.997512
18930,3,0.997512
18940,9,0.997513
18950,8,0.997514
18960,7,0.997514
18970,5,0.997515
18980,13,0.997516
18990,7,0.997517
19000,6,0.997518
19010,8,0.997518
19020,11,0.997520
19030,12,0.997521
19040,17,0.997523
19050,6,0.997523
19060,11,0.997524
19070,11,0.997526
19080,7,0.997526
19090,11,0.997528
19100,3,0.997528
19110,8,0.997529
19120,10,0.997530
19130,8,0.997531
19140,4,0.997531
19150,7,0.997532
19160,9,0.997533
19170,11,0.997534
19180,6,0.997535
19190,10,0.997536
19200,12,0.997537
19210,11,0.997538
19220,11,0.997539
19230,9,0.997540
19240,10,0.997541
19250,12,0.997542
19260,8,0.997543
19270,10,0.997544
19280,10,0.997545
19290,9,0.997546
19300,10,0.997547
19310,14,0.997549
19320,13,0.997550
19330,7,0.997551
19340,16,0.997553
19350,9,0.997554
19360,11,0.997555
19370,8,0.997556
19380,11,0.997557
19390,6,0.997557
19400,8,0.997558
19410,8,0.997559
19420,11,0.997560
19430,6,0.997561
19440,9,0.997562
19450,11,0.997563
19460,13,0.997564
19470,8,0.997565
19480,6,0.997566
19490,13,0.997567
19500,17,0.997569
19510,10,0.997570
19520,9,0.997571
19530,8,0.997572
19540,6,0.997572
19550,17,0.997574
19560,11,0.997575
19570,7,0.997576
19580,14,0.997578
19590,10,0.997579
19600,9,0.997580
19610,7,0.997580
19620,4,0.997581
19630,5,0.997581
19640,5,0.997582
19650,7,0.997582
19660,9,0.997583
19670,3,0.997584
19680,8,0.997585
19690,6,0.997585
19700,7,0.997586
19710,7,0.997587
19720,5,0.997587
19730,6,0.997588
19740,10,0.997589
19750,5,0.997589
19760,4,0.997590
19770,8,0.997591
19780,8,0.997592
19790,6,0.997592
19800,9,0.997593
19810,8,0.997594
19820,3,0.997594
19830,7,0.997595
19840,8,0.997596
19850,9,0.997597
19860,7,0.997598
19870,11,0.997599
19880,5,0.997599
19890,12,0.997600
19900,10,0.997602
19910,5,0.997602
19920,7,0.997603
19930,7,0.997604
19940,14,0.997605
19950,4,0.997605
19960,5,0.997606
19970,12,0.997607
19980,5,0.997608
19990,11,0.997609
20000,11,0.997610
20010,6,0.997611
20020,11,0.997612
20030,9,0.997613
20040,11,0.997614
20050,6,0.997615
20060,9,0.997616
20070,6,0.997616
20080,7,0.997617
20090,9,0.997618
20100,9,0.997619
20110,6,0.997619
20120,6,0.997620
20130,7,0.997621
20140,3,0.997621
20150,1,0.997621
20160,8,0.997622
20170,3,0.997622
20180,4,0.997623
20190,4,0.997623
20200,6,0.997624
20210,3,0.997624
20220,6,0.997625
20230,1,0.997625
20240,7,0.997626
20250,9,0.997627
20260,4,0.997627
20270,11,0.997628
20280,7,0.997629
20290,3,0.997629
20300,5,0.997630
20310,4,0.997630
20320,1,0.997630
20330,3,0.997631
20340,4,0.997631
20350,4,0.997631
20360,4,0.997632
20370,4,0.997632
20380,5,0.997633
20390,1,0.997633
20400,4,0.997633
20410,4,0.997634
20420,9,0.997635
20430,4,0.997635
20440,6,0.997636
20450,1,0.997636
20460,13,0.997637
20470,8,0.997638
20480,3,0.997638
20490,6,0.997639
20500,6,0.997640
20510,7,0.997640
20520,3,0.997641
20530,3,0.997641
20540,7,0.997642
20550,7,0.997643
20570,4,0.997643
20580,8,0.997644
20590,7,0.997644
20600,6,0.997645
20610,3,0.997645
20620,5,0.997646
20630,4,0.997646
20640,5,0.997647
20650,6,0.997648
20660,4,0.997648
20670,5,0.997648
20680,3,0.997649
20690,6,0.997649
20700,1,0.997650
20710,2,0.997650
20720,7,0.997651
20730,5,0.997651
20740,3,0.997651
20750,10,0.997652
20760,6,0.997653
20770,4,0.997653
20780,5,0.997654
20790,6,0.997655
20800,6,0.997655
20810,9,0.997656
20820,16,0.997658
20830,7,0.997659
20840,8,0.997659
20850,6,0.997660
20860,4,0.997661
20870,8,0.997661
20880,8,0.997662
20890,7,0.997663
20900,6,0.997664
20910,6,0.997664
20920,9,0.997665
20930,11,0.997666
20940,14,0.997668
20950,11,0.997669
20960,11,0.997670
20970,12,0.997671
20980,12,0.997673
20990,12,0.997674
21000,10,0.997675
21010,10,0.997676
21020,5,0.997676
21030,10,0.997678
21040,7,0.997678
21050,10,0.997679
21060,10,0.997680
21070,8,0.997681
21080,6,0.997682
21090,7,0.997683
21100,10,0.997684
21110,8,0.997684
21120,8,0.997685
21130,7,0.997686
21140,11,0.997687
21150,18,0.997689
21160,5,0.997690
21170,9,0.997691
21180,8,0.997691
21190,7,0.997692
21200,13,0.997694
21210,3,0.997694
21220,14,0.997695
21230,11,0.997696
21240,4,0.997697
21250,14,0.997698
21260,10,0.997699
21270,4,0.997700
21280,9,0.997701
21290,8,0.997702
21300,6,0.997702
21310,12,0.997704
21320,16,0.997705
21330,12,0.997706
21340,14,0.997708
21350,17,0.997710
21360,6,0.997710
21370,8,0.997711
21380,10,0.997712
21390,7,0.997713
21400,10,0.997714
21410,8,0.997715
21420,10,0.997716
21430,10,0.997717
21440,13,0.997718
21450,11,0.997720
21460,8,0.997720
21470,8,0.997721
21480,11,0.997722
21490,14,0.997724
21500,4,0.997724
21510,12,0.997726
21520,6,0.997726
21530,6,0.997727
21540,10,0.997728
21550,10,0.997729
21560,10,0.997730
21570,9,0.997731
21580,8,0.997732
21590,5,0.997732
21600,10,0.997733
21610,9,0.997734
21620,6,0.997735
21630,6,0.997736
21640,6,0.997736
21650,8,0.997737
21660,18,0.997739
21670,14,0.997740
21680,5,0.997741
21690,10,0.997742
21700,8,0.997743
21710,5,0.997743
21720,18,0.997745
21730,11,0.997746
21740,10,0.997747
21750,10,0.997748
21760,9,0.997749
21770,9,0.997750
21780,6,0.997751
21790,9,0.997752
21800,5,0.997752
21810,8,0.997753
21820,8,0.997754
21830,11,0.997755
21840,16,0.997757
21850,18,0.997759
21860,10,0.997760
21870,6,0.997761
21880,8,0.997761
21890,6,0.997762
21900,9,0.997763
21910,8,0.997764
21920,9,0.997765
21930,11,0.997766
21940,7,0.997767
21950,11,0.997768
21960,13,0.997769
21970,11,0.997770
21980,9,0.997771
21990,7,0.997772
22000,7,0.997773
22010,9,0.997774
22020,8,0.997775
22030,8,0.997775
22040,6,0.997776
22050,7,0.997777
22060,6,0.997777
22070,14,0.997779
22080,8,0.997780
22090,10,0.997781
22100,6,0.997781
22110,5,0.997782
22120,8,0.997783
22130,6,0.997783
22140,7,0.997784
22150,5,0.997785
22160,8,0.997786
22170,8,0.997786
22180,6,0.997787
22190,6,0.997788
22200,10,0.997789
22210,6,0.997789
22220,4,0.997790
22230,8,0.997791
22240,7,0.997791
22250,3,0.997792
22260,7,0.997792
22270,4,0.997793
22280,6,0.997793
22290,10,0.997795
22300,5,0.997795
22310,9,0.997796
22320,6,0.997797
22330,10,0.997798
22340,12,0.997799
22350,7,0.997800
22360,8,0.997800
22370,4,0.997801
22380,4,0.997801
22390,5,0.997802
22400,5,0.997802
22410,1,0.997802
22420,10,0.997804
22430,6,0.997804
22440,9,0.997805
22450,5,0.997806
22460,6,0.997806
22470,15,0.997808
22480,6,0.997808
22490,5,0.997809
22500,14,0.997810
22510,9,0.997811
22520,6,0.997812
22530,15,0.997814
22540,3,0.997814
22550,11,0.997815
22560,13,0.997817
22570,13,0.997818
22580,10,0.997819
22590,11,0.997820
22600,10,0.997821
22610,5,0.997822
22620,10,0.997823
22630,9,0.997824
22640,14,0.997825
22650,11,0.997826
22660,9,0.997827
22670,7,0.997828
22680,12,0.997829
22690,16,0.997831
22700,12,0.997832
22710,14,0.997834
22720,7,0.997834
22730,7,0.997835
22740,15,0.997837
22750,13,0.997838
22760,10,0.997839
22770,12,0.997840
22780,9,0.997841
22790,9,0.997842
22800,14,0.997844
22810,13,0.997845
22820,8,0.997846
22830,17,0.997848
22840,9,0.997849
22850,11,0.997850
22860,11,0.997851
22870,13,0.997852
22880,19,0.997854
22890,10,0.997855
22900,15,0.997857
22910,10,0.997858
22920,13,0.997859
22930,15,0.997861
22940,10,0.997862
22950,13,0.997863
22960,13,0.997865
22970,14,0.997866
22980,8,0.997867
22990,10,0.997868
23000,14,0.997870
23010,12,0.997871
23020,10,0.997872
23030,14,0.997873
23040,7,0.997874
23050,11,0.997875
23060,6,0.997876
23070,9,0.997877
23080,9,0.997878
23090,2,0.997878
23100,9,0.997879
23110,5,0.997880
23120,9,0.997880
23130,11,0.997882
23140,6,0.997882
23150,11,0.997883
23160,9,0.997884
23170,8,0.997885
23180,11,0.997886
23190,9,0.997887
23200,10,0.997888
23210,5,0.997889
23220,6,0.997890
23230,8,0.997890
23240,12,0.997892
23250,12,0.997893
23260,13,0.997894
23270,10,0.997895
23280,18,0.997897
23290,9,0.997898
23300,13,0.997900
23310,13,0.997901
23320,6,0.997901
23330,6,0.997902
23340,7,0.997903
23350,19,0.997905
23360,9,0.997906
23370,9,0.997907
23380,9,0.997908
23390,14,0.997909
23400,14,0.997911
23410,10,0.997912
23420,21,0.997914
23430,9,0.997915
23440,15,0.997916
23450,15,0.997918
23460,11,0.997919
23470,9,0.997920
23480,12,0.997921
23490,15,0.997923
23500,10,0.997924
23510,11,0.997925
23520,12,0.997926
23530,10,0.997928
23540,18,0.997929
23550,14,0.997931
23560,6,0.997932
23570,13,0.997933
23580,11,0.997934
23590,17,0.997936
23600,10,0.997937
23610,13,0.997938
23620,10,0.997939
23630,9,0.997940
23640,19,0.997942
23650,17,0.997944
23660,12,0.997945
23670,20,0.997947
23680,16,0.997949
23690,18,0.997951
23700,22,0.997953
23710,12,0.997955
23720,15,0.997956
23730,14,0.997958
23740,10,0.997959
23750,8,0.997959
23760,11,0.997961
23770,12,0.997962
23780,16,0.997964
23790,13,0.997965
23800,16,0.997967
23810,10,0.997968
23820,11,0.997969
23830,16,0.997971
23840,8,0.997971
23850,15,0.997973
23860,13,0.997974
23870,15,0.997976
23880,10,0.997977
23890,10,0.997978
23900,9,0.997979
23910,19,0.997981
23920,18,0.997983
23930,12,0.997984
23940,9,0.997985
23950,9,0.997986
23960,7,0.997987
23970,14,0.997988
23980,7,0.997989
23990,13,0.997990
24000,11,0.997992
24010,13,0.997993
24020,18,0.997995
24030,16,0.997996
24040,7,0.997997
24050,13,0.997999
24060,12,0.998000
24070,13,0.998001
24080,11,0.998002
24090,15,0.998004
24100,21,0.998006
24110,14,0.998008
24120,16,0.998009
24130,20,0.998011
24140,14,0.998013
24150,10,0.998014
24160,19,0.998016
24170,25,0.998019
24180,15,0.998020
24190,11,0.998021
24200,15,0.998023
24210,11,0.998024
24220,18,0.998026
24230,15,0.998028
24240,18,0.998029
24250,24,0.998032
24260,18,0.998034
24270,15,0.998035
24280,11,0.998037
24290,22,0.998039
24300,9,0.998040
24310,8,0.998041
24320,19,0.998043
24330,14,0.998044
24340,20,0.998046
24350,17,0.998048
24360,10,0.998049
24370,10,0.998050
24380,14,0.998052
24390,12,0.998053
24400,13,0.998054
24410,5,0.998055
24420,12,0.998056
24430,7,0.998057
24440,19,0.998059
24450,13,0.998060
24460,8,0.998061
24470,13,0.998062
24480,16,0.998064
24490,16,0.998066
24500,26,0.998068
24510,17,0.998070
24520,13,0.998072
24530,20,0.998074
24540,12,0.998075
24550,7,0.998076
24560,17,0.998078
24570,14,0.998079
24580,13,0.998080
24590,14,0.998082
24600,19,0.998084
24610,14,0.998085
24620,15,0.998087
24630,15,0.998088
24640,17,0.998090
24650,12,0.998092
24660,12,0.998093
24670,11,0.998094
24680,11,0.998095
24690,20,0.998097
24700,19,0.998099
24710,17,0.998101
24720,11,0.998102
24730,13,0.998103
24740,20,0.998106
24750,19,0.998108
24760,22,0.998110
24770,19,0.998112
24780,23,0.998114
24790,22,0.998117
24800,24,0.998119
24810,30,0.998122
24820,16,0.998124
24830,22,0.998126
24840,20,0.998128
24850,19,0.998130
24860,29,0.998133
24870,19,0.998136
24880,25,0.998138
24890,32,0.998142
24900,21,0.998144
24910,19,0.998146
24920,27,0.998149
24930,23,0.998151
24940,15,0.998153
24950,23,0.998155
24960,23,0.998157
24970,22,0.998160
24980,24,0.998162
24990,19,0.998164
25000,18,0.998166
25010,23,0.998169
25020,26,0.998171
25030,24,0.998174
25040,19,0.998176
25050,25,0.998178
25060,20,0.998181
25070,25,0.998183
25080,29,0.998186
25090,29,0.998189
25100,26,0.998192
25110,18,0.998194
25120,26,0.998197
25130,25,0.998199
25140,28,0.998202
25150,21,0.998204
25160,18,0.998206
25170,22,0.998209
25180,20,0.998211
25190,29,0.998214
25200,23,0.998216
25210,26,0.998219
25220,34,0.998223
25230,26,0.998225
25240,26,0.998228
25250,22,0.998230
25260,35,0.998234
25270,21,0.998236
25280,27,0.998239
25290,26,0.998242
25300,23,0.998244
25310,20,0.998246
25320,25,0.998249
25330,20,0.998251
25340,24,0.998254
25350,32,0.998257
25360,22,0.998259
25370,25,0.998262
25380,26,0.998265
25390,24,0.998267
25400,32,0.998271
25410,23,0.998273
25420,20,0.998275
25430,20,0.998277
25440,27,0.998280
25450,27,0.998283
25460,29,0.998286
25470,23,0.998288
25480,31,0.998292
25490,34,0.998295
25500,36,0.998299
25510,44,0.998304
25520,29,0.998307
25530,36,0.998310
25540,44,0.998315
25550,42,0.998320
25560,32,0.998323
25570,22,0.998325
25580,31,0.998328
25590,33,0.998332
25600,26,0.998335
25610,31,0.998338
25620,30,0.998341
25630,32,0.998344
25640,24,0.998347
25650,33,0.998350
25660,25,0.998353
25670,40,0.998357
25680,44,0.998362
25690,31,0.998365
25700,28,0.998368
25710,28,0.998371
25720,38,0.998375
25730,24,0.998378
25740,26,0.998380
25750,31,0.998384
25760,25,0.998386
25770,17,0.998388
25780,26,0.998391
25790,32,0.998394
25800,26,0.998397
25810,29,0.998400
25820,20,0.998402
25830,19,0.998404
25840,28,0.998407
25850,22,0.998409
25860,24,0.998412
25870,24,0.998414
25880,21,0.998417
25890,26,0.998419
25900,29,0.998422
25910,19,0.998424
25920,18,0.998426
25930,21,0.998428
25940,15,0.998430
25950,19,0.998432
25960,17,0.998434
25970,19,0.998436
25980,22,0.998438
25990,20,0.998440
26000,25,0.998443
26010,19,0.998445
26020,21,0.998447
26030,11,0.998448
26040,27,0.998451
26050,21,0.998453
26060,17,0.998455
26070,28,0.998458
26080,23,0.998460
26090,18,0.998462
26100,21,0.998465
26110,20,0.998467
26120,23,0.998469
26130,16,0.998471
26140,15,0.998472
26150,22,0.998475
26160,23,0.998477
26170,19,0.998479
26180,20,0.998481
26190,15,0.998483
26200,22,0.998485
26210,24,0.998488
26220,16,0.998489
26230,17,0.998491
26240,13,0.998492
26250,21,0.998495
26260,19,0.998497
26270,20,0.998499
26280,32,0.998502
26290,21,0.998504
26300,23,0.998507
26310,27,0.998510
26320,22,0.998512
26330,18,0.998514
26340,21,0.998516
26350,21,0.998518
26360,26,0.998521
26370,20,0.998523
26380,19,0.998525
26390,24,0.998528
26400,21,0.998530
26410,14,0.998531
26420,18,0.998533
26430,30,0.998536
26440,27,0.998539
26450,29,0.998542
26460,25,0.998545
26470,28,0.998548
26480,18,0.998550
26490,34,0.998553
26500,24,0.998556
26510,19,0.998558
26520,25,0.998560
26530,24,0.998563
26540,26,0.998566
26550,28,0.998569
26560,42,0.998573
26570,27,0.998576
26580,29,0.998579
26590,27,0.998582
26600,29,0.998585
26610,30,0.998588
26620,25,0.998591
26630,28,0.998594
26640,24,0.998596
26650,30,0.998599
26660,36,0.998603
26670,29,0.998606
26680,35,0.998610
26690,35,0.998613
26700,32,0.998617
26710,23,0.998619
26720,35,0.998623
26730,33,0.998626
26740,33,0.998630
26750,29,0.998633
26760,33,0.998636
26770,37,0.998640
26780,37,0.998644
26790,40,0.998648
26800,21,0.998651
26810,43,0.998655
26820,32,0.998659
26830,32,0.998662
26840,35,0.998666
26850,25,0.998668
26860,40,0.998672
26870,22,0.998675
26880,32,0.998678
26890,31,0.998681
26900,39,0.998685
26910,28,0.998688
26920,27,0.998691
26930,29,0.998694
26940,27,0.998697
26950,32,0.998700
26960,35,0.998704
26970,26,0.998707
26980,25,0.998710
26990,26,0.998712
27000,26,0.998715
27010,27,0.998718
27020,25,0.998721
27030,28,0.998723
27040,34,0.998727
27050,29,0.998730
27060,22,0.998732
27070,23,0.998735
27080,26,0.998738
27090,32,0.998741
27100,29,0.998744
27110,36,0.998748
27120,35,0.998751
27130,38,0.998755
27140,45,0.998760
27150,30,0.998763
27160,35,0.998767
27170,29,0.998770
27180,36,0.998774
27190,38,0.998778
27200,41,0.998782
27210,33,0.998786
27220,29,0.998789
27230,40,0.998793
27240,29,0.998796
27250,39,0.998800
27260,22,0.998802
27270,23,0.998805
27280,26,0.998808
27290,35,0.998811
27300,31,0.998815
27310,27,0.998817
27320,26,0.998820
27330,26,0.998823
27340,32,0.998826
27350,24,0.998829
27360,31,0.998832
27370,22,0.998834
27380,28,0.998837
27390,12,0.998838
27400,18,0.998840
27410,25,0.998843
27420,25,0.998846
27430,25,0.998848
27440,25,0.998851
27450,14,0.998852
27460,20,0.998855
27470,21,0.998857
27480,17,0.998859
27490,22,0.998861
27500,36,0.998865
27510,19,0.998867
27520,19,0.998869
27530,21,0.998871
27540,14,0.998872
27550,29,0.998875
27560,24,0.998878
27570,18,0.998880
27580,20,0.998882
27590,17,0.998884
27600,23,0.998886
27610,22,0.998888
27620,22,0.998891
27630,20,0.998893
27640,16,0.998895
27650,28,0.998897
27660,33,0.998901
27670,24,0.998903
27680,13,0.998905
27690,14,0.998906
27700,15,0.998908
27710,20,0.998910
27720,19,0.998912
27730,19,0.998914
27740,19,0.998916
27750,32,0.998919
27760,23,0.998922
27770,19,0.998924
27780,30,0.998927
27790,19,0.998929
27800,15,0.998931
27810,19,0.998932
27820,28,0.998935
27830,17,0.998937
27840,23,0.998940
27850,17,0.998941
27860,19,0.998943
27870,18,0.998945
27880,24,0.998948
27890,27,0.998951
27900,23,0.998953
27910,18,0.998955
27920,18,0.998957
27930,21,0.998959
27940,12,0.998960
27950,22,0.998963
27960,14,0.998964
27970,19,0.998966
27980,21,0.998968
27990,22,0.998971
28000,18,0.998973
28010,21,0.998975
28020,13,0.998976
28030,16,0.998978
28040,19,0.998980
28050,22,0.998982
28060,18,0.998984
28070,24,0.998987
28080,24,0.998989
28090,18,0.998991
28100,15,0.998993
28110,31,0.998996
28120,18,0.998998
28130,28,0.999001
28140,18,0.999003
28150,28,0.999006
28160,12,0.999007
28170,19,0.999009
28180,13,0.999010
28190,21,0.999012
28200,21,0.999015
28210,17,0.999016
28220,13,0.999018
28230,35,0.999021
28240,19,0.999023
28250,19,0.999025
28260,18,0.999027
28270,17,0.999029
28280,14,0.999031
28290,20,0.999033
28300,21,0.999035
28310,16,0.999037
28320,25,0.999039
28330,20,0.999041
28340,25,0.999044
28350,19,0.999046
28360,24,0.999048
28370,10,0.999050
28380,15,0.999051
28390,19,0.999053
28400,17,0.999055
28410,19,0.999057
28420,16,0.999059
28430,15,0.999060
28440,29,0.999063
28450,16,0.999065
28460,28,0.999068
28470,18,0.999070
28480,19,0.999072
28490,20,0.999074
28500,22,0.999076
28510,27,0.999079
28520,18,0.999081
28530,14,0.999082
28540,17,0.999084
28550,15,0.999086
28560,22,0.999088
28570,17,0.999090
28580,25,0.999092
28590,14,0.999094
28600,23,0.999096
28610,23,0.999099
28620,19,0.999101
28630,11,0.999102
28640,15,0.999104
28650,18,0.999105
28660,22,0.999108
28670,20,0.999110
28680,19,0.999112
28690,16,0.999114
28700,16,0.999115
28710,21,0.999117
28720,17,0.999119
28730,26,0.999122
28740,19,0.999124
28750,22,0.999126
28760,18,0.999128
28770,17,0.999130
28780,18,0.999132
28790,21,0.999134
28800,16,0.999136
28810,22,0.999138
28820,15,0.999140
28830,16,0.999141
28840,22,0.999144
28850,27,0.999146
28860,23,0.999149
28870,25,0.999152
28880,25,0.999154
28890,27,0.999157
28900,19,0.999159
28910,26,0.999162
28920,20,0.999164
28930,24,0.999166
28940,19,0.999168
28950,27,0.999171
28960,24,0.999174
28970,17,0.999176
28980,21,0.999178
28990,30,0.999181
29000,24,0.999183
29010,26,0.999186
29020,19,0.999188
29030,26,0.999191
29040,18,0.999193
29050,25,0.999195
29060,24,0.999198
29070,18,0.999200
29080,27,0.999203
29090,18,0.999205
29100,16,0.999206
29110,27,0.999209
29120,17,0.999211
29130,28,0.999214
29140,24,0.999216
29150,23,0.999219
29160,32,0.999222
29170,24,0.999225
29180,22,0.999227
29190,22,0.999229
29200,17,0.999231
29210,18,0.999233
29220,31,0.999236
29230,26,0.999239
29240,28,0.999242
29250,19,0.999244
29260,23,0.999246
29270,17,0.999248
29280,22,0.999250
29290,20,0.999253
29300,21,0.999255
29310,14,0.999256
29320,19,0.999258
29330,24,0.999261
29340,11,0.999262
29350,24,0.999264
29360,11,0.999266
29370,22,0.999268
29380,18,0.999270
29390,25,0.999272
29400,18,0.999274
29410,20,0.999276
29420,17,0.999278
29430,23,0.999281
29440,11,0.999282
29450,19,0.999284
29460,17,0.999286
29470,23,0.999288
29480,26,0.999291
29490,17,0.999293
29500,19,0.999295
29510,23,0.999297
29520,14,0.999298
29530,21,0.999301
29540,19,0.999303
29550,20,0.999305
29560,20,0.999307
29570,23,0.999309
29580,18,0.999311
29590,27,0.999314
29600,17,0.999316
29610,15,0.999317
29620,17,0.999319
29630,18,0.999321
29640,22,0.999323
29650,19,0.999325
29660,20,0.999328
29670,18,0.999329
29680,24,0.999332
29690,17,0.999334
29700,16,0.999335
29710,16,0.999337
29720,13,0.999338
29730,14,0.999340
29740,11,0.999341
29750,17,0.999343
29760,24,0.999345
29770,15,0.999347
29780,15,0.999349
29790,16,0.999350
29800,17,0.999352
29810,20,0.999354
29820,8,0.999355
29830,16,0.999357
29840,15,0.999358
29850,17,0.999360
29860,10,0.999361
29870,17,0.999363
29880,11,0.999364
29890,22,0.999366
29900,17,0.999368
29910,18,0.999370
29920,18,0.999372
29930,16,0.999374
29940,21,0.999376
29950,17,0.999378
29960,13,0.999379
29970,12,0.999380
29980,17,0.999382
29990,10,0.999383
30000,14,0.999385
30010,12,0.999386
30020,20,0.999388
30030,21,0.999390
30040,11,0.999391
30050,12,0.999393
30060,8,0.999393
30070,19,0.999395
30080,12,0.999397
30090,11,0.999398
30100,20,0.999400
30110,13,0.999401
30120,17,0.999403
30130,8,0.999404
30140,11,0.999405
30150,12,0.999406
30160,10,0.999407
30170,9,0.999408
30180,8,0.999409
30190,16,0.999411
30200,16,0.999413
30210,9,0.999413
30220,16,0.999415
30230,13,0.999417
30240,6,0.999417
30250,9,0.999418
30260,16,0.999420
30270,18,0.999422
30280,11,0.999423
30290,11,0.999424
30300,6,0.999425
30310,10,0.999426
30320,10,0.999427
30330,9,0.999428
30340,18,0.999430
30350,12,0.999431
30360,16,0.999433
30370,16,0.999434
30380,19,0.999436
30390,3,0.999437
30400,10,0.999438
30410,12,0.999439
30420,15,0.999440
30430,17,0.999442
30440,10,0.999443
30450,15,0.999445
30460,5,0.999445
30470,8,0.999446
30480,14,0.999448
30490,11,0.999449
30500,13,0.999450
30510,13,0.999452
30520,15,0.999453
30530,11,0.999454
30540,10,0.999455
30550,14,0.999457
30560,13,0.999458
30570,11,0.999459
30580,15,0.999461
30590,14,0.999462
30600,14,0.999464
30610,17,0.999466
30620,12,0.999467
30630,17,0.999469
30640,10,0.999470
30650,12,0.999471
30660,9,0.999472
30670,10,0.999473
30680,15,0.999475
30690,12,0.999476
30700,10,0.999477
30710,12,0.999478
30720,9,0.999479
30730,12,0.999480
30740,6,0.999481
30750,9,0.999482
30760,9,0.999483
30770,8,0.999484
30780,14,0.999485
30790,10,0.999486
30800,15,0.999488
30810,6,0.999489
30820,8,0.999489
30830,11,0.999491
30840,10,0.999492
30850,15,0.999493
30860,4,0.999494
30870,9,0.999495
30880,18,0.999496
30890,13,0.999498
30900,17,0.999500
30910,13,0.999501
30920,8,0.999502
30930,9,0.999503
30940,12,0.999504
30950,9,0.999505
30960,8,0.999506
30970,11,0.999507
30980,3,0.999507
30990,4,0.999508
31000,9,0.999509
31010,13,0.999510
31020,11,0.999511
31030,5,0.999512
31040,10,0.999513
31050,4,0.999513
31060,9,0.999514
31070,7,0.999515
31080,7,0.999516
31090,12,0.999517
31100,5,0.999517
31110,7,0.999518
31120,4,0.999519
31130,5,0.999519
31140,10,0.999520
31150,9,0.999521
31160,9,0.999522
31170,10,0.999523
31180,9,0.999524
31190,10,0.999525
31200,5,0.999526
31210,8,0.999526
31220,4,0.999527
31230,10,0.999528
31240,8,0.999529
31250,10,0.999530
31260,10,0.999531
31270,9,0.999532
31280,11,0.999533
31290,7,0.999534
31300,9,0.999535
31310,13,0.999536
31320,16,0.999538
31330,8,0.999539
31340,12,0.999540
31350,16,0.999542
31360,17,0.999543
31370,13,0.999545
31380,8,0.999546
31390,11,0.999547
31400,14,0.999548
31410,15,0.999550
31420,5,0.999550
31430,11,0.999551
31440,15,0.999553
31450,11,0.999554
31460,11,0.999555
31470,13,0.999557
31480,9,0.999558
31490,13,0.999559
31500,9,0.999560
31510,11,0.999561
31520,15,0.999563
31530,8,0.999564
31540,11,0.999565
31550,14,0.999566
31560,12,0.999567
31570,9,0.999568
31580,10,0.999569
31590,8,0.999570
31600,11,0.999571
31610,10,0.999572
31620,13,0.999574
31630,12,0.999575
31640,14,0.999577
31650,10,0.999578
31660,16,0.999579
31670,11,0.999580
31680,12,0.999582
31690,9,0.999583
31700,9,0.999584
31710,11,0.999585
31720,9,0.999586
31730,13,0.999587
31740,14,0.999589
31750,11,0.999590
31760,8,0.999591
31770,10,0.999592
31780,9,0.999593
31790,13,0.999594
31800,3,0.999594
31810,19,0.999596
31820,6,0.999597
31830,14,0.999598
31840,10,0.999599
31850,5,0.999600
31860,7,0.999601
31870,9,0.999602
31880,7,0.999602
31890,11,0.999604
31900,11,0.999605
31910,9,0.999606
31920,8,0.999606
31930,5,0.999607
31940,10,0.999608
31950,7,0.999609
31960,12,0.999610
31970,9,0.999611
31980,11,0.999612
31990,11,0.999613
32000,9,0.999614
32010,5,0.999615
32020,14,0.999616
32030,6,0.999617
32040,6,0.999618
32050,10,0.999619
32060,10,0.999620
32070,8,0.999620
32080,10,0.999622
32090,9,0.999622
32100,9,0.999623
32110,5,0.999624
32120,6,0.999625
32130,5,0.999625
32140,11,0.999626
32150,7,0.999627
32160,8,0.999628
32170,11,0.999629
32180,3,0.999629
32190,5,0.999630
32200,4,0.999630
32210,10,0.999631
32220,5,0.999632
32230,7,0.999633
32240,8,0.999633
32250,5,0.999634
32260,9,0.999635
32270,9,0.999636
32280,8,0.999637
32290,9,0.999638
32300,5,0.999638
32310,5,0.999639
32320,1,0.999639
32330,2,0.999639
32340,4,0.999639
32350,11,0.999641
32360,5,0.999641
32370,7,0.999642
32380,5,0.999642
32390,14,0.999644
32400,6,0.999644
32410,4,0.999645
32420,8,0.999646
32430,5,0.999646
32440,4,0.999647
32450,6,0.999647
32460,11,0.999648
32470,8,0.999649
32480,7,0.999650
32490,8,0.999651
32500,14,0.999652
32510,10,0.999653
32520,6,0.999654
32530,8,0.999655
32540,8,0.999656
32550,3,0.999656
32560,9,0.999657
32570,6,0.999658
32580,8,0.999658
32590,9,0.999659
32600,5,0.999660
32610,14,0.999661
32620,8,0.999662
32630,9,0.999663
32640,7,0.999664
32650,6,0.999665
32660,9,0.999665
32670,10,0.999667
32680,11,0.999668
32690,6,0.999668
32700,7,0.999669
32710,9,0.999670
32720,8,0.999671
32730,8,0.999672
32740,13,0.999673
32750,14,0.999675
32760,20,0.999677
32770,14,0.999678
32780,15,0.999680
32790,13,0.999681
32800,11,0.999682
32810,15,0.999684
32820,10,0.999685
32830,6,0.999686
32840,12,0.999687
32850,15,0.999688
32860,14,0.999690
32870,11,0.999691
32880,11,0.999692
32890,9,0.999693
32900,14,0.999695
32910,8,0.999695
32920,13,0.999697
32930,14,0.999698
32940,8,0.999699
32950,14,0.999701
32960,11,0.999702
32970,7,0.999702
32980,4,0.999703
32990,11,0.999704
33000,14,0.999705
33010,15,0.999707
33020,17,0.999709
33030,8,0.999710
33040,14,0.999711
33050,14,0.999713
33060,8,0.999713
33070,11,0.999715
33080,15,0.999716
33090,19,0.999718
33100,20,0.999720
33110,10,0.999721
33120,16,0.999723
33130,13,0.999724
33140,18,0.999726
33150,14,0.999728
33160,12,0.999729
33170,10,0.999730
33180,13,0.999731
33190,12,0.999733
33200,17,0.999735
33210,2,0.999735
33220,9,0.999736
33230,13,0.999737
33240,10,0.999738
33250,14,0.999740
33260,12,0.999741
33270,14,0.999742
33280,9,0.999743
33290,20,0.999745
33300,4,0.999746
33310,16,0.999748
33320,12,0.999749
33330,9,0.999750
33340,20,0.999752
33350,9,0.999753
33360,9,0.999754
33370,13,0.999755
33380,14,0.999757
33390,10,0.999758
33400,14,0.999759
33410,10,0.999760
33420,8,0.999761
33430,6,0.999762
33440,5,0.999762
33450,11,0.999763
33460,9,0.999764
33470,11,0.999765
33480,10,0.999766
33490,6,0.999767
33500,13,0.999768
33510,12,0.999770
33520,10,0.999771
33530,10,0.999772
33540,13,0.999773
33550,9,0.999774
33560,5,0.999775
33570,8,0.999775
33580,6,0.999776
33590,6,0.999777
33600,9,0.999778
33610,8,0.999779
33620,9,0.999779
33630,5,0.999780
33640,8,0.999781
33650,10,0.999782
33660,10,0.999783
33670,14,0.999784
33680,4,0.999785
33690,7,0.999786
33700,7,0.999786
33710,8,0.999787
33720,8,0.999788
33730,7,0.999789
33740,2,0.999789
33750,8,0.999790
33760,5,0.999790
33770,8,0.999791
33780,12,0.999792
33790,3,0.999793
33800,9,0.999794
33810,7,0.999794
33820,6,0.999795
33830,5,0.999796
33840,7,0.999796
33850,8,0.999797
33860,10,0.999798
33870,9,0.999799
33880,5,0.999800
33890,5,0.999800
33900,11,0.999801
33910,8,0.999802
33920,5,0.999803
33930,9,0.999804
33940,5,0.999804
33950,5,0.999805
33960,9,0.999806
33970,7,0.999806
33980,7,0.999807
33990,11,0.999808
34000,9,0.999809
34010,1,0.999809
34020,6,0.999810
34030,8,0.999811
34040,8,0.999812
34050,8,0.999813
34060,7,0.999813
34070,5,0.999814
34080,14,0.999815
34090,10,0.999816
34100,5,0.999817
34110,10,0.999818
34120,13,0.999819
34130,9,0.999820
34140,9,0.999821
34150,8,0.999822
34160,7,0.999823
34170,10,0.999824
34180,6,0.999824
34190,5,0.999825
34200,4,0.999825
34210,6,0.999826
34220,5,0.999827
34230,2,0.999827
34240,12,0.999828
34250,5,0.999829
34260,5,0.999829
34270,6,0.999830
34280,6,0.999830
34290,12,0.999832
34300,6,0.999832
34310,6,0.999833
34320,5,0.999833
34330,7,0.999834
34340,5,0.999835
34350,5,0.999835
34360,7,0.999836
34370,3,0.999836
34380,9,0.999837
34390,4,0.999838
34400,7,0.999838
34410,6,0.999839
34420,4,0.999839
34430,4,0.999840
34440,3,0.999840
34450,7,0.999841
34460,5,0.999841
34470,6,0.999842
34480,6,0.999843
34490,8,0.999843
34500,3,0.999844
34510,3,0.999844
34520,9,0.999845
34530,4,0.999846
34540,2,0.999846
34550,4,0.999846
34560,3,0.999846
34570,2,0.999847
34580,7,0.999847
34590,2,0.999848
34600,6,0.999848
34610,3,0.999849
34620,3,0.999849
34630,2,0.999849
34640,8,0.999850
34650,3,0.999850
34660,3,0.999851
34670,3,0.999851
34680,5,0.999851
34690,3,0.999852
34700,6,0.999852
34710,2,0.999853
34730,3,0.999853
34740,6,0.999853
34750,1,0.999854
34760,3,0.999854
34770,7,0.999855
34780,6,0.999855
34790,1,0.999855
34800,4,0.999856
34810,1,0.999856
34820,2,0.999856
34830,2,0.999856
34840,3,0.999857
34850,7,0.999857
34860,2,0.999858
34870,6,0.999858
34880,2,0.999858
34890,3,0.999859
34900,4,0.999859
34910,5,0.999860
34920,2,0.999860
34930,2,0.999860
34940,7,0.999861
34950,6,0.999861
34960,2,0.999862
34970,7,0.999862
34980,4,0.999863
34990,6,0.999864
35000,4,0.999864
35010,5,0.999864
35020,3,0.999865
35030,3,0.999865
35040,9,0.999866
35050,3,0.999866
35060,4,0.999867
35070,4,0.999867
35080,1,0.999867
35090,3,0.999868
35100,6,0.999868
35110,3,0.999869
35120,3,0.999869
35130,4,0.999869
35140,3,0.999870
35150,1,0.999870
35160,5,0.999870
35170,2,0.999870
35180,3,0.999871
35190,2,0.999871
35200,3,0.999871
35220,3,0.999872
35230,1,0.999872
35240,1,0.999872
35250,4,0.999872
35260,1,0.999872
35270,2,0.999873
35280,1,0.999873
35320,3,0.999873
35330,1,0.999873
35340,1,0.999873
35350,4,0.999874
35370,2,0.999874
35380,3,0.999874
35390,2,0.999874
35400,2,0.999875
35410,3,0.999875
35420,1,0.999875
35430,2,0.999875
35440,6,0.999876
35450,1,0.999876
35480,3,0.999876
35500,4,0.999877
35510,2,0.999877
35520,1,0.999877
35530,2,0.999877
35550,1,0.999877
35560,1,0.999877
35570,6,0.999878
35580,2,0.999878
35600,3,0.999879
35610,1,0.999879
35620,3,0.999879
35630,2,0.999879
35640,3,0.999879
35650,1,0.999880
35660,6,0.999880
35670,4,0.999881
35680,3,0.999881
35690,1,0.999881
35700,1,0.999881
35710,3,0.999882
35720,1,0.999882
35730,1,0.999882
35740,3,0.999882
35750,6,0.999883
35760,1,0.999883
35780,1,0.999883
35790,3,0.999883
35800,2,0.999883
35810,2,0.999884
35820,3,0.999884
35830,3,0.999884
35840,1,0.999884
35850,5,0.999885
35860,1,0.999885
35870,4,0.999885
35880,3,0.999886
35890,4,0.999886
35900,3,0.999886
35910,1,0.999887
35920,2,0.999887
35930,2,0.999887
35940,2,0.999887
35960,2,0.999887
35970,2,0.999888
35980,2,0.999888
35990,2,0.999888
36010,5,0.999889
36020,5,0.999889
36040,2,0.999889
36050,2,0.999889
36060,2,0.999890
36070,4,0.999890
36080,4,0.999891
36090,4,0.999891
36100,5,0.999891
36110,1,0.999892
36120,3,0.999892
36130,2,0.999892
36140,4,0.999893
36150,4,0.999893
36160,3,0.999893
36170,1,0.999893
36180,4,0.999894
36190,5,0.999894
36200,4,0.999895
36210,2,0.999895
36230,3,0.999895
36240,1,0.999895
36250,3,0.999896
36260,5,0.999896
36270,6,0.999897
36280,1,0.999897
36300,5,0.999897
36310,1,0.999898
36320,1,0.999898
36330,3,0.999898
36340,6,0.999899
36360,3,0.999899
36370,1,0.999899
36380,4,0.999900
36390,4,0.999900
36400,2,0.999900
36410,4,0.999901
36420,5,0.999901
36440,4,0.999901
36450,3,0.999902
36460,2,0.999902
36470,5,0.999903
36480,1,0.999903
36490,2,0.999903
36500,3,0.999903
36510,4,0.999904
36520,3,0.999904
36530,3,0.999904
36540,1,0.999904
36550,1,0.999904
36560,3,0.999905
36580,2,0.999905
36590,5,0.999905
36620,1,0.999906
36630,1,0.999906
36640,4,0.999906
36660,4,0.999907
36670,2,0.999907
36680,1,0.999907
36690,1,0.999907
36710,2,0.999907
36720,2,0.999907
36730,3,0.999908
36740,1,0.999908
36750,1,0.999908
36760,2,0.999908
36770,2,0.999908
36780,1,0.999908
36810,3,0.999909
36820,1,0.999909
36830,2,0.999909
36840,3,0.999909
36850,2,0.999910
36860,1,0.999910
36870,3,0.999910
36890,4,0.999910
36900,1,0.999911
36910,3,0.999911
36920,3,0.999911
36930,2,0.999911
36950,3,0.999912
36960,4,0.999912
36970,3,0.999912
36980,3,0.999913
36990,5,0.999913
37000,3,0.999914
37010,3,0.999914
37020,4,0.999914
37030,3,0.999915
37040,4,0.999915
37050,11,0.999916
37060,5,0.999917
37070,7,0.999918
37080,4,0.999918
37090,5,0.999918
37100,3,0.999919
37110,7,0.999919
37120,6,0.999920
37130,5,0.999921
37140,1,0.999921
37160,4,0.999921
37170,7,0.999922
37180,1,0.999922
37190,2,0.999922
37200,12,0.999923
37210,6,0.999924
37220,3,0.999924
37230,3,0.999925
37240,2,0.999925
37250,6,0.999926
37260,3,0.999926
37270,4,0.999926
37280,2,0.999927
37290,4,0.999927
37300,4,0.999927
37310,6,0.999928
37320,3,0.999928
37330,2,0.999929
37340,2,0.999929
37350,4,0.999929
37360,3,0.999929
37370,4,0.999930
37380,5,0.999930
37390,5,0.999931
37400,5,0.999931
37410,3,0.999932
37420,1,0.999932
37430,3,0.999932
37440,1,0.999932
37450,2,0.999933
37460,2,0.999933
37470,3,0.999933
37480,2,0.999933
37490,1,0.999933
37510,4,0.999934
37520,2,0.999934
37530,4,0.999934
37540,1,0.999935
37560,1,0.999935
37570,1,0.999935
37580,3,0.999935
37590,1,0.999935
37600,2,0.999935
37610,1,0.999936
37620,3,0.999936
37630,1,0.999936
37640,3,0.999936
37650,2,0.999936
37660,3,0.999937
37670,2,0.999937
37690,3,0.999937
37700,2,0.999937
37710,5,0.999938
37720,4,0.999938
37730,7,0.999939
37740,6,0.999940
37750,2,0.999940
37760,8,0.999941
37770,4,0.999941
37780,5,0.999942
37790,5,0.999942
37800,3,0.999943
37810,7,0.999943
37820,3,0.999944
37830,7,0.999944
37840,3,0.999945
37850,5,0.999945
37860,8,0.999946
37870,5,0.999947
37880,5,0.999947
37890,5,0.999948
37900,9,0.999949
37910,2,0.999949
37920,2,0.999949
37930,2,0.999949
37940,3,0.999950
37950,1,0.999950
37960,3,0.999950
37980,4,0.999950
37990,4,0.999951
38000,3,0.999951
38010,3,0.999951
38020,1,0.999952
38030,4,0.999952
38050,3,0.999952
38060,3,0.999953
38070,1,0.999953
38080,5,0.999953
38090,1,0.999953
38100,2,0.999954
38110,3,0.999954
38120,3,0.999954
38130,4,0.999955
38140,1,0.999955
38160,4,0.999955
38170,3,0.999955
38180,2,0.999956
38190,1,0.999956
38200,1,0.999956
38210,2,0.999956
38230,1,0.999956
38240,3,0.999957
38250,2,0.999957
38270,1,0.999957
38290,5,0.999957
38300,1,0.999958
38310,1,0.999958
38320,2,0.999958
38340,3,0.999958
38350,5,0.999959
38360,1,0.999959
38370,1,0.999959
38380,1,0.999959
38400,2,0.999959
38410,1,0.999959
38420,3,0.999960
38430,1,0.999960
38440,4,0.999960
38450,1,0.999960
38460,2,0.999960
38470,2,0.999961
38480,1,0.999961
38490,3,0.999961
38500,4,0.999961
38510,1,0.999962
38530,1,0.999962
38550,1,0.999962
38560,1,0.999962
38580,1,0.999962
38590,2,0.999962
38600,1,0.999962
38620,2,0.999963
38640,1,0.999963
38650,1,0.999963
38660,2,0.999963
38670,2,0.999963
38680,1,0.999963
38710,1,0.999963
38730,2,0.999964
38740,1,0.999964
38750,3,0.999964
38760,1,0.999964
38770,2,0.999964
38790,3,0.999965
38800,1,0.999965
38820,1,0.999965
38840,3,0.999965
38850,3,0.999965
38860,1,0.999966
38870,2,0.999966
38890,2,0.999966
38900,2,0.999966
38910,6,0.999967
38930,1,0.999967
38940,2,0.999967
38950,2,0.999967
38960,1,0.999967
38980,3,0.999968
39000,3,0.999968
39010,2,0.999968
39020,1,0.999968
39030,1,0.999969
39050,3,0.999969
39060,4,0.999969
39070,1,0.999969
39080,2,0.999970
39090,1,0.999970
39100,2,0.999970
39110,2,0.999970
39120,3,0.999970
39130,4,0.999971
39140,3,0.999971
39150,2,0.999971
39160,5,0.999972
39170,1,0.999972
39180,2,0.999972
39190,1,0.999972
39200,2,0.999973
39210,5,0.999973
39220,3,0.999973
39230,2,0.999974
39250,1,0.999974
39260,1,0.999974
39280,1,0.999974
39290,1,0.999974
39300,1,0.999974
39310,1,0.999974
39330,2,0.999974
39340,1,0.999975
39350,2,0.999975
39360,2,0.999975
39370,5,0.999976
39380,4,0.999976
39390,3,0.999976
39400,2,0.999976
39410,4,0.999977
39420,3,0.999977
39430,1,0.999977
39440,4,0.999978
39450,3,0.999978
39470,3,0.999978
39490,1,0.999978
39500,2,0.999979
39510,2,0.999979
39520,1,0.999979
39540,1,0.999979
39550,2,0.999979
39560,1,0.999979
39570,2,0.999980
39580,1,0.999980
39590,1,0.999980
39610,2,0.999980
39620,2,0.999980
39630,1,0.999980
39640,3,0.999981
39650,2,0.999981
39670,1,0.999981
39680,2,0.999981
39690,3,0.999981
39700,2,0.999982
39710,2,0.999982
39730,1,0.999982
39750,1,0.999982
39760,2,0.999982
39780,1,0.999982
39800,2,0.999983
39810,2,0.999983
39820,1,0.999983
39830,1,0.999983
39860,2,0.999983
39880,1,0.999983
39900,4,0.999984
39920,2,0.999984
39930,1,0.999984
39970,1,0.999984
39990,1,0.999984
40040,1,0.999984
40060,1,0.999985
40110,1,0.999985
40140,1,0.999985
40200,1,0.999985
40210,1,0.999985
40230,1,0.999985
40240,1,0.999985
40250,2,0.999985
40260,1,0.999985
40290,2,0.999986
40300,1,0.999986
40310,1,0.999986
40320,1,0.999986
40330,1,0.999986
40370,1,0.999986
40420,1,0.999986
40470,1,0.999986
40480,1,0.999987
40500,1,0.999987
40510,2,0.999987
40560,5,0.999987
40570,1,0.999987
40580,1,0.999988
40590,1,0.999988
40600,2,0.999988
40610,1,0.999988
40620,1,0.999988
40630,1,0.999988
40640,2,0.999988
40650,1,0.999989
40660,2,0.999989
40670,5,0.999989
40690,2,0.999989
40700,2,0.999990
40710,1,0.999990
40740,1,0.999990
40760,3,0.999990
40780,1,0.999990
40790,1,0.999990
40810,1,0.999991
40820,2,0.999991
40830,1,0.999991
40840,1,0.999991
40860,1,0.999991
40880,1,0.999991
40920,1,0.999991
40990,1,0.999991
41830,1,0.999991
41850,2,0.999992
41880,1,0.999992
41890,1,0.999992
41920,1,0.999992
41940,1,0.999992
41950,1,0.999992
41970,1,0.999992
42060,1,0.999992
42090,1,0.999993
42120,1,0.999993
42130,1,0.999993
42170,1,0.999993
42190,2,0.999993
42220,1,0.999993
42670,1,0.999993
42680,1,0.999993
42700,1,0.999994
42720,2,0.999994
42730,2,0.999994
42750,1,0.999994
42760,1,0.999994
42770,3,0.999994
42780,1,0.999995
42790,2,0.999995
42800,1,0.999995
42810,4,0.999995
42820,1,0.999995
42830,1,0.999995
42840,1,0.999996
42850,1,0.999996
42880,1,0.999996
42890,1,0.999996
42900,1,0.999996
42910,1,0.999996
42920,1,0.999996
42930,2,0.999996
42940,2,0.999997
42950,2,0.999997
42960,1,0.999997
42970,1,0.999997
42980,1,0.999997
42990,1,0.999997
43000,1,0.999997
43010,2,0.999998
43020,3,0.999998
43040,1,0.999998
43050,2,0.999998
43060,2,0.999998
43070,5,0.999999
43080,1,0.999999
43090,3,0.999999
43100,2,1.000000
43110,3,1.000000
43280,1,1.000000
