#latency,cnt,cdf
50,7,0.000001
60,7,0.000001
70,10,0.000002
80,9,0.000003
90,21,0.000005
100,11,0.000007
110,19,0.000008
120,17,0.000010
130,35,0.000014
140,9,0.000015
150,7,0.000015
160,15,0.000017
170,15,0.000018
180,42,0.000022
190,30,0.000025
200,26,0.000028
210,27,0.000031
220,20,0.000033
230,29,0.000036
240,27,0.000038
250,21,0.000040
260,27,0.000043
270,27,0.000046
280,27,0.000049
290,17,0.000050
300,27,0.000053
310,30,0.000056
320,24,0.000058
330,26,0.000061
340,28,0.000064
350,21,0.000066
360,31,0.000069
370,31,0.000072
380,28,0.000075
390,24,0.000077
400,31,0.000080
410,12,0.000082
420,24,0.000084
430,24,0.000086
440,25,0.000089
450,24,0.000091
460,21,0.000093
470,24,0.000096
480,21,0.000098
490,15,0.000099
500,13,0.000101
510,18,0.000102
520,12,0.000104
530,20,0.000106
540,30,0.000109
550,17,0.000110
560,21,0.000112
570,11,0.000114
580,16,0.000115
590,18,0.000117
600,24,0.000119
610,19,0.000121
620,13,0.000123
630,20,0.000125
640,17,0.000126
650,26,0.000129
660,19,0.000131
670,20,0.000133
680,17,0.000134
690,17,0.000136
700,12,0.000137
710,20,0.000139
720,19,0.000141
730,18,0.000143
740,22,0.000145
750,20,0.000147
760,17,0.000149
770,21,0.000151
780,16,0.000153
790,23,0.000155
800,11,0.000156
810,29,0.000159
820,13,0.000160
830,19,0.000162
840,18,0.000164
850,23,0.000166
860,28,0.000169
870,27,0.000172
880,19,0.000174
890,35,0.000177
900,26,0.000180
910,30,0.000183
920,31,0.000186
930,18,0.000188
940,29,0.000191
950,20,0.000193
960,22,0.000195
970,19,0.000197
980,17,0.000198
990,26,0.000201
1000,31,0.000204
1010,31,0.000207
1020,43,0.000211
1030,33,0.000215
1040,38,0.000219
1050,28,0.000221
1060,49,0.000226
1070,28,0.000229
1080,25,0.000232
1090,31,0.000235
1100,40,0.000239
1110,34,0.000242
1120,38,0.000246
1130,33,0.000249
1140,33,0.000252
1150,44,0.000257
1160,35,0.000260
1170,39,0.000264
1180,31,0.000267
1190,36,0.000271
1200,37,0.000275
1210,47,0.000279
1220,48,0.000284
1230,33,0.000287
1240,55,0.000293
1250,33,0.000296
1260,47,0.000301
1270,40,0.000305
1280,48,0.000310
1290,49,0.000315
1300,56,0.000320
1310,46,0.000325
1320,44,0.000329
1330,41,0.000333
1340,47,0.000338
1350,52,0.000343
1360,53,0.000349
1370,49,0.000353
1380,58,0.000359
1390,42,0.000363
1400,48,0.000368
1410,59,0.000374
1420,43,0.000378
1430,66,0.000385
1440,47,0.000390
1450,54,0.000395
1460,54,0.000401
1470,53,0.000406
1480,56,0.000411
1490,59,0.000417
1500,60,0.000423
1510,60,0.000429
1520,51,0.000434
1530,56,0.000440
1540,65,0.000447
1550,67,0.000453
1560,60,0.000459
1570,72,0.000466
1580,57,0.000472
1590,82,0.000480
1600,86,0.000489
1610,76,0.000497
1620,73,0.000504
1630,68,0.000511
1640,66,0.000517
1650,100,0.000527
1660,96,0.000537
1670,82,0.000545
1680,69,0.000552
1690,88,0.000561
1700,79,0.000569
1710,91,0.000578
1720,87,0.000586
1730,101,0.000597
1740,97,0.000606
1750,117,0.000618
1760,115,0.000629
1770,106,0.000640
1780,94,0.000649
1790,97,0.000659
1800,115,0.000671
1810,100,0.000681
1820,105,0.000691
1830,132,0.000704
1840,127,0.000717
1850,108,0.000728
1860,126,0.000740
1870,130,0.000753
1880,128,0.000766
1890,128,0.000779
1900,127,0.000792
1910,146,0.000806
1920,139,0.000820
1930,138,0.000834
1940,166,0.000851
1950,142,0.000865
1960,133,0.000878
1970,153,0.000893
1980,190,0.000912
1990,168,0.000929
2000,168,0.000946
2010,179,0.000964
2020,178,0.000982
2030,177,0.000999
2040,171,0.001017
2050,178,0.001034
2060,182,0.001053
2070,200,0.001073
2080,240,0.001097
2090,203,0.001117
2100,197,0.001137
2110,197,0.001156
2120,212,0.001177
2130,246,0.001202
2140,231,0.001225
2150,222,0.001247
2160,269,0.001274
2170,271,0.001301
2180,254,0.001327
2190,240,0.001351
2200,300,0.001381
2210,313,0.001412
2220,273,0.001439
2230,294,0.001469
2240,309,0.001500
2250,287,0.001528
2260,307,0.001559
2270,318,0.001591
2280,312,0.001622
2290,341,0.001656
2300,372,0.001693
2310,339,0.001727
2320,364,0.001764
2330,368,0.001800
2340,373,0.001838
2350,394,0.001877
2360,397,0.001917
2370,396,0.001956
2380,426,0.001999
2390,400,0.002039
2400,427,0.002082
2410,463,0.002128
2420,450,0.002173
2430,462,0.002219
2440,475,0.002267
2450,522,0.002319
2460,533,0.002372
2470,543,0.002427
2480,554,0.002482
2490,548,0.002537
2500,554,0.002592
2510,552,0.002647
2520,563,0.002704
2530,564,0.002760
2540,599,0.002820
2550,637,0.002884
2560,660,0.002950
2570,618,0.003011
2580,684,0.003080
2590,673,0.003147
2600,742,0.003221
2610,745,0.003296
2620,741,0.003370
2630,750,0.003445
2640,769,0.003522
2650,829,0.003605
2660,795,0.003684
2670,870,0.003771
2680,849,0.003856
2690,893,0.003945
2700,907,0.004036
2710,935,0.004130
2720,952,0.004225
2730,936,0.004318
2740,935,0.004412
2750,974,0.004509
2760,1010,0.004610
2770,1000,0.004710
2780,1062,0.004817
2790,1051,0.004922
2800,1115,0.005033
2810,1154,0.005149
2820,1185,0.005267
2830,1194,0.005386
2840,1262,0.005513
2850,1180,0.005631
2860,1410,0.005772
2870,1292,0.005901
2880,1365,0.006037
2890,1397,0.006177
2900,1396,0.006317
2910,1437,0.006460
2920,1458,0.006606
2930,1600,0.006766
2940,1618,0.006928
2950,1540,0.007082
2960,1743,0.007256
2970,1730,0.007429
2980,1748,0.007604
2990,1785,0.007783
3000,1878,0.007970
3010,1983,0.008169
3020,1881,0.008357
3030,2030,0.008560
3040,2069,0.008767
3050,2125,0.008979
3060,2098,0.009189
3070,2163,0.009405
3080,2220,0.009627
3090,2361,0.009863
3100,2309,0.010094
3110,2423,0.010337
3120,2491,0.010586
3130,2463,0.010832
3140,2640,0.011096
3150,2621,0.011358
3160,2749,0.011633
3170,2768,0.011910
3180,2838,0.012194
3190,2906,0.012484
3200,2924,0.012777
3210,3089,0.013085
3220,3129,0.013398
3230,3216,0.013720
3240,3284,0.014048
3250,3322,0.014381
3260,3392,0.014720
3270,3566,0.015076
3280,3627,0.015439
3290,3737,0.015813
3300,3831,0.016196
3310,3984,0.016594
3320,4029,0.016997
3330,4072,0.017404
3340,4125,0.017817
3350,4381,0.018255
3360,4337,0.018689
3370,4454,0.019134
3380,4726,0.019607
3390,4691,0.020076
3400,4840,0.020560
3410,5008,0.021061
3420,5126,0.021573
3430,5173,0.022090
3440,5308,0.022621
3450,5295,0.023151
3460,5602,0.023711
3470,5877,0.024299
3480,5892,0.024888
3490,6106,0.025498
3500,6145,0.026113
3510,6445,0.026757
3520,6446,0.027402
3530,6571,0.028059
3540,6803,0.028739
3550,6967,0.029436
3560,7093,0.030145
3570,7124,0.030858
3580,7270,0.031585
3590,7437,0.032329
3600,7740,0.033103
3610,7889,0.033891
3620,8063,0.034698
3630,8386,0.035536
3640,8499,0.036386
3650,8633,0.037250
3660,8759,0.038125
3670,9016,0.039027
3680,9174,0.039944
3690,9475,0.040892
3700,9683,0.041860
3710,9874,0.042848
3720,10048,0.043852
3730,10321,0.044885
3740,10679,0.045953
3750,10751,0.047028
3760,10994,0.048127
3770,11201,0.049247
3780,11464,0.050394
3790,11782,0.051572
3800,11931,0.052765
3810,12123,0.053977
3820,12311,0.055208
3830,12598,0.056468
3840,13069,0.057775
3850,13269,0.059102
3860,13330,0.060435
3870,13677,0.061803
3880,13697,0.063172
3890,13891,0.064561
3900,14301,0.065991
3910,14851,0.067477
3920,14773,0.068954
3930,15479,0.070502
3940,15630,0.072065
3950,15680,0.073633
3960,15997,0.075232
3970,16196,0.076852
3980,16624,0.078514
3990,17023,0.080217
4000,17130,0.081930
4010,17738,0.083704
4020,17578,0.085461
4030,17977,0.087259
4040,18126,0.089072
4050,18384,0.090910
4060,19046,0.092815
4070,19123,0.094727
4080,19177,0.096645
4090,19893,0.098634
4100,20039,0.100638
4110,20387,0.102677
4120,20669,0.104744
4130,20594,0.106803
4140,21201,0.108923
4150,21692,0.111092
4160,21902,0.113282
4170,22273,0.115510
4180,22590,0.117769
4190,22697,0.120038
4200,22974,0.122336
4210,23338,0.124670
4220,23473,0.127017
4230,23979,0.129415
4240,24484,0.131863
4250,24460,0.134309
4260,24662,0.136775
4270,25299,0.139305
4280,25011,0.141807
4290,25976,0.144404
4300,25803,0.146984
4310,26168,0.149601
4320,26551,0.152256
4330,26708,0.154927
4340,27411,0.157668
4350,27384,0.160407
4360,27387,0.163145
4370,28169,0.165962
4380,28160,0.168778
4390,28640,0.171642
4400,28993,0.174542
4410,29164,0.177458
4420,29181,0.180376
4430,29536,0.183330
4440,29769,0.186307
4450,30170,0.189324
4460,30405,0.192364
4470,30574,0.195422
4480,31149,0.198536
4490,30806,0.201617
4500,31184,0.204735
4510,31296,0.207865
4520,31856,0.211051
4530,31757,0.214226
4540,31966,0.217423
4550,32141,0.220637
4560,32410,0.223878
4570,32783,0.227156
4580,32586,0.230415
4590,32925,0.233708
4600,33192,0.237027
4610,33414,0.240368
4620,33354,0.243704
4630,33803,0.247084
4640,33934,0.250477
4650,33913,0.253869
4660,34116,0.257280
4670,34661,0.260746
4680,34433,0.264190
4690,34611,0.267651
4700,35067,0.271157
4710,34823,0.274640
4720,35035,0.278143
4730,35127,0.281656
4740,35369,0.285193
4750,35386,0.288731
4760,35375,0.292269
4770,35683,0.295837
4780,35583,0.299396
4790,35332,0.302929
4800,35435,0.306472
4810,35841,0.310056
4820,36124,0.313669
4830,35978,0.317267
4840,36011,0.320868
4850,36405,0.324508
4860,36261,0.328134
4870,36140,0.331748
4880,36197,0.335368
4890,36169,0.338985
4900,35972,0.342582
4910,36202,0.346202
4920,36429,0.349845
4930,36023,0.353448
4940,36261,0.357074
4950,36581,0.360732
4960,36252,0.364357
4970,36168,0.367974
4980,36253,0.371599
4990,36032,0.375202
5000,36581,0.378860
5010,36306,0.382491
5020,36218,0.386113
5030,35965,0.389709
5040,36083,0.393318
5050,36118,0.396929
5060,35624,0.400492
5070,35528,0.404045
5080,35775,0.407622
5090,35872,0.411209
5100,35232,0.414733
5110,35264,0.418259
5120,35085,0.421768
5130,35199,0.425287
5140,34765,0.428764
5150,35152,0.432279
5160,34902,0.435769
5170,34971,0.439266
5180,34650,0.442731
5190,34320,0.446163
5200,34385,0.449602
5210,34317,0.453034
5220,34138,0.456448
5230,34024,0.459850
5240,33728,0.463223
5250,33537,0.466576
5260,33448,0.469921
5270,33300,0.473251
5280,33365,0.476588
5290,32858,0.479874
5300,33168,0.483190
5310,32841,0.486474
5320,32587,0.489733
5330,32517,0.492985
5340,32379,0.496223
5350,31740,0.499397
5360,31420,0.502539
5370,31338,0.505673
5380,31334,0.508806
5390,31164,0.511922
5400,31088,0.515031
5410,30951,0.518126
5420,30807,0.521207
5430,30553,0.524262
5440,30656,0.527328
5450,30270,0.530355
5460,29686,0.533324
5470,29715,0.536295
5480,29629,0.539258
5490,29200,0.542178
5500,29054,0.545083
5510,28741,0.547957
5520,29001,0.550858
5530,28654,0.553723
5540,28306,0.556554
5550,28148,0.559368
5560,27897,0.562158
5570,27812,0.564939
5580,27724,0.567712
5590,27107,0.570422
5600,27245,0.573147
5610,26975,0.575844
5620,26853,0.578530
5630,26684,0.581198
5640,26304,0.583829
5650,26084,0.586437
5660,25581,0.588995
5670,25692,0.591564
5680,25393,0.594104
5690,25353,0.596639
5700,25280,0.599167
5710,24755,0.601642
5720,24771,0.604120
5730,24297,0.606549
5740,24097,0.608959
5750,23991,0.611358
5760,23872,0.613745
5770,23220,0.616067
5780,23536,0.618421
5790,23078,0.620729
5800,23039,0.623033
5810,22845,0.625317
5820,22467,0.627564
5830,22138,0.629778
5840,22136,0.631991
5850,21920,0.634183
5860,22038,0.636387
5870,21696,0.638557
5880,21298,0.640686
5890,21156,0.642802
5900,21072,0.644909
5910,20911,0.647000
5920,20934,0.649094
5930,20192,0.651113
5940,20304,0.653143
5950,20049,0.655148
5960,19971,0.657145
5970,19637,0.659109
5980,19643,0.661073
5990,19376,0.663011
6000,19146,0.664926
6010,18949,0.666820
6020,18777,0.668698
6030,18755,0.670574
6040,18757,0.672449
6050,18217,0.674271
6060,17974,0.676068
6070,17869,0.677855
6080,17731,0.679628
6090,17963,0.681425
6100,17341,0.683159
6110,17209,0.684880
6120,17384,0.686618
6130,17154,0.688334
6140,16764,0.690010
6150,16443,0.691654
6160,16566,0.693311
6170,16408,0.694952
6180,16100,0.696562
6190,16136,0.698175
6200,16123,0.699788
6210,15903,0.701378
6220,15415,0.702919
6230,15593,0.704479
6240,15436,0.706022
6250,15443,0.707567
6260,15171,0.709084
6270,15079,0.710592
6280,15178,0.712109
6290,14949,0.713604
6300,14498,0.715054
6310,14614,0.716516
6320,14266,0.717942
6330,14392,0.719381
6340,14261,0.720807
6350,14234,0.722231
6360,13828,0.723614
6370,13731,0.724987
6380,13505,0.726337
6390,13679,0.727705
6400,13488,0.729054
6410,13353,0.730389
6420,13344,0.731724
6430,13097,0.733033
6440,13039,0.734337
6450,12806,0.735618
6460,12703,0.736888
6470,12506,0.738139
6480,12681,0.739407
6490,12417,0.740649
6500,12518,0.741900
6510,12333,0.743134
6520,12363,0.744370
6530,12293,0.745599
6540,11918,0.746791
6550,12257,0.748017
6560,11927,0.749210
6570,11738,0.750383
6580,11992,0.751583
6590,11698,0.752752
6600,11483,0.753901
6610,11666,0.755067
6620,11454,0.756213
6630,11245,0.757337
6640,11434,0.758481
6650,11259,0.759606
6660,11175,0.760724
6670,11248,0.761849
6680,10948,0.762944
6690,11061,0.764050
6700,10946,0.765144
6710,10917,0.766236
6720,10826,0.767319
6730,10799,0.768398
6740,10750,0.769473
6750,10657,0.770539
6760,10808,0.771620
6770,10476,0.772668
6780,10599,0.773727
6790,10424,0.774770
6800,10454,0.775815
6810,10234,0.776839
6820,10311,0.777870
6830,10286,0.778898
6840,10262,0.779925
6850,10005,0.780925
6860,10287,0.781954
6870,10026,0.782956
6880,9754,0.783932
6890,10108,0.784943
6900,9958,0.785938
6910,9878,0.786926
6920,9873,0.787914
6930,9666,0.788880
6940,9634,0.789844
6950,9542,0.790798
6960,9572,0.791755
6970,9506,0.792706
6980,9618,0.793667
6990,9495,0.794617
7000,9344,0.795551
7010,9344,0.796486
7020,9585,0.797444
7030,9292,0.798373
7040,9480,0.799321
7050,9187,0.800240
7060,9132,0.801153
7070,9284,0.802082
7080,9205,0.803002
7090,9126,0.803915
7100,8981,0.804813
7110,9041,0.805717
7120,9104,0.806627
7130,9119,0.807539
7140,9026,0.808442
7150,9004,0.809342
7160,9005,0.810243
7170,8849,0.811128
7180,8988,0.812027
7190,8852,0.812912
7200,8828,0.813794
7210,8875,0.814682
7220,8831,0.815565
7230,8861,0.816451
7240,8614,0.817313
7250,9020,0.818215
7260,8649,0.819080
7270,8532,0.819933
7280,8651,0.820798
7290,8694,0.821667
7300,8629,0.822530
7310,8562,0.823386
7320,8540,0.824240
7330,8633,0.825104
7340,8651,0.825969
7350,8358,0.826805
7360,8552,0.827660
7370,8587,0.828518
7380,8487,0.829367
7390,8518,0.830219
7400,8468,0.831066
7410,8347,0.831900
7420,8319,0.832732
7430,8412,0.833574
7440,8619,0.834435
7450,8335,0.835269
7460,8335,0.836102
7470,8343,0.836937
7480,8325,0.837769
7490,8416,0.838611
7500,8241,0.839435
7510,8046,0.840240
7520,8221,0.841062
7530,8248,0.841886
7540,8109,0.842697
7550,8132,0.843511
7560,8068,0.844317
7570,8127,0.845130
7580,8104,0.845940
7590,8208,0.846761
7600,8073,0.847569
7610,8247,0.848393
7620,8031,0.849196
7630,8009,0.849997
7640,8204,0.850818
7650,8098,0.851627
7660,8192,0.852447
7670,7996,0.853246
7680,7909,0.854037
7690,8181,0.854855
7700,8077,0.855663
7710,8139,0.856477
7720,7929,0.857270
7730,7995,0.858069
7740,8059,0.858875
7750,7976,0.859673
7760,8060,0.860479
7770,7793,0.861258
7780,8201,0.862078
7790,7920,0.862870
7800,8013,0.863671
7810,7816,0.864453
7820,7963,0.865249
7830,7964,0.866046
7840,7812,0.866827
7850,8028,0.867630
7860,7860,0.868416
7870,7793,0.869195
7880,7929,0.869988
7890,7837,0.870772
7900,7825,0.871554
7910,7817,0.872336
7920,7766,0.873112
7930,7846,0.873897
7940,7848,0.874682
7950,7779,0.875460
7960,7793,0.876239
7970,7796,0.877019
7980,7660,0.877785
7990,7837,0.878568
8000,7822,0.879351
8010,7789,0.880130
8020,7843,0.880914
8030,7686,0.881682
8040,7777,0.882460
8050,7500,0.883210
8060,7723,0.883982
8070,7672,0.884750
8080,7622,0.885512
8090,7568,0.886269
8100,7666,0.887035
8110,7589,0.887794
8120,7501,0.888544
8130,7548,0.889299
8140,7379,0.890037
8150,7417,0.890779
8160,7396,0.891518
8170,7455,0.892264
8180,7220,0.892986
8190,7400,0.893726
8200,7231,0.894449
8210,7307,0.895180
8220,7303,0.895910
8230,7353,0.896645
8240,7277,0.897373
8250,7144,0.898087
8260,7035,0.898791
8270,7183,0.899509
8280,7248,0.900234
8290,6928,0.900927
8300,7022,0.901629
8310,6965,0.902325
8320,7099,0.903035
8330,6913,0.903727
8340,6904,0.904417
8350,6909,0.905108
8360,6784,0.905786
8370,6974,0.906484
8380,6779,0.907162
8390,6851,0.907847
8400,6850,0.908532
8410,6757,0.909207
8420,6762,0.909884
8430,6958,0.910579
8440,6689,0.911248
8450,6767,0.911925
8460,6572,0.912582
8470,6617,0.913244
8480,6554,0.913899
8490,6523,0.914552
8500,6495,0.915201
8510,6605,0.915862
8520,6547,0.916516
8530,6390,0.917155
8540,6310,0.917786
8550,6274,0.918414
8560,6246,0.919038
8570,6263,0.919665
8580,6238,0.920288
8590,6342,0.920923
8600,6120,0.921535
8610,6185,0.922153
8620,6038,0.922757
8630,6101,0.923367
8640,6100,0.923977
8650,6030,0.924580
8660,5905,0.925171
8670,6010,0.925772
8680,5872,0.926359
8690,5823,0.926941
8700,5676,0.927509
8710,5833,0.928092
8720,5768,0.928669
8730,5659,0.929235
8740,5794,0.929814
8750,5693,0.930383
8760,5586,0.930942
8770,5501,0.931492
8780,5527,0.932045
8790,5505,0.932595
8800,5364,0.933132
8810,5393,0.933671
8820,5482,0.934219
8830,5425,0.934762
8840,5297,0.935291
8850,5237,0.935815
8860,5225,0.936338
8870,5056,0.936843
8880,5147,0.937358
8890,5096,0.937867
8900,5104,0.938378
8910,5096,0.938887
8920,5010,0.939388
8930,5098,0.939898
8940,4951,0.940393
8950,4846,0.940878
8960,5014,0.941379
8970,4844,0.941864
8980,4720,0.942336
8990,4867,0.942822
9000,4657,0.943288
9010,4702,0.943758
9020,4639,0.944222
9030,4667,0.944689
9040,4572,0.945146
9050,4488,0.945595
9060,4453,0.946040
9070,4467,0.946487
9080,4255,0.946912
9090,4306,0.947343
9100,4341,0.947777
9110,4273,0.948204
9120,4206,0.948625
9130,4085,0.949034
9140,4071,0.949441
9150,4065,0.949847
9160,4058,0.950253
9170,3942,0.950647
9180,4001,0.951047
9190,4066,0.951454
9200,3931,0.951847
9210,3911,0.952238
9220,3862,0.952624
9230,3754,0.953000
9240,3603,0.953360
9250,3803,0.953740
9260,3768,0.954117
9270,3663,0.954483
9280,3652,0.954849
9290,3566,0.955205
9300,3552,0.955560
9310,3614,0.955922
9320,3514,0.956273
9330,3489,0.956622
9340,3403,0.956962
9350,3224,0.957285
9360,3438,0.957629
9370,3274,0.957956
9380,3377,0.958294
9390,3254,0.958619
9400,3185,0.958938
9410,3195,0.959257
9420,3266,0.959584
9430,3138,0.959898
9440,3107,0.960208
9450,2975,0.960506
9460,2998,0.960806
9470,2961,0.961102
9480,2982,0.961400
9490,3014,0.961701
9500,2937,0.961995
9510,2862,0.962281
9520,2865,0.962568
9530,2837,0.962851
9540,2889,0.963140
9550,2829,0.963423
9560,2827,0.963706
9570,2663,0.963972
9580,2655,0.964238
9590,2593,0.964497
9600,2617,0.964759
9610,2690,0.965028
9620,2574,0.965285
9630,2643,0.965549
9640,2577,0.965807
9650,2577,0.966065
9660,2523,0.966317
9670,2421,0.966559
9680,2447,0.966804
9690,2484,0.967052
9700,2474,0.967300
9710,2376,0.967537
9720,2325,0.967770
9730,2417,0.968011
9740,2257,0.968237
9750,2281,0.968465
9760,2335,0.968699
9770,2304,0.968929
9780,2282,0.969157
9790,2215,0.969379
9800,2138,0.969593
9810,2236,0.969816
9820,2159,0.970032
9830,2202,0.970252
9840,2081,0.970460
9850,2232,0.970684
9860,2163,0.970900
9870,2085,0.971108
9880,2035,0.971312
9890,2061,0.971518
9900,1991,0.971717
9910,1981,0.971915
9920,1970,0.972112
9930,1947,0.972307
9940,1912,0.972498
9950,1880,0.972686
9960,1880,0.972874
9970,1952,0.973069
9980,1844,0.973254
9990,1857,0.973439
10000,1866,0.973626
10010,1850,0.973811
10020,1815,0.973993
10030,1707,0.974163
10040,1744,0.974338
10050,1668,0.974504
10060,1788,0.974683
10070,1832,0.974866
10080,1674,0.975034
10090,1666,0.975200
10100,1631,0.975364
10110,1704,0.975534
10120,1566,0.975691
10130,1698,0.975860
10140,1584,0.976019
10150,1594,0.976178
10160,1667,0.976345
10170,1629,0.976508
10180,1584,0.976666
10190,1527,0.976819
10200,1584,0.976977
10210,1597,0.977137
10220,1530,0.977290
10230,1540,0.977444
10240,1546,0.977599
10250,1531,0.977752
10260,1546,0.977906
10270,1506,0.978057
10280,1563,0.978213
10290,1490,0.978362
10300,1412,0.978503
10310,1470,0.978650
10320,1416,0.978792
10330,1396,0.978932
10340,1426,0.979074
10350,1462,0.979220
10360,1440,0.979364
10370,1391,0.979503
10380,1379,0.979641
10390,1427,0.979784
10400,1430,0.979927
10410,1308,0.980058
10420,1371,0.980195
10430,1410,0.980336
10440,1347,0.980471
10450,1332,0.980604
10460,1389,0.980743
10470,1318,0.980875
10480,1317,0.981006
10490,1360,0.981142
10500,1304,0.981273
10510,1248,0.981397
10520,1251,0.981523
10530,1357,0.981658
10540,1317,0.981790
10550,1268,0.981917
10560,1213,0.982038
10570,1258,0.982164
10580,1258,0.982290
10590,1236,0.982413
10600,1229,0.982536
10610,1273,0.982663
10620,1190,0.982782
10630,1255,0.982908
10640,1260,0.983034
10650,1195,0.983153
10660,1189,0.983272
10670,1228,0.983395
10680,1187,0.983514
10690,1204,0.983634
10700,1166,0.983751
10710,1161,0.983867
10720,1214,0.983988
10730,1149,0.984103
10740,1131,0.984216
10750,1095,0.984326
10760,1172,0.984443
10770,1142,0.984557
10780,1144,0.984672
10790,1131,0.984785
10800,1083,0.984893
10810,1117,0.985005
10820,1117,0.985116
10830,1119,0.985228
10840,1113,0.985340
10850,1074,0.985447
10860,1120,0.985559
10870,1068,0.985666
10880,1115,0.985777
10890,1069,0.985884
10900,1019,0.985986
10910,1057,0.986092
10920,1057,0.986198
10930,1046,0.986302
10940,1036,0.986406
10950,1038,0.986510
10960,970,0.986607
10970,1004,0.986707
10980,963,0.986803
10990,1003,0.986904
11000,971,0.987001
11010,966,0.987097
11020,1027,0.987200
11030,968,0.987297
11040,993,0.987396
11050,967,0.987493
11060,982,0.987591
11070,996,0.987691
11080,1007,0.987791
11090,983,0.987890
11100,950,0.987985
11110,968,0.988081
11120,955,0.988177
11130,987,0.988276
11140,909,0.988366
11150,918,0.988458
11160,969,0.988555
11170,895,0.988645
11180,922,0.988737
11190,936,0.988830
11200,883,0.988919
11210,909,0.989010
11220,912,0.989101
11230,897,0.989191
11240,878,0.989278
11250,910,0.989369
11260,903,0.989460
11270,836,0.989543
11280,870,0.989630
11290,873,0.989718
11300,859,0.989803
11310,851,0.989889
11320,861,0.989975
11330,837,0.990058
11340,829,0.990141
11350,877,0.990229
11360,755,0.990304
11370,853,0.990390
11380,807,0.990470
11390,800,0.990550
11400,876,0.990638
11410,782,0.990716
11420,845,0.990801
11430,812,0.990882
11440,822,0.990964
11450,782,0.991042
11460,777,0.991120
11470,799,0.991200
11480,790,0.991279
11490,789,0.991358
11500,820,0.991440
11510,792,0.991519
11520,772,0.991596
11530,778,0.991674
11540,775,0.991752
11550,764,0.991828
11560,784,0.991906
11570,721,0.991978
11580,809,0.992059
11590,717,0.992131
11600,748,0.992206
11610,712,0.992277
11620,753,0.992352
11630,699,0.992422
11640,722,0.992494
11650,691,0.992564
11660,709,0.992634
11670,672,0.992702
11680,714,0.992773
11690,622,0.992835
11700,681,0.992903
11710,668,0.992970
11720,659,0.993036
11730,677,0.993104
11740,662,0.993170
11750,675,0.993237
11760,695,0.993307
11770,660,0.993373
11780,650,0.993438
11790,637,0.993502
11800,627,0.993564
11810,638,0.993628
11820,648,0.993693
11830,597,0.993753
11840,662,0.993819
11850,615,0.993880
11860,600,0.993940
11870,576,0.993998
11880,622,0.994060
11890,610,0.994121
11900,605,0.994182
11910,588,0.994240
11920,589,0.994299
11930,575,0.994357
11940,561,0.994413
11950,596,0.994473
11960,568,0.994529
11970,553,0.994585
11980,535,0.994638
11990,565,0.994695
12000,561,0.994751
12010,542,0.994805
12020,550,0.994860
12030,561,0.994916
12040,517,0.994968
12050,539,0.995022
12060,525,0.995074
12070,495,0.995124
12080,597,0.995183
12090,542,0.995238
12100,485,0.995286
12110,510,0.995337
12120,508,0.995388
12130,505,0.995438
12140,486,0.995487
12150,524,0.995539
12160,496,0.995589
12170,516,0.995641
12180,448,0.995685
12190,423,0.995728
12200,453,0.995773
12210,478,0.995821
12220,461,0.995867
12230,476,0.995915
12240,455,0.995960
12250,416,0.996002
12260,434,0.996045
12270,460,0.996091
12280,421,0.996133
12290,448,0.996178
12300,463,0.996224
12310,423,0.996266
12320,450,0.996311
12330,425,0.996354
12340,401,0.996394
12350,412,0.996435
12360,398,0.996475
12370,423,0.996517
12380,358,0.996553
12390,394,0.996593
12400,387,0.996631
12410,360,0.996667
12420,377,0.996705
12430,374,0.996742
12440,362,0.996779
12450,363,0.996815
12460,353,0.996850
12470,364,0.996887
12480,335,0.996920
12490,350,0.996955
12500,336,0.996989
12510,336,0.997022
12520,345,0.997057
12530,323,0.997089
12540,343,0.997123
12550,341,0.997158
12560,295,0.997187
12570,331,0.997220
12580,320,0.997252
12590,318,0.997284
12600,308,0.997315
12610,330,0.997348
12620,317,0.997379
12630,282,0.997408
12640,270,0.997435
12650,315,0.997466
12660,283,0.997494
12670,253,0.997520
12680,275,0.997547
12690,291,0.997576
12700,289,0.997605
12710,278,0.997633
12720,254,0.997658
12730,235,0.997682
12740,244,0.997706
12750,258,0.997732
12760,263,0.997758
12770,246,0.997783
12780,232,0.997806
12790,268,0.997833
12800,265,0.997859
12810,250,0.997885
12820,260,0.997910
12830,225,0.997933
12840,250,0.997958
12850,237,0.997982
12860,234,0.998005
12870,241,0.998029
12880,238,0.998053
12890,202,0.998073
12900,206,0.998094
12910,245,0.998118
12920,221,0.998140
12930,196,0.998160
12940,205,0.998181
12950,210,0.998201
12960,196,0.998221
12970,202,0.998241
12980,200,0.998261
12990,204,0.998282
13000,198,0.998302
13010,191,0.998321
13020,180,0.998339
13030,194,0.998358
13040,185,0.998376
13050,186,0.998395
13060,171,0.998412
13070,160,0.998428
13080,173,0.998446
13090,175,0.998463
13100,175,0.998480
13110,185,0.998499
13120,192,0.998518
13130,159,0.998534
13140,155,0.998550
13150,171,0.998567
13160,164,0.998583
13170,150,0.998598
13180,142,0.998612
13190,127,0.998625
13200,140,0.998639
13210,146,0.998654
13220,141,0.998668
13230,139,0.998682
13240,146,0.998696
13250,134,0.998710
13260,141,0.998724
13270,167,0.998740
13280,145,0.998755
13290,150,0.998770
13300,142,0.998784
13310,128,0.998797
13320,130,0.998810
13330,129,0.998823
13340,140,0.998837
13350,129,0.998850
13360,136,0.998863
13370,127,0.998876
13380,122,0.998888
13390,122,0.998900
13400,103,0.998911
13410,124,0.998923
13420,111,0.998934
13430,117,0.998946
13440,105,0.998956
13450,116,0.998968
13460,108,0.998979
13470,84,0.998987
13480,118,0.998999
13490,105,0.999009
13500,105,0.999020
13510,101,0.999030
13520,97,0.999040
13530,83,0.999048
13540,82,0.999056
13550,82,0.999065
13560,87,0.999073
13570,86,0.999082
13580,100,0.999092
13590,93,0.999101
13600,106,0.999112
13610,94,0.999121
13620,78,0.999129
13630,93,0.999138
13640,86,0.999147
13650,76,0.999154
13660,97,0.999164
13670,94,0.999174
13680,60,0.999179
13690,97,0.999189
13700,74,0.999197
13710,73,0.999204
13720,69,0.999211
13730,70,0.999218
13740,65,0.999224
13750,82,0.999232
13760,58,0.999238
13770,72,0.999246
13780,52,0.999251
13790,67,0.999257
13800,78,0.999265
13810,58,0.999271
13820,76,0.999279
13830,68,0.999285
13840,61,0.999291
13850,64,0.999298
13860,59,0.999304
13870,60,0.999310
13880,58,0.999316
13890,56,0.999321
13900,49,0.999326
13910,53,0.999331
13920,63,0.999338
13930,48,0.999343
13940,43,0.999347
13950,52,0.999352
13960,36,0.999356
13970,48,0.999360
13980,48,0.999365
13990,55,0.999371
14000,53,0.999376
14010,53,0.999381
14020,37,0.999385
14030,48,0.999390
14040,46,0.999394
14050,48,0.999399
14060,37,0.999403
14070,26,0.999406
14080,36,0.999409
14090,39,0.999413
14100,39,0.999417
14110,39,0.999421
14120,28,0.999424
14130,36,0.999427
14140,49,0.999432
14150,43,0.999436
14160,47,0.999441
14170,28,0.999444
14180,34,0.999447
14190,29,0.999450
14200,28,0.999453
14210,31,0.999456
14220,29,0.999459
14230,28,0.999462
14240,26,0.999464
14250,30,0.999467
14260,32,0.999471
14270,27,0.999473
14280,27,0.999476
14290,36,0.999480
14300,35,0.999483
14310,36,0.999487
14320,31,0.999490
14330,24,0.999492
14340,27,0.999495
14350,32,0.999498
14360,19,0.999500
14370,29,0.999503
14380,15,0.999504
14390,24,0.999507
14400,18,0.999509
14410,26,0.999511
14420,22,0.999513
14430,17,0.999515
14440,23,0.999517
14450,22,0.999520
14460,22,0.999522
14470,18,0.999524
14480,29,0.999527
14490,23,0.999529
14500,23,0.999531
14510,25,0.999534
14520,26,0.999536
14530,24,0.999539
14540,23,0.999541
14550,18,0.999543
14560,24,0.999545
14570,24,0.999547
14580,13,0.999549
14590,16,0.999550
14600,15,0.999552
14610,12,0.999553
14620,19,0.999555
14630,18,0.999557
14640,17,0.999559
14650,20,0.999560
14660,21,0.999563
14670,11,0.999564
14680,18,0.999565
14690,16,0.999567
14700,17,0.999569
14710,8,0.999570
14720,12,0.999571
14730,13,0.999572
14740,17,0.999574
14750,11,0.999575
14760,17,0.999577
14770,18,0.999578
14780,14,0.999580
14790,19,0.999582
14800,13,0.999583
14810,16,0.999585
14820,18,0.999586
14830,19,0.999588
14840,19,0.999590
14850,17,0.999592
14860,11,0.999593
14870,16,0.999595
14880,14,0.999596
14890,15,0.999597
14900,10,0.999599
14910,9,0.999599
14920,13,0.999601
14930,23,0.999603
14940,9,0.999604
14950,9,0.999605
14960,19,0.999607
14970,17,0.999608
14980,8,0.999609
14990,13,0.999610
15000,13,0.999612
15010,14,0.999613
15020,7,0.999614
15030,14,0.999615
15040,11,0.999616
15050,14,0.999618
15060,12,0.999619
15070,13,0.999620
15080,12,0.999622
15090,8,0.999622
15100,12,0.999623
15110,14,0.999625
15120,11,0.999626
15130,12,0.999627
15140,13,0.999628
15150,14,0.999630
15160,7,0.999631
15170,7,0.999631
15180,5,0.999632
15190,10,0.999633
15200,16,0.999634
15210,13,0.999636
15220,7,0.999636
15230,12,0.999638
15240,8,0.999638
15250,12,0.999640
15260,3,0.999640
15270,13,0.999641
15280,5,0.999642
15290,7,0.999642
15300,17,0.999644
15310,9,0.999645
15320,16,0.999647
15330,15,0.999648
15340,4,0.999649
15350,7,0.999649
15360,6,0.999650
15370,12,0.999651
15380,7,0.999652
15390,12,0.999653
15400,8,0.999654
15410,11,0.999655
15420,8,0.999656
15430,9,0.999656
15440,10,0.999658
15450,14,0.999659
15460,20,0.999661
15470,13,0.999662
15480,15,0.999664
15490,11,0.999665
15500,8,0.999666
15510,8,0.999666
15520,9,0.999667
15530,8,0.999668
15540,15,0.999670
15550,7,0.999670
15560,7,0.999671
15570,6,0.999672
15580,7,0.999672
15590,7,0.999673
15600,3,0.999673
15610,14,0.999675
15620,10,0.999676
15630,11,0.999677
15640,5,0.999677
15650,5,0.999678
15660,7,0.999678
15670,6,0.999679
15680,5,0.999680
15690,7,0.999680
15700,12,0.999681
15710,6,0.999682
15720,5,0.999683
15730,12,0.999684
15740,2,0.999684
15750,6,0.999685
15760,6,0.999685
15770,5,0.999686
15780,6,0.999686
15790,3,0.999687
15800,4,0.999687
15810,6,0.999688
15820,7,0.999688
15830,3,0.999689
15840,4,0.999689
15850,4,0.999689
15860,8,0.999690
15870,7,0.999691
15880,5,0.999691
15890,7,0.999692
15900,2,0.999692
15910,7,0.999693
15920,10,0.999694
15930,9,0.999695
15940,3,0.999695
15950,10,0.999696
15960,4,0.999697
15970,3,0.999697
15980,3,0.999697
15990,3,0.999698
16000,11,0.999699
16010,8,0.999699
16020,3,0.999700
16030,3,0.999700
16040,4,0.999700
16050,4,0.999701
16060,3,0.999701
16070,5,0.999702
16080,4,0.999702
16090,4,0.999702
16100,3,0.999703
16110,3,0.999703
16120,4,0.999703
16130,4,0.999704
16140,3,0.999704
16150,4,0.999704
16160,2,0.999705
16170,4,0.999705
16180,6,0.999706
16190,4,0.999706
16200,3,0.999706
16210,6,0.999707
16220,6,0.999708
16230,3,0.999708
16240,2,0.999708
16250,3,0.999708
16260,4,0.999709
16270,8,0.999710
16280,5,0.999710
16290,3,0.999710
16300,2,0.999711
16310,2,0.999711
16320,8,0.999712
16330,4,0.999712
16340,5,0.999713
16350,1,0.999713
16360,7,0.999713
16370,1,0.999713
16380,4,0.999714
16390,2,0.999714
16400,3,0.999714
16410,3,0.999715
16420,3,0.999715
16430,3,0.999715
16440,3,0.999716
16450,3,0.999716
16460,1,0.999716
16470,4,0.999716
16480,4,0.999717
16490,3,0.999717
16500,4,0.999717
16510,4,0.999718
16520,3,0.999718
16530,5,0.999719
16540,4,0.999719
16550,1,0.999719
16560,6,0.999720
16570,1,0.999720
16580,9,0.999721
16600,3,0.999721
16610,4,0.999721
16620,2,0.999722
16630,5,0.999722
16640,6,0.999723
16650,2,0.999723
16660,1,0.999723
16670,1,0.999723
16680,5,0.999724
16690,5,0.999724
16700,1,0.999724
16710,5,0.999725
16720,3,0.999725
16730,4,0.999725
16750,2,0.999726
16760,4,0.999726
16770,2,0.999726
16780,1,0.999726
16790,3,0.999727
16820,3,0.999727
16840,3,0.999727
16850,2,0.999727
16860,3,0.999728
16870,1,0.999728
16880,2,0.999728
16890,2,0.999728
16900,5,0.999729
16910,1,0.999729
16920,1,0.999729
16930,1,0.999729
16940,3,0.999729
16950,3,0.999730
16980,3,0.999730
16990,4,0.999730
17010,2,0.999731
17020,1,0.999731
17030,1,0.999731
17050,2,0.999731
17060,1,0.999731
17070,2,0.999731
17080,5,0.999732
17090,2,0.999732
17120,5,0.999732
17130,1,0.999732
17140,2,0.999733
17150,1,0.999733
17160,3,0.999733
17170,3,0.999733
17200,1,0.999734
17220,1,0.999734
17230,2,0.999734
17240,1,0.999734
17260,1,0.999734
17270,1,0.999734
17280,2,0.999734
17290,2,0.999735
17300,1,0.999735
17310,1,0.999735
17320,2,0.999735
17370,2,0.999735
17380,1,0.999735
17410,1,0.999735
17420,1,0.999735
17440,1,0.999735
17480,2,0.999736
17520,1,0.999736
17550,2,0.999736
17560,3,0.999736
17580,1,0.999736
17590,3,0.999737
17600,1,0.999737
17610,1,0.999737
17630,1,0.999737
17650,3,0.999737
17660,3,0.999738
17700,1,0.999738
17720,1,0.999738
17770,2,0.999738
17780,1,0.999738
17790,1,0.999738
17800,1,0.999738
17810,2,0.999739
17820,1,0.999739
17830,1,0.999739
17840,1,0.999739
17860,2,0.999739
17870,2,0.999739
17890,2,0.999739
17910,2,0.999740
17920,3,0.999740
17950,1,0.999740
17970,2,0.999740
17990,3,0.999740
18010,3,0.999741
18020,2,0.999741
18040,1,0.999741
18050,2,0.999741
18060,1,0.999741
18070,1,0.999741
18080,1,0.999742
18100,1,0.999742
18130,3,0.999742
18140,2,0.999742
18160,3,0.999743
18170,1,0.999743
18190,1,0.999743
18220,1,0.999743
18230,1,0.999743
18240,3,0.999743
18270,1,0.999743
18280,1,0.999743
18290,1,0.999744
18310,2,0.999744
18330,2,0.999744
18350,2,0.999744
18360,3,0.999744
18370,1,0.999744
18380,1,0.999745
18390,1,0.999745
18400,1,0.999745
18410,2,0.999745
18420,1,0.999745
18430,3,0.999745
18440,2,0.999746
18450,2,0.999746
18460,1,0.999746
18470,1,0.999746
18480,1,0.999746
18490,1,0.999746
18500,2,0.999746
18510,3,0.999747
18520,4,0.999747
18530,2,0.999747
18540,1,0.999747
18550,3,0.999748
18580,3,0.999748
18590,2,0.999748
18600,1,0.999748
18610,2,0.999749
18620,4,0.999749
18630,1,0.999749
18640,2,0.999749
18650,2,0.999749
18680,2,0.999750
18690,1,0.999750
18710,1,0.999750
18720,2,0.999750
18740,2,0.999750
18750,1,0.999750
18760,1,0.999750
18770,1,0.999750
18780,2,0.999751
18790,1,0.999751
18810,1,0.999751
18830,1,0.999751
18850,1,0.999751
18860,1,0.999751
18870,1,0.999751
18880,3,0.999752
18900,2,0.999752
18920,1,0.999752
18950,1,0.999752
18970,2,0.999752
18980,1,0.999752
18990,2,0.999753
19000,3,0.999753
19010,2,0.999753
19030,1,0.999753
19040,1,0.999753
19050,1,0.999753
19080,3,0.999754
19100,1,0.999754
19110,1,0.999754
19120,2,0.999754
19140,1,0.999754
19150,1,0.999754
19220,1,0.999754
19230,1,0.999754
19240,2,0.999755
19260,1,0.999755
19270,2,0.999755
19280,3,0.999755
19290,1,0.999755
19330,1,0.999755
19340,1,0.999756
19350,1,0.999756
19360,2,0.999756
19370,1,0.999756
19380,1,0.999756
19410,1,0.999756
19420,2,0.999756
19440,2,0.999757
19450,1,0.999757
19460,1,0.999757
19480,1,0.999757
19490,1,0.999757
19500,1,0.999757
19510,1,0.999757
19520,1,0.999757
19530,1,0.999757
19540,1,0.999757
19550,1,0.999758
19560,1,0.999758
19580,3,0.999758
19590,2,0.999758
19610,1,0.999758
19620,1,0.999758
19640,1,0.999758
19650,1,0.999758
19670,1,0.999759
19680,3,0.999759
19700,3,0.999759
19720,1,0.999759
19730,1,0.999759
19750,1,0.999759
19770,1,0.999760
19810,1,0.999760
19820,1,0.999760
19830,1,0.999760
19850,1,0.999760
19900,1,0.999760
19920,2,0.999760
19930,2,0.999761
19990,2,0.999761
20020,2,0.999761
20040,1,0.999761
20050,2,0.999761
20060,1,0.999761
20080,1,0.999761
20110,2,0.999762
20130,3,0.999762
20140,1,0.999762
20170,1,0.999762
20190,1,0.999762
20210,1,0.999762
20260,1,0.999762
20310,1,0.999762
20330,2,0.999763
20440,1,0.999763
20460,1,0.999763
20540,1,0.999763
20550,1,0.999763
20560,1,0.999763
20580,1,0.999763
20590,1,0.999763
20600,2,0.999764
20640,1,0.999764
20670,1,0.999764
20690,4,0.999764
20710,1,0.999764
20720,1,0.999764
20740,1,0.999765
20750,1,0.999765
20800,2,0.999765
20820,3,0.999765
20840,1,0.999765
20850,1,0.999765
20860,1,0.999765
20870,2,0.999766
20890,1,0.999766
20900,2,0.999766
20960,1,0.999766
20970,3,0.999766
21060,1,0.999766
21070,1,0.999767
21090,1,0.999767
21110,2,0.999767
21120,2,0.999767
21170,1,0.999767
21180,1,0.999767
21200,1,0.999767
21240,1,0.999767
21280,1,0.999767
21400,1,0.999768
21470,1,0.999768
21480,1,0.999768
21540,1,0.999768
21580,1,0.999768
21590,1,0.999768
21600,1,0.999768
21650,1,0.999768
21670,2,0.999768
21690,1,0.999769
21700,2,0.999769
21730,2,0.999769
21750,2,0.999769
21770,3,0.999770
21790,1,0.999770
21810,1,0.999770
21830,1,0.999770
21840,1,0.999770
21860,2,0.999770
21880,1,0.999770
21900,1,0.999770
21940,2,0.999771
21960,3,0.999771
21970,2,0.999771
22010,2,0.999771
22040,1,0.999771
22070,1,0.999771
22080,1,0.999771
22100,1,0.999772
22120,1,0.999772
22130,2,0.999772
22140,1,0.999772
22150,2,0.999772
22170,1,0.999772
22180,2,0.999772
22190,1,0.999773
22220,3,0.999773
22230,1,0.999773
22240,1,0.999773
22260,2,0.999773
22280,1,0.999773
22290,1,0.999774
22330,1,0.999774
22400,1,0.999774
22410,1,0.999774
22420,1,0.999774
22440,2,0.999774
22450,2,0.999774
22500,1,0.999774
22540,1,0.999775
22590,1,0.999775
22620,2,0.999775
22640,1,0.999775
22660,4,0.999775
22670,1,0.999775
22680,1,0.999776
22690,2,0.999776
22700,2,0.999776
22710,1,0.999776
22720,3,0.999776
22730,2,0.999776
22740,1,0.999777
22760,2,0.999777
22770,4,0.999777
22780,1,0.999777
22790,4,0.999778
22820,3,0.999778
22830,1,0.999778
22840,1,0.999778
22850,2,0.999778
22860,2,0.999779
22870,2,0.999779
22880,3,0.999779
22890,2,0.999779
22900,3,0.999780
22910,2,0.999780
22920,2,0.999780
22930,2,0.999780
22940,3,0.999780
22950,3,0.999781
22960,2,0.999781
22970,3,0.999781
22980,1,0.999781
22990,1,0.999781
23000,4,0.999782
23010,1,0.999782
23020,4,0.999782
23030,1,0.999783
23040,1,0.999783
23050,4,0.999783
23060,1,0.999783
23070,2,0.999783
23080,1,0.999783
23110,2,0.999784
23120,1,0.999784
23130,4,0.999784
23140,2,0.999784
23150,1,0.999784
23170,2,0.999785
23180,1,0.999785
23190,4,0.999785
23210,3,0.999785
23220,1,0.999785
23230,1,0.999786
23240,2,0.999786
23250,1,0.999786
23260,1,0.999786
23290,1,0.999786
23300,3,0.999786
23330,2,0.999787
23340,1,0.999787
23350,2,0.999787
23370,1,0.999787
23380,1,0.999787
23410,1,0.999787
23420,2,0.999787
23430,1,0.999788
23450,2,0.999788
23460,2,0.999788
23470,1,0.999788
23480,1,0.999788
23530,1,0.999788
23540,1,0.999788
23550,1,0.999788
23560,1,0.999789
23570,3,0.999789
23580,2,0.999789
23590,1,0.999789
23600,4,0.999789
23610,1,0.999790
23620,3,0.999790
23630,1,0.999790
23650,2,0.999790
23660,1,0.999790
23680,2,0.999790
23690,1,0.999791
23700,4,0.999791
23710,3,0.999791
23720,1,0.999791
23730,2,0.999792
23740,1,0.999792
23750,3,0.999792
23760,1,0.999792
23770,3,0.999792
23780,1,0.999793
23790,1,0.999793
23800,1,0.999793
23810,2,0.999793
23820,2,0.999793
23830,2,0.999793
23840,2,0.999793
23850,3,0.999794
23860,4,0.999794
23870,2,0.999794
23880,3,0.999795
23890,2,0.999795
23900,2,0.999795
23910,2,0.999795
23920,3,0.999796
23930,2,0.999796
23940,1,0.999796
23950,2,0.999796
23960,3,0.999796
23970,3,0.999797
23980,2,0.999797
23990,2,0.999797
24000,1,0.999797
24010,4,0.999798
24020,1,0.999798
24030,1,0.999798
24040,2,0.999798
24050,2,0.999798
24060,1,0.999798
24070,2,0.999798
24080,2,0.999799
24090,1,0.999799
24100,2,0.999799
24140,3,0.999799
24150,2,0.999799
24160,3,0.999800
24170,3,0.999800
24200,3,0.999800
24210,4,0.999801
24220,2,0.999801
24230,1,0.999801
24240,1,0.999801
24250,1,0.999801
24260,7,0.999802
24280,4,0.999802
24290,3,0.999803
24300,2,0.999803
24310,5,0.999803
24320,3,0.999804
24330,5,0.999804
24340,3,0.999804
24350,1,0.999805
24360,1,0.999805
24370,6,0.999805
24380,2,0.999806
24390,1,0.999806
24400,1,0.999806
24410,5,0.999806
24420,1,0.999806
24430,4,0.999807
24440,7,0.999807
24450,3,0.999808
24460,6,0.999808
24470,5,0.999809
24480,4,0.999809
24490,3,0.999810
24500,4,0.999810
24510,2,0.999810
24520,2,0.999810
24530,4,0.999811
24540,4,0.999811
24550,2,0.999811
24560,3,0.999812
24580,3,0.999812
24590,2,0.999812
24610,5,0.999813
24620,5,0.999813
24630,3,0.999813
24650,4,0.999814
24660,3,0.999814
24670,5,0.999815
24680,4,0.999815
24690,2,0.999815
24700,4,0.999816
24720,4,0.999816
24730,2,0.999816
24740,2,0.999816
24750,5,0.999817
24760,3,0.999817
24770,1,0.999817
24780,8,0.999818
24790,4,0.999819
24800,1,0.999819
24810,4,0.999819
24820,6,0.999820
24830,6,0.999820
24840,2,0.999820
24850,4,0.999821
24860,1,0.999821
24870,6,0.999821
24880,2,0.999822
24890,8,0.999822
24900,1,0.999823
24920,2,0.999823
24930,4,0.999823
24940,7,0.999824
24950,5,0.999824
24960,2,0.999825
24970,5,0.999825
24980,2,0.999825
24990,6,0.999826
25000,1,0.999826
25010,10,0.999827
25020,8,0.999828
25030,3,0.999828
25040,4,0.999829
25060,7,0.999829
25070,4,0.999830
25080,5,0.999830
25090,3,0.999830
25100,7,0.999831
25110,6,0.999832
25120,4,0.999832
25130,2,0.999832
25140,6,0.999833
25150,5,0.999833
25160,2,0.999834
25170,3,0.999834
25180,3,0.999834
25190,8,0.999835
25200,7,0.999836
25210,3,0.999836
25220,5,0.999837
25230,2,0.999837
25240,4,0.999837
25250,3,0.999837
25260,7,0.999838
25270,2,0.999838
25280,3,0.999839
25290,7,0.999839
25300,3,0.999840
25310,4,0.999840
25320,2,0.999840
25330,2,0.999840
25340,7,0.999841
25350,4,0.999842
25360,4,0.999842
25380,5,0.999842
25390,4,0.999843
25410,5,0.999843
25420,4,0.999844
25430,2,0.999844
25440,3,0.999844
25450,2,0.999844
25460,4,0.999845
25470,4,0.999845
25480,3,0.999846
25490,1,0.999846
25500,1,0.999846
25510,2,0.999846
25520,3,0.999846
25530,2,0.999846
25540,2,0.999847
25550,1,0.999847
25560,4,0.999847
25570,2,0.999847
25580,1,0.999847
25590,3,0.999848
25600,3,0.999848
25620,2,0.999848
25630,1,0.999848
25640,1,0.999848
25650,3,0.999849
25660,1,0.999849
25680,2,0.999849
25690,2,0.999849
25700,2,0.999849
25720,1,0.999849
25740,1,0.999850
25750,1,0.999850
25760,6,0.999850
25770,5,0.999851
25780,2,0.999851
25790,2,0.999851
25800,1,0.999851
25810,2,0.999852
25820,2,0.999852
25830,3,0.999852
25840,1,0.999852
25850,6,0.999853
25860,1,0.999853
25870,1,0.999853
25880,2,0.999853
25890,2,0.999853
25900,1,0.999853
25910,2,0.999854
25920,2,0.999854
25930,2,0.999854
25940,3,0.999854
25950,4,0.999855
25960,2,0.999855
25970,1,0.999855
25980,4,0.999855
25990,2,0.999856
26000,1,0.999856
26010,3,0.999856
26020,2,0.999856
26030,3,0.999856
26040,1,0.999857
26050,1,0.999857
26060,3,0.999857
26070,2,0.999857
26080,1,0.999857
26090,2,0.999857
26100,1,0.999858
26110,2,0.999858
26120,6,0.999858
26130,2,0.999859
26150,3,0.999859
26160,1,0.999859
26170,2,0.999859
26180,2,0.999859
26190,7,0.999860
26200,2,0.999860
26220,2,0.999861
26230,3,0.999861
26240,4,0.999861
26250,3,0.999861
26260,3,0.999862
26270,4,0.999862
26280,2,0.999862
26290,3,0.999863
26300,3,0.999863
26310,3,0.999863
26320,1,0.999863
26330,3,0.999864
26350,2,0.999864
26360,2,0.999864
26370,4,0.999865
26380,2,0.999865
26400,7,0.999865
26410,2,0.999866
26420,1,0.999866
26440,6,0.999866
26450,1,0.999866
26460,1,0.999866
26470,2,0.999867
26480,5,0.999867
26490,2,0.999867
26500,2,0.999868
26510,2,0.999868
26520,3,0.999868
26530,6,0.999869
26540,5,0.999869
26560,5,0.999870
26570,1,0.999870
26590,7,0.999870
26600,3,0.999871
26610,1,0.999871
26620,7,0.999872
26630,3,0.999872
26640,3,0.999872
26650,5,0.999873
26660,4,0.999873
26670,2,0.999873
26680,4,0.999874
26690,4,0.999874
26700,2,0.999874
26710,3,0.999875
26720,2,0.999875
26730,3,0.999875
26740,2,0.999875
26750,1,0.999875
26760,1,0.999875
26770,6,0.999876
26780,2,0.999876
26790,1,0.999876
26800,2,0.999877
26810,4,0.999877
26820,2,0.999877
26830,2,0.999877
26840,5,0.999878
26850,2,0.999878
26860,1,0.999878
26870,2,0.999878
26880,3,0.999879
26890,2,0.999879
26900,3,0.999879
26910,4,0.999880
26920,4,0.999880
26930,3,0.999880
26940,1,0.999880
26950,2,0.999881
26960,1,0.999881
26970,4,0.999881
26980,4,0.999882
26990,2,0.999882
27000,1,0.999882
27010,2,0.999882
27020,2,0.999882
27030,2,0.999882
27040,1,0.999883
27050,1,0.999883
27060,2,0.999883
27080,3,0.999883
27090,1,0.999883
27100,1,0.999883
27130,4,0.999884
27150,1,0.999884
27160,2,0.999884
27170,1,0.999884
27180,2,0.999884
27190,1,0.999884
27200,3,0.999885
27210,2,0.999885
27220,1,0.999885
27230,1,0.999885
27240,3,0.999885
27250,3,0.999886
27260,4,0.999886
27270,1,0.999886
27280,2,0.999886
27290,1,0.999887
27300,2,0.999887
27320,1,0.999887
27330,1,0.999887
27340,5,0.999887
27350,5,0.999888
27360,1,0.999888
27370,3,0.999888
27380,2,0.999888
27390,2,0.999889
27420,4,0.999889
27430,2,0.999889
27450,1,0.999889
27460,3,0.999890
27470,2,0.999890
27490,4,0.999890
27520,1,0.999890
27530,2,0.999891
27540,2,0.999891
27550,2,0.999891
27560,4,0.999891
27570,2,0.999892
27580,1,0.999892
27590,1,0.999892
27600,3,0.999892
27610,2,0.999892
27620,2,0.999892
27630,3,0.999893
27640,3,0.999893
27650,2,0.999893
27660,3,0.999894
27670,1,0.999894
27680,4,0.999894
27690,3,0.999894
27700,3,0.999895
27710,3,0.999895
27720,1,0.999895
27730,2,0.999895
27740,3,0.999896
27750,1,0.999896
27760,2,0.999896
27770,1,0.999896
27780,1,0.999896
27800,2,0.999896
27810,3,0.999897
27820,2,0.999897
27830,4,0.999897
27840,4,0.999898
27850,1,0.999898
27860,4,0.999898
27870,2,0.999898
27880,1,0.999898
27890,4,0.999899
27910,3,0.999899
27920,1,0.999899
27930,1,0.999899
27940,1,0.999899
27950,2,0.999900
27960,1,0.999900
27970,2,0.999900
27980,1,0.999900
27990,1,0.999900
28000,2,0.999900
28010,2,0.999901
28030,1,0.999901
28050,4,0.999901
28060,1,0.999901
28070,2,0.999901
28080,1,0.999901
28090,2,0.999902
28100,1,0.999902
28110,4,0.999902
28120,1,0.999902
28150,1,0.999902
28170,2,0.999902
28180,1,0.999903
28190,1,0.999903
28200,2,0.999903
28210,2,0.999903
28230,1,0.999903
28250,1,0.999903
28260,1,0.999903
28270,1,0.999904
28280,2,0.999904
28300,6,0.999904
28310,4,0.999905
28320,1,0.999905
28340,1,0.999905
28350,3,0.999905
28360,3,0.999906
28370,2,0.999906
28390,7,0.999906
28400,2,0.999907
28410,1,0.999907
28430,4,0.999907
28440,1,0.999907
28450,3,0.999907
28460,1,0.999908
28470,1,0.999908
28480,2,0.999908
28500,1,0.999908
28510,5,0.999909
28520,1,0.999909
28530,1,0.999909
28540,2,0.999909
28560,1,0.999909
28570,4,0.999909
28590,2,0.999910
28600,1,0.999910
28610,1,0.999910
28620,5,0.999910
28630,1,0.999910
28640,1,0.999910
28650,2,0.999911
28670,1,0.999911
28680,1,0.999911
28690,1,0.999911
28700,2,0.999911
28710,2,0.999911
28720,1,0.999911
28730,1,0.999912
28740,4,0.999912
28750,1,0.999912
28770,1,0.999912
28780,2,0.999912
28790,1,0.999913
28810,2,0.999913
28820,2,0.999913
28830,1,0.999913
28840,1,0.999913
28850,1,0.999913
28860,1,0.999913
28870,2,0.999914
28880,2,0.999914
28890,4,0.999914
28900,1,0.999914
28910,4,0.999915
28920,3,0.999915
28930,1,0.999915
28940,3,0.999915
28950,2,0.999915
28960,2,0.999916
28970,2,0.999916
28980,2,0.999916
29000,6,0.999917
29010,4,0.999917
29020,1,0.999917
29030,1,0.999917
29040,1,0.999917
29050,2,0.999918
29060,3,0.999918
29070,3,0.999918
29080,3,0.999919
29090,2,0.999919
29100,2,0.999919
29110,3,0.999919
29120,1,0.999919
29130,1,0.999919
29140,3,0.999920
29150,1,0.999920
29170,1,0.999920
29180,2,0.999920
29200,6,0.999921
29210,1,0.999921
29220,1,0.999921
29230,3,0.999921
29240,1,0.999921
29260,3,0.999922
29290,2,0.999922
29300,3,0.999922
29310,3,0.999922
29320,3,0.999923
29330,2,0.999923
29350,2,0.999923
29360,2,0.999923
29370,1,0.999923
29380,1,0.999924
29390,2,0.999924
29400,3,0.999924
29410,3,0.999924
29420,4,0.999925
29430,2,0.999925
29440,6,0.999925
29450,2,0.999926
29460,3,0.999926
29470,3,0.999926
29480,2,0.999927
29490,1,0.999927
29500,6,0.999927
29510,3,0.999928
29530,8,0.999928
29540,4,0.999929
29550,3,0.999929
29560,5,0.999929
29570,2,0.999930
29580,1,0.999930
29600,1,0.999930
29610,2,0.999930
29620,2,0.999930
29630,2,0.999931
29640,3,0.999931
29650,3,0.999931
29660,3,0.999931
29670,2,0.999932
29680,6,0.999932
29690,4,0.999933
29700,6,0.999933
29710,1,0.999933
29720,1,0.999933
29730,4,0.999934
29740,2,0.999934
29750,3,0.999934
29760,5,0.999935
29770,4,0.999935
29780,2,0.999935
29790,2,0.999936
29800,2,0.999936
29810,4,0.999936
29820,2,0.999936
29830,3,0.999937
29840,3,0.999937
29850,4,0.999937
29860,2,0.999938
29870,3,0.999938
29880,4,0.999938
29900,3,0.999939
29910,2,0.999939
29920,2,0.999939
29930,3,0.999939
29940,3,0.999940
29950,2,0.999940
29960,1,0.999940
29970,1,0.999940
29980,1,0.999940
29990,1,0.999940
30000,2,0.999940
30020,1,0.999941
30030,2,0.999941
30060,4,0.999941
30070,1,0.999941
30080,1,0.999941
30090,2,0.999942
30100,1,0.999942
30110,1,0.999942
30120,2,0.999942
30130,2,0.999942
30140,1,0.999942
30150,2,0.999942
30170,1,0.999942
30180,3,0.999943
30190,1,0.999943
30220,1,0.999943
30230,1,0.999943
30260,2,0.999943
30270,1,0.999943
30280,1,0.999943
30300,1,0.999944
30310,1,0.999944
30370,3,0.999944
30390,1,0.999944
30410,2,0.999944
30430,1,0.999944
30450,2,0.999945
30460,1,0.999945
30470,1,0.999945
30490,2,0.999945
30510,1,0.999945
30530,1,0.999945
30540,1,0.999945
30580,1,0.999945
30590,2,0.999946
30630,1,0.999946
30640,2,0.999946
30650,2,0.999946
30660,2,0.999946
30670,1,0.999946
30680,1,0.999946
30690,1,0.999947
30700,1,0.999947
30750,1,0.999947
30760,1,0.999947
30800,1,0.999947
30810,1,0.999947
30830,1,0.999947
30840,1,0.999947
30880,1,0.999947
30960,1,0.999947
30970,1,0.999948
30980,1,0.999948
31000,1,0.999948
31020,2,0.999948
31040,1,0.999948
31050,1,0.999948
31060,1,0.999948
31080,2,0.999949
31090,1,0.999949
31100,1,0.999949
31110,1,0.999949
31130,3,0.999949
31150,2,0.999949
31160,2,0.999950
31170,2,0.999950
31190,1,0.999950
31200,2,0.999950
31220,1,0.999950
31230,1,0.999950
31270,1,0.999950
31280,2,0.999951
31290,3,0.999951
31310,1,0.999951
31330,1,0.999951
31340,1,0.999951
31350,1,0.999951
31360,1,0.999951
31380,2,0.999951
31400,1,0.999952
31420,1,0.999952
31430,2,0.999952
31440,2,0.999952
31460,1,0.999952
31520,1,0.999952
31560,1,0.999952
31690,1,0.999952
31800,1,0.999953
31870,1,0.999953
31910,1,0.999953
31920,1,0.999953
31930,1,0.999953
31940,1,0.999953
31990,1,0.999953
32000,1,0.999953
32030,1,0.999953
32040,3,0.999954
32050,2,0.999954
32070,1,0.999954
32080,2,0.999954
32090,2,0.999954
32110,1,0.999955
32120,2,0.999955
32150,1,0.999955
32160,1,0.999955
32170,2,0.999955
32180,4,0.999955
32190,2,0.999956
32220,2,0.999956
32230,1,0.999956
32250,1,0.999956
32270,1,0.999956
32280,3,0.999956
32300,1,0.999957
32310,1,0.999957
32320,2,0.999957
32330,1,0.999957
32340,1,0.999957
32350,2,0.999957
32360,2,0.999958
32380,2,0.999958
32400,1,0.999958
32410,2,0.999958
32440,1,0.999958
32450,2,0.999958
32480,1,0.999958
32500,2,0.999959
32520,1,0.999959
32530,1,0.999959
32560,1,0.999959
32580,1,0.999959
32590,1,0.999959
32610,1,0.999959
32620,2,0.999959
32650,1,0.999960
32670,4,0.999960
32690,4,0.999960
32720,2,0.999960
32760,2,0.999961
32800,2,0.999961
32810,1,0.999961
32820,2,0.999961
32830,1,0.999961
32840,2,0.999961
32910,2,0.999962
32930,1,0.999962
32950,2,0.999962
32990,1,0.999962
33000,1,0.999962
33050,1,0.999962
33060,2,0.999963
33110,1,0.999963
33140,1,0.999963
33170,2,0.999963
33180,3,0.999963
33240,1,0.999963
33390,1,0.999963
33520,1,0.999964
33580,1,0.999964
35250,1,0.999964
35260,1,0.999964
35300,1,0.999964
35310,2,0.999964
35320,2,0.999964
35350,1,0.999964
35360,1,0.999964
35380,1,0.999965
35390,1,0.999965
35400,2,0.999965
35410,1,0.999965
35440,1,0.999965
35450,1,0.999965
35470,1,0.999965
35480,1,0.999965
35500,1,0.999965
35510,1,0.999966
35520,1,0.999966
35540,1,0.999966
35560,2,0.999966
35570,4,0.999966
35580,4,0.999967
35590,2,0.999967
35600,2,0.999967
35610,6,0.999968
35620,3,0.999968
35630,1,0.999968
35660,3,0.999969
35670,1,0.999969
35680,1,0.999969
35690,1,0.999969
35710,1,0.999969
35720,2,0.999969
35740,2,0.999969
35750,3,0.999970
35760,3,0.999970
35770,2,0.999970
35780,1,0.999970
35790,1,0.999970
35800,3,0.999971
35810,2,0.999971
35820,1,0.999971
35840,1,0.999971
35860,2,0.999971
35870,1,0.999971
35880,1,0.999971
35930,2,0.999972
35970,1,0.999972
35990,1,0.999972
36050,1,0.999972
36110,1,0.999972
36120,1,0.999972
36170,1,0.999972
36550,1,0.999972
36620,1,0.999972
36750,1,0.999973
36790,1,0.999973
36910,1,0.999973
36920,1,0.999973
36940,1,0.999973
36950,1,0.999973
36990,1,0.999973
37070,1,0.999973
37120,1,0.999973
37140,1,0.999973
37190,1,0.999973
37360,1,0.999974
37640,1,0.999974
37740,1,0.999974
37760,1,0.999974
37770,1,0.999974
37780,1,0.999974
37840,2,0.999974
37850,2,0.999974
37890,1,0.999975
37900,1,0.999975
37930,2,0.999975
37970,1,0.999975
37990,1,0.999975
38000,2,0.999975
38020,1,0.999975
38030,2,0.999976
38050,1,0.999976
38070,2,0.999976
38080,2,0.999976
38090,1,0.999976
38100,1,0.999976
38130,1,0.999976
38140,1,0.999977
38150,1,0.999977
38170,1,0.999977
38190,1,0.999977
38230,2,0.999977
38240,1,0.999977
38250,1,0.999977
38310,1,0.999977
38320,1,0.999977
38350,2,0.999978
38360,4,0.999978
38380,3,0.999978
38400,1,0.999978
38420,2,0.999979
38440,1,0.999979
38460,2,0.999979
38510,1,0.999979
38520,2,0.999979
38550,1,0.999979
38560,1,0.999979
38570,2,0.999980
38600,1,0.999980
38610,3,0.999980
38620,1,0.999980
38640,1,0.999980
38650,4,0.999981
38660,3,0.999981
38670,2,0.999981
38720,2,0.999981
38740,1,0.999981
38840,1,0.999982
38890,1,0.999982
38940,1,0.999982
38950,1,0.999982
38970,1,0.999982
39040,1,0.999982
39250,1,0.999982
39320,1,0.999982
39410,1,0.999982
39450,2,0.999982
39460,1,0.999983
39490,1,0.999983
39500,1,0.999983
39550,1,0.999983
39590,1,0.999983
39650,1,0.999983
39680,1,0.999983
39730,1,0.999983
39750,2,0.999983
39800,1,0.999984
39830,1,0.999984
39850,1,0.999984
39860,1,0.999984
39870,2,0.999984
39890,2,0.999984
39910,1,0.999984
39940,2,0.999985
39950,2,0.999985
40010,2,0.999985
40040,1,0.999985
40060,1,0.999985
40070,1,0.999985
40090,2,0.999986
40120,1,0.999986
40140,1,0.999986
40170,1,0.999986
40220,2,0.999986
40230,1,0.999986
40240,2,0.999986
40250,1,0.999986
40270,1,0.999987
40280,2,0.999987
40290,1,0.999987
40300,1,0.999987
40310,1,0.999987
40330,1,0.999987
40350,2,0.999987
40380,1,0.999987
40410,1,0.999987
40550,1,0.999988
40950,1,0.999988
41010,1,0.999988
41100,1,0.999988
41110,1,0.999988
41140,1,0.999988
41200,1,0.999988
41220,1,0.999988
41240,2,0.999988
41360,1,0.999989
41380,1,0.999989
41390,1,0.999989
41450,1,0.999989
41570,1,0.999989
41730,1,0.999989
41760,1,0.999989
41810,1,0.999989
41820,2,0.999990
41840,1,0.999990
41850,1,0.999990
41890,1,0.999990
41910,1,0.999990
41930,1,0.999990
41940,1,0.999990
41970,1,0.999990
42000,2,0.999990
42010,1,0.999991
42080,1,0.999991
42110,1,0.999991
42130,1,0.999991
42150,1,0.999991
42190,1,0.999991
42220,1,0.999991
42260,1,0.999991
42270,1,0.999991
42280,1,0.999991
42290,1,0.999991
42300,2,0.999992
42310,1,0.999992
42320,2,0.999992
42340,1,0.999992
42350,1,0.999992
42360,2,0.999992
42370,1,0.999992
42380,1,0.999993
42390,1,0.999993
42420,2,0.999993
42430,1,0.999993
42440,1,0.999993
42450,1,0.999993
42480,1,0.999993
42490,2,0.999994
42500,1,0.999994
42510,3,0.999994
42540,2,0.999994
42560,1,0.999994
42570,1,0.999994
42590,1,0.999994
42600,1,0.999995
42650,2,0.999995
42950,1,0.999995
42960,2,0.999995
43090,1,0.999995
43150,1,0.999995
43230,1,0.999995
43290,1,0.999995
43300,2,0.999996
43380,1,0.999996
43430,1,0.999996
43460,1,0.999996
43470,1,0.999996
43510,1,0.999996
44290,1,0.999996
44320,1,0.999996
44390,1,0.999996
44500,2,0.999997
49530,1,0.999997
49600,1,0.999997
49680,1,0.999997
49770,2,0.999997
49830,1,0.999997
49890,1,0.999997
50100,1,0.999997
50140,1,0.999997
50190,1,0.999998
50260,3,0.999998
50270,1,0.999998
50280,1,0.999998
50300,1,0.999998
50310,2,0.999998
50330,1,0.999999
50350,1,0.999999
50360,1,0.999999
50370,1,0.999999
50380,3,0.999999
50400,3,0.999999
50420,2,1.000000
50440,1,1.000000
50450,1,1.000000
50460,1,1.000000
50470,3,1.000000
50500,3,1.000000
50510,2,1.000001
50520,1,1.000001
50530,1,1.000001
50550,2,1.000001
50590,1,1.000001
50610,2,1.000001
50620,2,1.000002
50640,1,1.000002
50660,1,1.000002
50670,1,1.000002
50680,1,1.000002
50690,1,1.000002
50710,1,1.000002
