#latency,cnt,cdf
0,1228056,0.129279
10,2175,0.129508
20,553,0.129567
30,38771,0.133648
40,358,0.133686
50,9962,0.134735
60,895564,0.229012
70,39174,0.233136
80,844358,0.322023
90,13156,0.323408
100,410940,0.366668
110,602309,0.430074
120,270427,0.458542
130,402181,0.500881
140,36092,0.504680
150,149979,0.520469
160,16495,0.522205
170,618402,0.587305
180,547382,0.644929
190,687209,0.717273
200,306469,0.749535
210,244634,0.775288
220,66655,0.782305
230,863431,0.873200
240,115530,0.885362
250,70249,0.892757
260,240020,0.918024
270,136473,0.932391
280,188705,0.952257
290,38392,0.956298
300,77448,0.964451
310,37503,0.968399
320,130236,0.982109
330,61468,0.988580
340,43568,0.993167
350,2001,0.993377
360,3348,0.993730
370,1480,0.993886
380,9665,0.994903
390,28619,0.997916
400,965,0.998017
410,1672,0.998193
420,4032,0.998618
430,1020,0.998725
440,199,0.998746
450,201,0.998767
460,125,0.998780
470,1896,0.998980
480,2704,0.999265
490,96,0.999275
500,115,0.999287
510,115,0.999299
520,78,0.999307
530,57,0.999313
540,40,0.999317
550,55,0.999323
560,50,0.999328
570,46,0.999333
580,61,0.999340
590,40,0.999344
600,45,0.999349
610,26,0.999351
620,36,0.999355
630,34,0.999359
640,40,0.999363
650,41,0.999367
660,35,0.999371
670,22,0.999373
680,35,0.999377
690,38,0.999381
700,36,0.999385
710,36,0.999389
720,32,0.999392
730,36,0.999396
740,32,0.999399
750,31,0.999402
760,29,0.999405
770,28,0.999408
780,32,0.999412
790,25,0.999414
800,18,0.999416
810,33,0.999420
820,30,0.999423
830,23,0.999425
840,27,0.999428
850,25,0.999431
860,29,0.999434
870,25,0.999436
880,14,0.999438
890,26,0.999441
900,30,0.999444
910,38,0.999448
920,30,0.999451
930,31,0.999454
940,27,0.999457
950,27,0.999460
960,31,0.999463
970,24,0.999466
980,28,0.999469
990,26,0.999471
1000,20,0.999474
1010,12,0.999475
1020,24,0.999477
1030,24,0.999480
1040,23,0.999482
1050,30,0.999485
1060,21,0.999488
1070,24,0.999490
1080,26,0.999493
1090,24,0.999495
1100,21,0.999498
1110,20,0.999500
1120,23,0.999502
1130,21,0.999504
1140,18,0.999506
1150,13,0.999508
1160,18,0.999510
1170,16,0.999511
1180,17,0.999513
1190,26,0.999516
1200,15,0.999517
1210,23,0.999520
1220,19,0.999522
1230,17,0.999524
1240,12,0.999525
1250,13,0.999526
1260,17,0.999528
1270,12,0.999529
1280,9,0.999530
1290,21,0.999532
1300,14,0.999534
1310,16,0.999536
1320,12,0.999537
1330,12,0.999538
1340,14,0.999540
1350,10,0.999541
1360,12,0.999542
1370,13,0.999543
1380,11,0.999544
1390,15,0.999546
1400,13,0.999547
1410,12,0.999549
1420,14,0.999550
1430,10,0.999551
1440,6,0.999552
1450,9,0.999553
1460,14,0.999554
1470,11,0.999555
1480,9,0.999556
1490,11,0.999557
1500,6,0.999558
1510,8,0.999559
1520,10,0.999560
1530,8,0.999561
1540,10,0.999562
1550,6,0.999563
1560,7,0.999563
1570,6,0.999564
1580,10,0.999565
1590,10,0.999566
1600,7,0.999567
1610,10,0.999568
1620,6,0.999568
1630,7,0.999569
1640,15,0.999571
1650,6,0.999571
1660,9,0.999572
1670,5,0.999573
1680,11,0.999574
1690,11,0.999575
1700,6,0.999576
1710,5,0.999576
1720,6,0.999577
1730,13,0.999578
1740,10,0.999579
1750,4,0.999580
1760,10,0.999581
1770,12,0.999582
1780,8,0.999583
1790,15,0.999584
1800,18,0.999586
1810,32,0.999590
1820,37,0.999594
1830,34,0.999597
1840,14,0.999599
1850,17,0.999600
1860,23,0.999603
1870,43,0.999607
1880,95,0.999617
1890,47,0.999622
1900,27,0.999625
1910,28,0.999628
1920,38,0.999632
1930,43,0.999637
1940,28,0.999640
1950,29,0.999643
1960,44,0.999647
1970,48,0.999652
1980,48,0.999657
1990,74,0.999665
2000,38,0.999669
2010,32,0.999673
2020,25,0.999675
2030,25,0.999678
2040,9,0.999679
2050,8,0.999680
2060,19,0.999682
2070,13,0.999683
2080,6,0.999684
2090,10,0.999685
2100,11,0.999686
2110,12,0.999687
2120,7,0.999688
2130,10,0.999689
2140,7,0.999690
2150,3,0.999690
2160,15,0.999692
2170,12,0.999693
2180,7,0.999694
2190,9,0.999695
2200,13,0.999696
2210,7,0.999697
2220,6,0.999697
2230,4,0.999698
2240,14,0.999699
2250,7,0.999700
2260,16,0.999702
2270,24,0.999704
2280,20,0.999706
2290,11,0.999707
2300,6,0.999708
2310,11,0.999709
2320,10,0.999710
2330,11,0.999711
2340,14,0.999713
2350,7,0.999714
2360,11,0.999715
2370,11,0.999716
2380,9,0.999717
2390,16,0.999718
2400,12,0.999720
2410,17,0.999722
2420,15,0.999723
2430,12,0.999724
2440,9,0.999725
2450,6,0.999726
2460,4,0.999726
2470,13,0.999728
2480,8,0.999729
2490,17,0.999730
2500,18,0.999732
2510,8,0.999733
2520,12,0.999734
2530,12,0.999736
2540,12,0.999737
2550,10,0.999738
2560,9,0.999739
2570,12,0.999740
2580,5,0.999741
2590,13,0.999742
2600,8,0.999743
2610,2,0.999743
2620,11,0.999744
2630,7,0.999745
2640,9,0.999746
2650,5,0.999747
2660,8,0.999747
2670,7,0.999748
2680,10,0.999749
2690,5,0.999750
2700,12,0.999751
2710,8,0.999752
2720,9,0.999753
2730,4,0.999753
2740,5,0.999754
2750,7,0.999754
2760,10,0.999755
2770,7,0.999756
2780,8,0.999757
2790,3,0.999757
2800,5,0.999758
2810,2,0.999758
2820,14,0.999760
2830,8,0.999760
2840,4,0.999761
2850,9,0.999762
2860,7,0.999763
2870,13,0.999764
2880,2,0.999764
2890,10,0.999765
2900,4,0.999766
2910,8,0.999766
2920,5,0.999767
2930,10,0.999768
2940,7,0.999769
2950,8,0.999770
2960,11,0.999771
2970,4,0.999771
2980,7,0.999772
2990,4,0.999772
3000,9,0.999773
3010,8,0.999774
3020,5,0.999775
3030,7,0.999775
3040,10,0.999776
3050,7,0.999777
3060,10,0.999778
3070,13,0.999780
3080,7,0.999780
3090,7,0.999781
3100,9,0.999782
3110,9,0.999783
3120,7,0.999784
3130,11,0.999785
3140,4,0.999785
3150,9,0.999786
3160,11,0.999787
3170,9,0.999788
3180,4,0.999789
3190,6,0.999789
3200,9,0.999790
3210,12,0.999792
3220,6,0.999792
3230,7,0.999793
3240,7,0.999794
3250,7,0.999794
3260,8,0.999795
3270,14,0.999797
3280,8,0.999798
3290,11,0.999799
3300,8,0.999800
3310,7,0.999800
3320,16,0.999802
3330,10,0.999803
3340,11,0.999804
3350,10,0.999805
3360,11,0.999806
3370,14,0.999808
3380,4,0.999808
3390,8,0.999809
3400,6,0.999810
3410,12,0.999811
3420,9,0.999812
3430,10,0.999813
3440,7,0.999814
3450,10,0.999815
3460,9,0.999816
3470,5,0.999816
3480,6,0.999817
3490,4,0.999817
3500,9,0.999818
3510,10,0.999819
3520,6,0.999820
3530,9,0.999821
3540,5,0.999821
3550,5,0.999822
3560,6,0.999823
3570,11,0.999824
3580,8,0.999825
3590,7,0.999825
3600,9,0.999826
3610,11,0.999827
3620,5,0.999828
3630,6,0.999829
3640,3,0.999829
3650,8,0.999830
3660,6,0.999830
3670,9,0.999831
3680,3,0.999832
3690,4,0.999832
3700,3,0.999832
3710,7,0.999833
3720,10,0.999834
3730,5,0.999835
3740,2,0.999835
3750,4,0.999835
3760,2,0.999836
3770,4,0.999836
3780,2,0.999836
3790,7,0.999837
3800,3,0.999837
3810,4,0.999838
3820,3,0.999838
3830,3,0.999838
3840,6,0.999839
3850,2,0.999839
3860,3,0.999839
3870,4,0.999840
3880,2,0.999840
3890,1,0.999840
3900,6,0.999841
3910,6,0.999841
3920,3,0.999842
3930,3,0.999842
3940,1,0.999842
3950,1,0.999842
3960,2,0.999843
3970,3,0.999843
3980,4,0.999843
3990,4,0.999844
4000,3,0.999844
4010,2,0.999844
4030,2,0.999844
4040,2,0.999845
4050,2,0.999845
4060,1,0.999845
4070,3,0.999845
4080,1,0.999845
4090,2,0.999846
4100,1,0.999846
4110,2,0.999846
4120,3,0.999846
4130,3,0.999847
4150,2,0.999847
4170,2,0.999847
4180,2,0.999847
4200,4,0.999848
4210,2,0.999848
4220,2,0.999848
4230,2,0.999848
4260,1,0.999848
4280,3,0.999849
4300,2,0.999849
4320,2,0.999849
4350,1,0.999849
4360,2,0.999849
4370,1,0.999849
4380,1,0.999850
4390,1,0.999850
4400,2,0.999850
4410,1,0.999850
4420,2,0.999850
4430,4,0.999851
4450,3,0.999851
4470,2,0.999851
4480,2,0.999851
4490,2,0.999852
4500,3,0.999852
4510,3,0.999852
4520,1,0.999852
4530,5,0.999853
4540,3,0.999853
4550,6,0.999854
4560,3,0.999854
4570,8,0.999855
4580,4,0.999855
4590,9,0.999856
4600,17,0.999858
4610,18,0.999860
4620,13,0.999861
4630,19,0.999863
4640,20,0.999865
4650,14,0.999867
4660,14,0.999868
4670,9,0.999869
4680,8,0.999870
4690,9,0.999871
4700,14,0.999873
4710,25,0.999875
4720,12,0.999876
4730,16,0.999878
4740,11,0.999879
4750,20,0.999881
4760,16,0.999883
4770,12,0.999884
4780,14,0.999886
4790,14,0.999887
4800,29,0.999890
4810,17,0.999892
4820,28,0.999895
4830,33,0.999899
4840,44,0.999903
4850,45,0.999908
4860,43,0.999913
4870,31,0.999916
4880,33,0.999919
4890,31,0.999923
4900,14,0.999924
4910,15,0.999926
4920,28,0.999929
4930,11,0.999930
4940,15,0.999931
4950,25,0.999934
4960,22,0.999936
4970,10,0.999937
4980,23,0.999940
4990,17,0.999941
5000,16,0.999943
5010,21,0.999945
5020,27,0.999948
5030,35,0.999952
5040,25,0.999955
5050,28,0.999957
5060,32,0.999961
5070,29,0.999964
5080,14,0.999965
5090,8,0.999966
5100,7,0.999967
5110,13,0.999968
5120,13,0.999970
5130,11,0.999971
5140,7,0.999972
5150,8,0.999972
5160,6,0.999973
5170,1,0.999973
5180,4,0.999974
5190,7,0.999974
5200,4,0.999975
5210,3,0.999975
5220,1,0.999975
5230,8,0.999976
5240,5,0.999977
5250,3,0.999977
5260,4,0.999977
5270,1,0.999977
5280,2,0.999978
5290,1,0.999978
5300,4,0.999978
5310,1,0.999978
5320,1,0.999978
5330,3,0.999979
5340,2,0.999979
5350,3,0.999979
5360,1,0.999979
5370,3,0.999980
5380,3,0.999980
5400,1,0.999980
5410,4,0.999980
5430,2,0.999981
5440,3,0.999981
5460,1,0.999981
5470,1,0.999981
5480,1,0.999981
5490,2,0.999981
5500,2,0.999982
5520,2,0.999982
5530,1,0.999982
5540,2,0.999982
5550,1,0.999982
5570,1,0.999982
5580,1,0.999983
5600,1,0.999983
5620,1,0.999983
5630,3,0.999983
5650,1,0.999983
5660,2,0.999983
5670,1,0.999983
5680,1,0.999984
5690,2,0.999984
5700,1,0.999984
5710,1,0.999984
5720,2,0.999984
5740,1,0.999984
5750,1,0.999984
5770,1,0.999985
5790,1,0.999985
5810,1,0.999985
5820,1,0.999985
5830,1,0.999985
5840,2,0.999985
5860,1,0.999985
5870,1,0.999985
5890,2,0.999986
5900,2,0.999986
5910,2,0.999986
5920,1,0.999986
5940,1,0.999986
5950,1,0.999986
5960,2,0.999987
5980,1,0.999987
5990,2,0.999987
6000,1,0.999987
6030,3,0.999987
6040,4,0.999988
6050,2,0.999988
6060,2,0.999988
6070,1,0.999988
6090,1,0.999988
6110,2,0.999988
6120,3,0.999989
6130,3,0.999989
6140,2,0.999989
6160,1,0.999989
6170,1,0.999990
6180,1,0.999990
6190,1,0.999990
6200,1,0.999990
6220,1,0.999990
6240,3,0.999990
6270,3,0.999991
6280,1,0.999991
6290,1,0.999991
6300,1,0.999991
6310,1,0.999991
6320,2,0.999991
6340,3,0.999992
6350,4,0.999992
6360,1,0.999992
6370,3,0.999992
6380,1,0.999993
6390,2,0.999993
6400,1,0.999993
6410,2,0.999993
6420,1,0.999993
6430,3,0.999993
6440,3,0.999994
6450,3,0.999994
6460,3,0.999994
6470,1,0.999995
6480,1,0.999995
6490,1,0.999995
6500,2,0.999995
6510,1,0.999995
6520,1,0.999995
6540,5,0.999996
6550,2,0.999996
6560,2,0.999996
6580,1,0.999996
6600,2,0.999996
6610,1,0.999997
6620,2,0.999997
6640,1,0.999997
6700,1,0.999997
6740,2,0.999997
6760,1,0.999997
6800,2,0.999997
6810,3,0.999998
6820,1,0.999998
6830,1,0.999998
6840,2,0.999998
6860,1,0.999998
6870,1,0.999998
6910,1,0.999999
6950,1,0.999999
7010,1,0.999999
7080,1,0.999999
7120,1,0.999999
7230,1,0.999999
7270,1,0.999999
7330,1,0.999999
7610,1,0.999999
7820,1,0.999999
7910,1,1.000000
8070,1,1.000000
8460,1,1.000000
9350,1,1.000000
9860,1,1.000000
