#latency,cnt,cdf
0,94960,0.094923
10,7068,0.101988
20,109,0.102097
30,90,0.102187
40,3017,0.105203
50,1359,0.106561
60,41,0.106602
70,294,0.106896
80,3139,0.110034
90,2013,0.112046
100,536,0.112582
110,56128,0.168688
120,90371,0.259023
130,7341,0.266361
140,9841,0.276198
150,119283,0.395435
160,3151,0.398584
170,897,0.399481
180,24008,0.423480
190,30014,0.453482
200,135920,0.589348
210,20338,0.609678
220,14903,0.624576
230,2354,0.626929
240,20388,0.647309
250,46085,0.693376
260,6451,0.699824
270,4955,0.704777
280,25618,0.730385
290,22822,0.753198
300,6547,0.759742
310,9865,0.769604
320,24777,0.794371
330,15899,0.810264
340,33799,0.844049
350,9037,0.853083
360,11741,0.864819
370,41508,0.906311
380,6128,0.912436
390,9334,0.921767
400,2509,0.924275
410,4005,0.928278
420,23090,0.951359
430,9856,0.961211
440,5737,0.966946
450,4512,0.971456
460,6385,0.977839
470,554,0.978392
480,525,0.978917
490,203,0.979120
500,721,0.979841
510,6769,0.986607
520,1380,0.987987
530,1140,0.989126
540,201,0.989327
550,170,0.989497
560,125,0.989622
570,140,0.989762
580,103,0.989865
590,101,0.989966
600,112,0.990078
610,111,0.990189
620,100,0.990289
630,91,0.990380
640,80,0.990460
650,84,0.990544
660,62,0.990606
670,88,0.990694
680,89,0.990783
690,67,0.990850
700,62,0.990912
710,57,0.990969
720,65,0.991033
730,77,0.991111
740,65,0.991175
750,82,0.991257
760,64,0.991321
770,72,0.991393
780,51,0.991444
790,63,0.991507
800,78,0.991585
810,53,0.991638
820,73,0.991711
830,69,0.991780
840,56,0.991836
850,63,0.991899
860,72,0.991971
870,76,0.992047
880,72,0.992119
890,68,0.992187
900,59,0.992246
910,82,0.992328
920,76,0.992404
930,72,0.992476
940,55,0.992531
950,60,0.992591
960,53,0.992644
970,58,0.992702
980,62,0.992764
990,64,0.992828
1000,81,0.992909
1010,58,0.992967
1020,84,0.993051
1030,57,0.993108
1040,52,0.993160
1050,59,0.993219
1060,54,0.993273
1070,45,0.993318
1080,53,0.993371
1090,51,0.993422
1100,42,0.993464
1110,37,0.993501
1120,42,0.993543
1130,32,0.993575
1140,36,0.993611
1150,42,0.993653
1160,46,0.993698
1170,40,0.993738
1180,41,0.993779
1190,36,0.993815
1200,45,0.993860
1210,39,0.993899
1220,43,0.993942
1230,41,0.993983
1240,18,0.994001
1250,22,0.994023
1260,30,0.994053
1270,18,0.994071
1280,24,0.994095
1290,27,0.994122
1300,31,0.994153
1310,17,0.994170
1320,17,0.994187
1330,22,0.994209
1340,27,0.994236
1350,21,0.994257
1360,28,0.994285
1370,18,0.994303
1380,21,0.994324
1390,22,0.994346
1400,18,0.994364
1410,23,0.994387
1420,22,0.994409
1430,22,0.994431
1440,27,0.994458
1450,20,0.994478
1460,16,0.994494
1470,10,0.994504
1480,21,0.994525
1490,19,0.994544
1500,17,0.994561
1510,15,0.994576
1520,17,0.994593
1530,14,0.994607
1540,18,0.994625
1550,10,0.994635
1560,19,0.994654
1570,16,0.994670
1580,17,0.994687
1590,17,0.994704
1600,15,0.994719
1610,15,0.994734
1620,15,0.994749
1630,17,0.994766
1640,18,0.994784
1650,11,0.994795
1660,17,0.994812
1670,23,0.994835
1680,13,0.994848
1690,23,0.994871
1700,19,0.994890
1710,26,0.994916
1720,12,0.994928
1730,22,0.994950
1740,20,0.994970
1750,16,0.994986
1760,22,0.995008
1770,19,0.995027
1780,19,0.995046
1790,22,0.995068
1800,28,0.995096
1810,47,0.995143
1820,89,0.995232
1830,112,0.995344
1840,106,0.995450
1850,75,0.995525
1860,91,0.995616
1870,46,0.995662
1880,21,0.995683
1890,25,0.995708
1900,21,0.995729
1910,16,0.995745
1920,14,0.995759
1930,33,0.995792
1940,22,0.995814
1950,38,0.995852
1960,58,0.995910
1970,41,0.995951
1980,56,0.996007
1990,34,0.996041
2000,25,0.996066
2010,22,0.996088
2020,20,0.996108
2030,20,0.996128
2040,22,0.996150
2050,19,0.996168
2060,24,0.996193
2070,11,0.996203
2080,12,0.996215
2090,11,0.996226
2100,23,0.996249
2110,22,0.996271
2120,14,0.996285
2130,16,0.996301
2140,14,0.996315
2150,20,0.996335
2160,19,0.996354
2170,16,0.996370
2180,14,0.996384
2190,19,0.996403
2200,24,0.996427
2210,18,0.996445
2220,23,0.996468
2230,16,0.996484
2240,25,0.996509
2250,21,0.996530
2260,17,0.996547
2270,21,0.996568
2280,21,0.996589
2290,16,0.996605
2300,15,0.996620
2310,20,0.996640
2320,23,0.996663
2330,23,0.996686
2340,22,0.996708
2350,19,0.996727
2360,33,0.996760
2370,25,0.996785
2380,16,0.996801
2390,21,0.996822
2400,14,0.996836
2410,8,0.996844
2420,14,0.996858
2430,13,0.996871
2440,19,0.996890
2450,23,0.996913
2460,19,0.996932
2470,19,0.996951
2480,14,0.996965
2490,15,0.996980
2500,19,0.996999
2510,23,0.997022
2520,14,0.997036
2530,27,0.997063
2540,22,0.997085
2550,25,0.997110
2560,12,0.997122
2570,18,0.997140
2580,15,0.997155
2590,14,0.997169
2600,14,0.997183
2610,18,0.997201
2620,8,0.997209
2630,8,0.997217
2640,14,0.997231
2650,13,0.997244
2660,14,0.997258
2670,16,0.997274
2680,13,0.997287
2690,20,0.997307
2700,9,0.997316
2710,15,0.997331
2720,12,0.997343
2730,18,0.997361
2740,11,0.997372
2750,11,0.997383
2760,14,0.997397
2770,16,0.997413
2780,14,0.997427
2790,8,0.997435
2800,18,0.997453
2810,20,0.997473
2820,20,0.997493
2830,12,0.997505
2840,14,0.997519
2850,17,0.997536
2860,15,0.997551
2870,12,0.997563
2880,22,0.997585
2890,11,0.997596
2900,15,0.997611
2910,14,0.997625
2920,12,0.997637
2930,17,0.997654
2940,22,0.997676
2950,14,0.997690
2960,19,0.997709
2970,17,0.997726
2980,13,0.997739
2990,17,0.997756
3000,15,0.997771
3010,18,0.997789
3020,19,0.997808
3030,11,0.997819
3040,17,0.997836
3050,22,0.997858
3060,16,0.997874
3070,25,0.997899
3080,17,0.997916
3090,17,0.997933
3100,11,0.997944
3110,11,0.997955
3120,16,0.997971
3130,16,0.997987
3140,8,0.997995
3150,12,0.998007
3160,13,0.998020
3170,11,0.998031
3180,14,0.998045
3190,17,0.998062
3200,13,0.998075
3210,17,0.998092
3220,8,0.998100
3230,12,0.998112
3240,14,0.998126
3250,10,0.998136
3260,18,0.998154
3270,15,0.998169
3280,12,0.998181
3290,14,0.998195
3300,11,0.998206
3310,9,0.998215
3320,13,0.998228
3330,15,0.998243
3340,24,0.998267
3350,6,0.998273
3360,10,0.998283
3370,8,0.998291
3380,15,0.998306
3390,13,0.998319
3400,12,0.998331
3410,16,0.998347
3420,11,0.998358
3430,12,0.998370
3440,6,0.998376
3450,13,0.998389
3460,12,0.998401
3470,21,0.998422
3480,16,0.998438
3490,10,0.998448
3500,11,0.998459
3510,5,0.998464
3520,10,0.998474
3530,10,0.998484
3540,10,0.998494
3550,12,0.998506
3560,8,0.998514
3570,12,0.998526
3580,9,0.998535
3590,12,0.998547
3600,11,0.998558
3610,9,0.998567
3620,9,0.998576
3630,13,0.998589
3640,15,0.998604
3650,7,0.998611
3660,16,0.998627
3670,4,0.998631
3680,10,0.998641
3690,13,0.998654
3700,8,0.998662
3710,14,0.998676
3720,8,0.998684
3730,7,0.998690
3740,9,0.998699
3750,6,0.998706
3760,5,0.998711
3770,8,0.998719
3780,10,0.998729
3790,6,0.998734
3800,7,0.998742
3810,6,0.998747
3820,5,0.998752
3830,8,0.998760
3840,3,0.998764
3850,2,0.998765
3860,4,0.998769
3870,4,0.998773
3880,7,0.998780
3890,6,0.998786
3900,1,0.998787
3910,6,0.998793
3920,6,0.998799
3930,5,0.998804
3940,2,0.998806
3950,14,0.998820
3960,6,0.998826
3970,4,0.998830
3980,8,0.998838
3990,2,0.998840
4000,3,0.998843
4010,3,0.998846
4020,4,0.998850
4030,4,0.998854
4040,6,0.998860
4050,3,0.998863
4060,8,0.998871
4070,3,0.998874
4080,5,0.998879
4090,4,0.998883
4100,6,0.998889
4110,5,0.998894
4120,4,0.998898
4130,12,0.998910
4140,2,0.998912
4150,7,0.998919
4160,9,0.998928
4170,1,0.998929
4180,2,0.998931
4190,2,0.998933
4200,6,0.998939
4210,3,0.998942
4220,2,0.998944
4230,9,0.998953
4240,3,0.998956
4250,5,0.998961
4260,6,0.998967
4270,6,0.998973
4280,4,0.998977
4290,4,0.998981
4300,5,0.998986
4310,5,0.998991
4320,5,0.998996
4330,1,0.998997
4340,7,0.999004
4350,9,0.999013
4360,6,0.999019
4370,10,0.999029
4380,3,0.999032
4390,1,0.999033
4400,11,0.999044
4410,3,0.999047
4420,4,0.999051
4430,8,0.999059
4440,8,0.999067
4450,9,0.999076
4460,5,0.999081
4470,6,0.999087
4480,12,0.999099
4490,4,0.999103
4500,6,0.999109
4510,9,0.999118
4520,12,0.999130
4530,3,0.999133
4540,10,0.999143
4550,7,0.999150
4560,3,0.999153
4570,12,0.999165
4580,9,0.999174
4590,8,0.999182
4600,4,0.999186
4610,11,0.999197
4620,12,0.999209
4630,8,0.999217
4640,10,0.999227
4650,12,0.999239
4660,16,0.999255
4670,10,0.999265
4680,10,0.999275
4690,9,0.999284
4700,11,0.999295
4710,8,0.999303
4720,7,0.999310
4730,4,0.999314
4740,8,0.999322
4750,10,0.999332
4760,7,0.999339
4770,16,0.999355
4780,8,0.999363
4790,11,0.999374
4800,12,0.999386
4810,14,0.999400
4820,16,0.999416
4830,19,0.999435
4840,23,0.999458
4850,14,0.999472
4860,18,0.999490
4870,12,0.999502
4880,24,0.999526
4890,12,0.999538
4900,8,0.999546
4910,15,0.999561
4920,8,0.999569
4930,11,0.999580
4940,5,0.999585
4950,16,0.999601
4960,6,0.999607
4970,8,0.999615
4980,9,0.999624
4990,10,0.999634
5000,14,0.999648
5010,5,0.999653
5020,7,0.999660
5030,5,0.999665
5040,6,0.999671
5050,5,0.999676
5060,10,0.999686
5070,4,0.999690
5080,2,0.999692
5090,8,0.999700
5100,1,0.999701
5110,4,0.999705
5120,8,0.999713
5130,4,0.999717
5140,5,0.999722
5150,9,0.999731
5160,2,0.999733
5170,10,0.999743
5180,3,0.999746
5190,4,0.999750
5200,3,0.999753
5210,5,0.999758
5220,7,0.999765
5230,3,0.999768
5240,6,0.999774
5250,5,0.999779
5260,2,0.999781
5270,1,0.999782
5280,5,0.999787
5290,6,0.999793
5300,3,0.999796
5310,3,0.999799
5320,2,0.999801
5330,2,0.999803
5340,3,0.999806
5350,3,0.999809
5360,3,0.999812
5380,1,0.999813
5390,3,0.999816
5400,7,0.999823
5410,5,0.999828
5420,2,0.999830
5430,7,0.999837
5440,3,0.999840
5450,1,0.999841
5460,2,0.999843
5470,3,0.999846
5480,7,0.999853
5490,4,0.999857
5500,2,0.999859
5510,2,0.999861
5520,3,0.999864
5530,4,0.999868
5540,8,0.999876
5550,2,0.999878
5560,4,0.999882
5570,1,0.999883
5590,2,0.999885
5600,3,0.999888
5620,2,0.999890
5630,1,0.999891
5640,2,0.999893
5650,3,0.999896
5660,2,0.999898
5670,4,0.999902
5680,2,0.999904
5690,1,0.999905
5700,1,0.999906
5710,3,0.999909
5720,1,0.999910
5730,1,0.999911
5740,2,0.999913
5750,2,0.999915
5760,3,0.999918
5770,1,0.999919
5780,3,0.999922
5800,1,0.999923
5810,2,0.999925
5820,1,0.999926
5830,2,0.999928
5840,3,0.999931
5850,3,0.999934
5860,4,0.999938
5870,4,0.999942
5880,2,0.999944
5890,1,0.999945
5900,3,0.999948
5920,1,0.999949
5930,1,0.999950
5960,1,0.999951
5970,2,0.999953
5980,1,0.999954
5990,1,0.999955
6000,3,0.999958
6020,1,0.999959
6030,2,0.999961
6040,3,0.999964
6050,3,0.999967
6060,1,0.999968
6070,3,0.999971
6130,1,0.999972
6180,1,0.999973
6190,3,0.999976
6200,1,0.999977
6210,2,0.999979
6260,1,0.999980
6290,2,0.999982
6310,1,0.999983
6320,1,0.999984
6480,1,0.999985
6600,1,0.999986
6730,1,0.999987
6740,1,0.999988
6750,1,0.999989
6840,1,0.999990
6930,1,0.999991
7030,1,0.999992
7180,1,0.999993
7190,1,0.999994
7440,1,0.999995
7630,1,0.999996
8130,1,0.999997
8160,1,0.999998
8510,1,0.999999
9240,1,1.000000
