#latency,cnt,cdf
0,1231922,0.129666
10,8931,0.130606
20,538,0.130663
30,34273,0.134270
40,535,0.134326
50,6096,0.134968
60,503126,0.187924
70,57709,0.193999
80,496801,0.246289
90,17650,0.248147
100,294903,0.279187
110,224638,0.302831
120,292444,0.333613
130,269743,0.362004
140,78076,0.370222
150,151850,0.386205
160,16916,0.387986
170,601249,0.451270
180,492825,0.503142
190,750953,0.582184
200,364070,0.620504
210,323314,0.654535
220,187090,0.674227
230,871339,0.765940
240,276453,0.795038
250,126280,0.808329
260,173889,0.826632
270,434418,0.872357
280,206094,0.894049
290,172577,0.912214
300,114416,0.924256
310,127475,0.937674
320,215358,0.960341
330,82449,0.969019
340,122594,0.981923
350,10351,0.983013
360,14835,0.984574
370,11842,0.985820
380,25409,0.988495
390,58437,0.994646
400,8857,0.995578
410,4965,0.996100
420,7426,0.996882
430,6938,0.997612
440,4791,0.998117
450,802,0.998201
460,498,0.998254
470,2197,0.998485
480,6023,0.999119
490,664,0.999189
500,461,0.999237
510,563,0.999296
520,233,0.999321
530,249,0.999347
540,79,0.999355
550,87,0.999365
560,116,0.999377
570,126,0.999390
580,296,0.999421
590,66,0.999428
600,42,0.999433
610,29,0.999436
620,112,0.999447
630,70,0.999455
640,39,0.999459
650,26,0.999462
660,33,0.999465
670,30,0.999468
680,32,0.999472
690,34,0.999475
700,44,0.999480
710,23,0.999482
720,40,0.999486
730,41,0.999491
740,43,0.999495
750,26,0.999498
760,23,0.999500
770,12,0.999502
780,25,0.999504
790,31,0.999508
800,30,0.999511
810,27,0.999514
820,23,0.999516
830,15,0.999518
840,16,0.999519
850,17,0.999521
860,15,0.999523
870,15,0.999524
880,13,0.999526
890,20,0.999528
900,24,0.999530
910,30,0.999533
920,14,0.999535
930,20,0.999537
940,14,0.999538
950,20,0.999541
960,16,0.999542
970,20,0.999544
980,13,0.999546
990,17,0.999547
1000,15,0.999549
1010,23,0.999552
1020,18,0.999553
1030,20,0.999556
1040,17,0.999557
1050,19,0.999559
1060,13,0.999561
1070,17,0.999562
1080,11,0.999564
1090,11,0.999565
1100,9,0.999566
1110,8,0.999567
1120,13,0.999568
1130,8,0.999569
1140,13,0.999570
1150,12,0.999571
1160,14,0.999573
1170,9,0.999574
1180,9,0.999575
1190,7,0.999575
1200,8,0.999576
1210,11,0.999578
1220,8,0.999578
1230,7,0.999579
1240,10,0.999580
1250,11,0.999581
1260,8,0.999582
1270,4,0.999583
1280,8,0.999583
1290,7,0.999584
1300,10,0.999585
1310,16,0.999587
1320,13,0.999588
1330,8,0.999589
1340,18,0.999591
1350,22,0.999593
1360,18,0.999595
1370,16,0.999597
1380,17,0.999599
1390,15,0.999600
1400,10,0.999601
1410,18,0.999603
1420,9,0.999604
1430,18,0.999606
1440,12,0.999607
1450,14,0.999609
1460,9,0.999610
1470,10,0.999611
1480,15,0.999612
1490,19,0.999614
1500,9,0.999615
1510,9,0.999616
1520,5,0.999617
1530,12,0.999618
1540,13,0.999619
1550,9,0.999620
1560,1,0.999620
1570,6,0.999621
1580,9,0.999622
1590,5,0.999623
1600,7,0.999623
1610,7,0.999624
1620,8,0.999625
1630,13,0.999626
1640,5,0.999627
1650,3,0.999627
1660,8,0.999628
1670,5,0.999628
1680,6,0.999629
1690,5,0.999630
1700,8,0.999630
1710,4,0.999631
1720,3,0.999631
1730,11,0.999632
1740,8,0.999633
1750,5,0.999634
1760,13,0.999635
1770,17,0.999637
1780,11,0.999638
1790,18,0.999640
1800,36,0.999644
1810,38,0.999648
1820,30,0.999651
1830,20,0.999653
1840,60,0.999659
1850,41,0.999664
1860,54,0.999669
1870,61,0.999676
1880,67,0.999683
1890,41,0.999687
1900,43,0.999692
1910,26,0.999694
1920,15,0.999696
1930,23,0.999698
1940,23,0.999701
1950,28,0.999704
1960,13,0.999705
1970,17,0.999707
1980,16,0.999709
1990,30,0.999712
2000,50,0.999717
2010,24,0.999720
2020,18,0.999721
2030,23,0.999724
2040,8,0.999725
2050,16,0.999726
2060,6,0.999727
2070,9,0.999728
2080,11,0.999729
2090,9,0.999730
2100,3,0.999730
2110,5,0.999731
2120,13,0.999732
2130,8,0.999733
2140,12,0.999734
2150,9,0.999735
2160,16,0.999737
2170,20,0.999739
2180,18,0.999741
2190,9,0.999742
2200,8,0.999743
2210,10,0.999744
2220,13,0.999745
2230,19,0.999747
2240,7,0.999748
2250,15,0.999749
2260,18,0.999751
2270,26,0.999754
2280,15,0.999756
2290,7,0.999756
2300,9,0.999757
2310,9,0.999758
2320,10,0.999759
2330,11,0.999761
2340,10,0.999762
2350,5,0.999762
2360,10,0.999763
2370,13,0.999765
2380,13,0.999766
2390,15,0.999767
2400,9,0.999768
2410,17,0.999770
2420,6,0.999771
2430,15,0.999772
2440,9,0.999773
2450,9,0.999774
2460,7,0.999775
2470,5,0.999776
2480,10,0.999777
2490,8,0.999777
2500,6,0.999778
2510,5,0.999779
2520,8,0.999779
2530,4,0.999780
2540,9,0.999781
2550,4,0.999781
2560,7,0.999782
2570,9,0.999783
2580,5,0.999784
2590,8,0.999784
2600,7,0.999785
2610,4,0.999785
2620,6,0.999786
2630,7,0.999787
2640,3,0.999787
2650,1,0.999787
2660,6,0.999788
2670,6,0.999789
2680,6,0.999789
2690,5,0.999790
2700,9,0.999791
2710,5,0.999791
2720,3,0.999792
2730,2,0.999792
2740,4,0.999792
2750,5,0.999793
2760,3,0.999793
2770,4,0.999793
2780,4,0.999794
2790,7,0.999795
2800,5,0.999795
2810,3,0.999795
2820,3,0.999796
2830,2,0.999796
2840,7,0.999797
2850,3,0.999797
2860,1,0.999797
2870,5,0.999798
2880,4,0.999798
2890,2,0.999798
2900,2,0.999798
2910,1,0.999799
2920,5,0.999799
2930,3,0.999799
2940,9,0.999800
2950,6,0.999801
2960,2,0.999801
2970,1,0.999801
2980,4,0.999802
2990,5,0.999802
3000,5,0.999803
3010,2,0.999803
3020,3,0.999803
3030,7,0.999804
3040,8,0.999805
3050,4,0.999805
3060,7,0.999806
3070,3,0.999806
3080,5,0.999807
3090,8,0.999808
3100,6,0.999808
3110,3,0.999809
3120,5,0.999809
3130,8,0.999810
3140,3,0.999810
3150,5,0.999811
3160,5,0.999811
3170,4,0.999812
3180,5,0.999812
3190,3,0.999813
3200,6,0.999813
3210,7,0.999814
3220,7,0.999815
3230,6,0.999815
3240,9,0.999816
3250,5,0.999817
3260,7,0.999818
3270,8,0.999818
3280,10,0.999820
3290,7,0.999820
3300,12,0.999821
3310,11,0.999823
3320,10,0.999824
3330,8,0.999825
3340,4,0.999825
3350,7,0.999826
3360,3,0.999826
3370,9,0.999827
3380,8,0.999828
3390,6,0.999828
3400,6,0.999829
3410,6,0.999830
3420,6,0.999830
3430,7,0.999831
3440,6,0.999832
3450,6,0.999832
3460,7,0.999833
3470,5,0.999834
3480,3,0.999834
3490,10,0.999835
3500,2,0.999835
3510,3,0.999835
3520,1,0.999836
3530,1,0.999836
3540,5,0.999836
3550,8,0.999837
3560,4,0.999837
3570,4,0.999838
3580,5,0.999838
3590,1,0.999839
3600,4,0.999839
3610,1,0.999839
3620,5,0.999840
3630,6,0.999840
3640,4,0.999841
3650,2,0.999841
3660,6,0.999842
3670,2,0.999842
3680,5,0.999842
3690,6,0.999843
3700,7,0.999844
3710,4,0.999844
3720,3,0.999844
3730,2,0.999845
3740,1,0.999845
3750,6,0.999845
3760,1,0.999845
3770,3,0.999846
3780,3,0.999846
3790,4,0.999846
3800,5,0.999847
3810,1,0.999847
3820,5,0.999848
3830,5,0.999848
3840,5,0.999849
3850,3,0.999849
3860,3,0.999849
3870,2,0.999849
3880,2,0.999850
3890,5,0.999850
3900,4,0.999851
3910,1,0.999851
3920,3,0.999851
3930,3,0.999851
3940,2,0.999852
3950,1,0.999852
3960,5,0.999852
3970,2,0.999852
3980,6,0.999853
3990,3,0.999853
4000,3,0.999854
4010,3,0.999854
4020,2,0.999854
4030,2,0.999854
4040,2,0.999855
4050,5,0.999855
4060,1,0.999855
4070,4,0.999856
4090,3,0.999856
4100,4,0.999856
4110,2,0.999857
4120,5,0.999857
4130,2,0.999857
4140,4,0.999858
4150,3,0.999858
4160,3,0.999858
4170,1,0.999859
4180,3,0.999859
4190,3,0.999859
4200,2,0.999859
4210,1,0.999860
4220,2,0.999860
4230,1,0.999860
4240,1,0.999860
4250,1,0.999860
4260,4,0.999860
4270,3,0.999861
4280,2,0.999861
4290,2,0.999861
4300,4,0.999862
4310,3,0.999862
4320,1,0.999862
4330,1,0.999862
4340,4,0.999863
4350,1,0.999863
4360,4,0.999863
4370,7,0.999864
4380,4,0.999864
4390,9,0.999865
4400,5,0.999866
4410,6,0.999866
4420,9,0.999867
4430,6,0.999868
4440,7,0.999869
4450,7,0.999869
4460,6,0.999870
4470,5,0.999871
4480,3,0.999871
4490,4,0.999871
4500,3,0.999872
4510,4,0.999872
4520,8,0.999873
4530,12,0.999874
4540,3,0.999874
4550,15,0.999876
4560,25,0.999879
4570,14,0.999880
4580,13,0.999882
4590,22,0.999884
4600,25,0.999886
4610,33,0.999890
4620,37,0.999894
4630,27,0.999897
4640,14,0.999898
4650,20,0.999900
4660,20,0.999902
4670,18,0.999904
4680,14,0.999906
4690,23,0.999908
4700,13,0.999909
4710,16,0.999911
4720,9,0.999912
4730,10,0.999913
4740,11,0.999914
4750,17,0.999916
4760,11,0.999917
4770,13,0.999919
4780,18,0.999921
4790,19,0.999923
4800,18,0.999924
4810,27,0.999927
4820,15,0.999929
4830,30,0.999932
4840,40,0.999936
4850,25,0.999939
4860,23,0.999941
4870,40,0.999945
4880,40,0.999950
4890,31,0.999953
4900,47,0.999958
4910,39,0.999962
4920,12,0.999963
4930,13,0.999965
4940,21,0.999967
4950,11,0.999968
4960,9,0.999969
4970,20,0.999971
4980,18,0.999973
4990,18,0.999975
5000,15,0.999976
5010,12,0.999978
5020,9,0.999979
5030,3,0.999979
5040,12,0.999980
5050,9,0.999981
5060,4,0.999982
5070,11,0.999983
5080,10,0.999984
5090,5,0.999984
5100,10,0.999985
5110,9,0.999986
5120,4,0.999987
5130,4,0.999987
5140,1,0.999987
5150,4,0.999988
5170,2,0.999988
5180,2,0.999988
5190,3,0.999988
5200,1,0.999989
5210,1,0.999989
5220,4,0.999989
5230,2,0.999989
5240,3,0.999990
5250,2,0.999990
5260,1,0.999990
5290,5,0.999990
5300,3,0.999991
5310,1,0.999991
5320,1,0.999991
5330,2,0.999991
5360,2,0.999991
5390,1,0.999991
5420,3,0.999992
5440,1,0.999992
5450,1,0.999992
5460,2,0.999992
5470,1,0.999992
5480,2,0.999993
5500,1,0.999993
5510,3,0.999993
5520,1,0.999993
5530,2,0.999993
5540,2,0.999994
5560,1,0.999994
5580,4,0.999994
5590,1,0.999994
5600,2,0.999994
5610,3,0.999995
5620,1,0.999995
5630,2,0.999995
5650,1,0.999995
5670,1,0.999995
5680,2,0.999995
5710,1,0.999995
5720,1,0.999996
5730,1,0.999996
5750,1,0.999996
5760,1,0.999996
5770,2,0.999996
5780,1,0.999996
5790,1,0.999996
5900,1,0.999996
5920,2,0.999997
5940,2,0.999997
5960,1,0.999997
5990,1,0.999997
6000,2,0.999997
6030,2,0.999997
6070,1,0.999998
6080,1,0.999998
6130,1,0.999998
6150,1,0.999998
6190,2,0.999998
6210,1,0.999998
6240,1,0.999998
6250,2,0.999999
6380,1,0.999999
6390,1,0.999999
6450,1,0.999999
6510,1,0.999999
6550,1,0.999999
6610,1,0.999999
6640,1,0.999999
6760,1,0.999999
6850,1,0.999999
7770,1,1.000000
8010,1,1.000000
8110,1,1.000000
8340,1,1.000000
8620,1,1.000000
