#latency,cnt,cdf
0,1363480,0.136348
10,11089,0.137457
20,864,0.137543
30,25549,0.140098
40,476,0.140146
50,5179,0.140664
60,463148,0.186979
70,77596,0.194738
80,473919,0.242130
90,21259,0.244256
100,307131,0.274969
110,163000,0.291269
120,340957,0.325365
130,249434,0.350308
140,121981,0.362506
150,154723,0.377979
160,23273,0.380306
170,678835,0.448189
180,428118,0.491001
190,814582,0.572459
200,382866,0.610746
210,326323,0.643378
220,214316,0.664810
230,951755,0.759985
240,325056,0.792491
250,129076,0.805399
260,170870,0.822486
270,474403,0.869926
280,195165,0.889442
290,207702,0.910213
300,119976,0.922210
310,141155,0.936326
320,231722,0.959498
330,87231,0.968221
340,127383,0.980959
350,14281,0.982387
360,18211,0.984208
370,16862,0.985895
380,24859,0.988380
390,52101,0.993591
400,9785,0.994569
410,4625,0.995032
420,3184,0.995350
430,6246,0.995975
440,5356,0.996510
450,1040,0.996614
460,917,0.996706
470,1466,0.996853
480,3910,0.997244
490,758,0.997319
500,778,0.997397
510,932,0.997490
520,451,0.997535
530,597,0.997595
540,194,0.997615
550,190,0.997634
560,188,0.997652
570,252,0.997678
580,662,0.997744
590,259,0.997770
600,215,0.997791
610,251,0.997816
620,240,0.997840
630,216,0.997862
640,253,0.997887
650,231,0.997910
660,222,0.997932
670,180,0.997950
680,172,0.997968
690,186,0.997986
700,195,0.998006
710,168,0.998022
720,177,0.998040
730,132,0.998053
740,128,0.998066
750,106,0.998077
760,125,0.998089
770,105,0.998100
780,121,0.998112
790,84,0.998120
800,116,0.998132
810,93,0.998141
820,73,0.998149
830,87,0.998157
840,80,0.998165
850,71,0.998172
860,76,0.998180
870,85,0.998188
880,101,0.998199
890,104,0.998209
900,112,0.998220
910,127,0.998233
920,114,0.998244
930,114,0.998256
940,113,0.998267
950,127,0.998280
960,118,0.998291
970,101,0.998302
980,108,0.998312
990,95,0.998322
1000,101,0.998332
1010,90,0.998341
1020,102,0.998351
1030,82,0.998359
1040,76,0.998367
1050,72,0.998374
1060,111,0.998385
1070,82,0.998393
1080,75,0.998401
1090,93,0.998410
1100,95,0.998420
1110,76,0.998427
1120,89,0.998436
1130,82,0.998444
1140,78,0.998452
1150,73,0.998460
1160,81,0.998468
1170,65,0.998474
1180,88,0.998483
1190,62,0.998489
1200,82,0.998497
1210,72,0.998505
1220,86,0.998513
1230,86,0.998522
1240,117,0.998533
1250,132,0.998547
1260,180,0.998565
1270,183,0.998583
1280,232,0.998606
1290,235,0.998630
1300,224,0.998652
1310,218,0.998674
1320,260,0.998700
1330,190,0.998719
1340,204,0.998739
1350,171,0.998756
1360,198,0.998776
1370,186,0.998795
1380,188,0.998814
1390,183,0.998832
1400,145,0.998846
1410,144,0.998861
1420,115,0.998872
1430,106,0.998883
1440,80,0.998891
1450,72,0.998898
1460,75,0.998905
1470,54,0.998911
1480,58,0.998917
1490,52,0.998922
1500,41,0.998926
1510,53,0.998931
1520,34,0.998935
1530,33,0.998938
1540,39,0.998942
1550,35,0.998945
1560,31,0.998949
1570,37,0.998952
1580,38,0.998956
1590,29,0.998959
1600,27,0.998962
1610,25,0.998964
1620,28,0.998967
1630,35,0.998970
1640,27,0.998973
1650,40,0.998977
1660,37,0.998981
1670,29,0.998984
1680,28,0.998986
1690,28,0.998989
1700,23,0.998992
1710,30,0.998995
1720,21,0.998997
1730,28,0.998999
1740,29,0.999002
1750,27,0.999005
1760,40,0.999009
1770,90,0.999018
1780,83,0.999026
1790,68,0.999033
1800,160,0.999049
1810,34,0.999053
1820,30,0.999056
1830,32,0.999059
1840,26,0.999061
1850,38,0.999065
1860,27,0.999068
1870,53,0.999073
1880,55,0.999079
1890,102,0.999089
1900,820,0.999171
1910,1318,0.999303
1920,82,0.999311
1930,82,0.999319
1940,89,0.999328
1950,28,0.999331
1960,38,0.999335
1970,30,0.999338
1980,25,0.999340
1990,21,0.999342
2000,28,0.999345
2010,38,0.999349
2020,24,0.999351
2030,17,0.999353
2040,28,0.999356
2050,11,0.999357
2060,26,0.999359
2070,20,0.999361
2080,19,0.999363
2090,13,0.999365
2100,16,0.999366
2110,21,0.999368
2120,20,0.999370
2130,18,0.999372
2140,17,0.999374
2150,19,0.999376
2160,23,0.999378
2170,19,0.999380
2180,28,0.999383
2190,18,0.999385
2200,24,0.999387
2210,17,0.999389
2220,15,0.999390
2230,25,0.999393
2240,22,0.999395
2250,31,0.999398
2260,35,0.999401
2270,33,0.999405
2280,37,0.999408
2290,44,0.999413
2300,40,0.999417
2310,89,0.999426
2320,65,0.999432
2330,26,0.999435
2340,20,0.999437
2350,37,0.999440
2360,22,0.999443
2370,15,0.999444
2380,24,0.999447
2390,24,0.999449
2400,35,0.999452
2410,80,0.999461
2420,126,0.999473
2430,43,0.999477
2440,19,0.999479
2450,18,0.999481
2460,15,0.999483
2470,16,0.999484
2480,15,0.999486
2490,10,0.999487
2500,13,0.999488
2510,14,0.999489
2520,12,0.999491
2530,16,0.999492
2540,9,0.999493
2550,16,0.999495
2560,11,0.999496
2570,13,0.999497
2580,11,0.999498
2590,20,0.999500
2600,20,0.999502
2610,16,0.999504
2620,12,0.999505
2630,16,0.999507
2640,11,0.999508
2650,15,0.999509
2660,10,0.999510
2670,17,0.999512
2680,9,0.999513
2690,17,0.999515
2700,12,0.999516
2710,7,0.999516
2720,19,0.999518
2730,9,0.999519
2740,16,0.999521
2750,9,0.999522
2760,19,0.999524
2770,21,0.999526
2780,11,0.999527
2790,12,0.999528
2800,18,0.999530
2810,13,0.999531
2820,17,0.999533
2830,13,0.999534
2840,15,0.999536
2850,11,0.999537
2860,7,0.999537
2870,9,0.999538
2880,11,0.999539
2890,18,0.999541
2900,15,0.999543
2910,7,0.999543
2920,10,0.999544
2930,20,0.999546
2940,19,0.999548
2950,18,0.999550
2960,7,0.999551
2970,20,0.999553
2980,9,0.999554
2990,18,0.999556
3000,18,0.999557
3010,23,0.999560
3020,15,0.999561
3030,13,0.999562
3040,15,0.999564
3050,10,0.999565
3060,14,0.999566
3070,12,0.999568
3080,7,0.999568
3090,15,0.999570
3100,9,0.999571
3110,15,0.999572
3120,13,0.999573
3130,24,0.999576
3140,19,0.999578
3150,25,0.999580
3160,15,0.999582
3170,18,0.999583
3180,24,0.999586
3190,15,0.999587
3200,13,0.999589
3210,28,0.999592
3220,13,0.999593
3230,18,0.999595
3240,20,0.999597
3250,22,0.999599
3260,33,0.999602
3270,19,0.999604
3280,21,0.999606
3290,24,0.999609
3300,18,0.999610
3310,22,0.999613
3320,20,0.999614
3330,18,0.999616
3340,28,0.999619
3350,25,0.999622
3360,24,0.999624
3370,22,0.999626
3380,12,0.999627
3390,23,0.999630
3400,24,0.999632
3410,23,0.999634
3420,26,0.999637
3430,27,0.999640
3440,16,0.999641
3450,27,0.999644
3460,13,0.999645
3470,15,0.999647
3480,21,0.999649
3490,18,0.999651
3500,18,0.999653
3510,23,0.999655
3520,22,0.999657
3530,18,0.999659
3540,32,0.999662
3550,26,0.999665
3560,25,0.999667
3570,21,0.999669
3580,23,0.999672
3590,23,0.999674
3600,19,0.999676
3610,25,0.999678
3620,27,0.999681
3630,22,0.999683
3640,26,0.999686
3650,28,0.999689
3660,24,0.999691
3670,23,0.999693
3680,20,0.999695
3690,32,0.999698
3700,19,0.999700
3710,21,0.999702
3720,23,0.999705
3730,22,0.999707
3740,17,0.999709
3750,22,0.999711
3760,30,0.999714
3770,18,0.999716
3780,18,0.999717
3790,17,0.999719
3800,24,0.999722
3810,14,0.999723
3820,22,0.999725
3830,13,0.999726
3840,19,0.999728
3850,25,0.999731
3860,15,0.999732
3870,16,0.999734
3880,16,0.999735
3890,20,0.999738
3900,18,0.999739
3910,16,0.999741
3920,8,0.999742
3930,20,0.999744
3940,18,0.999745
3950,20,0.999748
3960,15,0.999749
3970,11,0.999750
3980,19,0.999752
3990,9,0.999753
4000,12,0.999754
4010,13,0.999755
4020,12,0.999757
4030,7,0.999757
4040,16,0.999759
4050,15,0.999760
4060,9,0.999761
4070,15,0.999763
4080,10,0.999764
4090,13,0.999765
4100,7,0.999766
4110,12,0.999767
4120,13,0.999768
4130,9,0.999769
4140,6,0.999770
4150,3,0.999770
4160,8,0.999771
4170,6,0.999771
4180,9,0.999772
4190,2,0.999773
4200,10,0.999774
4210,6,0.999774
4220,7,0.999775
4230,9,0.999776
4240,7,0.999776
4250,13,0.999778
4260,13,0.999779
4270,6,0.999780
4280,3,0.999780
4290,4,0.999780
4300,8,0.999781
4310,5,0.999782
4320,8,0.999783
4330,6,0.999783
4340,6,0.999784
4350,3,0.999784
4360,9,0.999785
4370,6,0.999785
4380,12,0.999787
4390,3,0.999787
4400,5,0.999788
4410,5,0.999788
4420,6,0.999789
4430,6,0.999789
4440,4,0.999790
4450,2,0.999790
4460,5,0.999790
4470,9,0.999791
4480,5,0.999792
4490,6,0.999792
4500,7,0.999793
4510,13,0.999794
4520,8,0.999795
4530,8,0.999796
4540,10,0.999797
4550,8,0.999798
4560,15,0.999799
4570,12,0.999800
4580,11,0.999802
4590,24,0.999804
4600,58,0.999810
4610,22,0.999812
4620,19,0.999814
4630,21,0.999816
4640,9,0.999817
4650,17,0.999819
4660,13,0.999820
4670,7,0.999820
4680,20,0.999822
4690,17,0.999824
4700,20,0.999826
4710,12,0.999827
4720,18,0.999829
4730,32,0.999832
4740,27,0.999835
4750,20,0.999837
4760,12,0.999838
4770,25,0.999841
4780,18,0.999843
4790,31,0.999846
4800,34,0.999849
4810,39,0.999853
4820,90,0.999862
4830,43,0.999866
4840,57,0.999872
4850,136,0.999886
4860,54,0.999891
4870,40,0.999895
4880,54,0.999900
4890,24,0.999903
4900,23,0.999905
4910,29,0.999908
4920,20,0.999910
4930,21,0.999912
4940,15,0.999914
4950,27,0.999916
4960,32,0.999919
4970,18,0.999921
4980,43,0.999926
4990,61,0.999932
5000,23,0.999934
5010,50,0.999939
5020,45,0.999943
5030,19,0.999945
5040,35,0.999949
5050,25,0.999951
5060,12,0.999953
5070,29,0.999955
5080,17,0.999957
5090,25,0.999960
5100,21,0.999962
5110,19,0.999964
5120,19,0.999966
5130,16,0.999967
5140,9,0.999968
5150,9,0.999969
5160,10,0.999970
5170,10,0.999971
5180,5,0.999972
5190,7,0.999972
5200,10,0.999973
5210,7,0.999974
5220,8,0.999975
5230,5,0.999975
5240,8,0.999976
5250,6,0.999977
5260,10,0.999978
5270,7,0.999978
5280,2,0.999978
5290,4,0.999979
5300,8,0.999980
5310,5,0.999980
5320,8,0.999981
5330,9,0.999982
5340,3,0.999982
5350,4,0.999983
5360,4,0.999983
5370,4,0.999983
5380,4,0.999984
5390,8,0.999985
5400,4,0.999985
5410,8,0.999986
5420,6,0.999986
5430,1,0.999987
5440,6,0.999987
5450,3,0.999987
5460,3,0.999988
5480,3,0.999988
5490,4,0.999988
5500,4,0.999989
5510,2,0.999989
5520,3,0.999989
5530,2,0.999990
5540,1,0.999990
5560,6,0.999990
5570,7,0.999991
5580,3,0.999991
5600,3,0.999991
5610,7,0.999992
5620,3,0.999992
5630,4,0.999993
5640,1,0.999993
5650,3,0.999993
5660,4,0.999994
5670,3,0.999994
5680,1,0.999994
5690,3,0.999994
5700,1,0.999995
5710,2,0.999995
5720,2,0.999995
5730,1,0.999995
5740,1,0.999995
5750,4,0.999996
5780,5,0.999996
5790,1,0.999996
5800,1,0.999996
5810,2,0.999996
5820,2,0.999997
5830,2,0.999997
5880,2,0.999997
5900,1,0.999997
5920,1,0.999997
5940,2,0.999997
5970,2,0.999998
6010,1,0.999998
6020,1,0.999998
6050,1,0.999998
6060,1,0.999998
6080,1,0.999998
6090,1,0.999998
6110,1,0.999998
6130,1,0.999998
6150,1,0.999999
6200,1,0.999999
6210,2,0.999999
6290,1,0.999999
6320,1,0.999999
6480,1,0.999999
6550,1,0.999999
6680,1,0.999999
7860,1,0.999999
8130,1,1.000000
8440,1,1.000000
9850,1,1.000000
10010,1,1.000000
10380,1,1.000000
11820,1,1.000000
