0,2449,0.000258
1,194885,0.020770
2,508850,0.074329
3,179899,0.093265
4,59830,0.099562
5,16022,0.101248
6,3345,0.101600
7,920,0.101697
8,320,0.101731
9,151,0.101747
10,59,0.101753
11,25,0.101756
12,17,0.101758
13,10,0.101759
14,20,0.101761
15,49,0.101766
16,54,0.101772
17,49,0.101777
18,31,0.101780
19,38,0.101784
20,44,0.101789
21,56,0.101794
22,36,0.101798
23,13,0.101800
24,2,0.101800
25,1,0.101800
26,21,0.101802
27,752,0.101881
28,4962,0.102404
29,8010,0.103247
30,8717,0.104164
31,8899,0.105101
32,8408,0.105986
33,9035,0.106937
34,9850,0.107974
35,9295,0.108952
36,8775,0.109876
37,8114,0.110730
38,7687,0.111539
39,7312,0.112308
40,6627,0.113006
41,6106,0.113649
42,5567,0.114234
43,5375,0.114800
44,4830,0.115309
45,4362,0.115768
46,3982,0.116187
47,3723,0.116579
48,3476,0.116945
49,3262,0.117288
50,2806,0.117583
51,2706,0.117868
52,2478,0.118129
53,2285,0.118369
54,2183,0.118599
55,2041,0.118814
56,1831,0.119007
57,1778,0.119194
58,1620,0.119364
59,1421,0.119514
60,1387,0.119660
61,1286,0.119795
62,1231,0.119925
63,999,0.120030
64,911,0.120126
65,1809,0.120316
66,12195,0.121600
67,36653,0.125458
68,57219,0.131480
69,68112,0.138650
70,74982,0.146542
71,79039,0.154861
72,83233,0.163622
73,85340,0.172604
74,87151,0.181777
75,88816,0.191126
76,96333,0.201265
77,108608,0.212697
78,116878,0.224999
79,119198,0.237545
80,116817,0.249840
81,112193,0.261649
82,106717,0.272882
83,102317,0.283651
84,97746,0.293939
85,93434,0.303774
86,87196,0.312951
87,80827,0.321459
88,74809,0.329333
89,69300,0.336627
90,64428,0.343408
91,59116,0.349631
92,53757,0.355289
93,48807,0.360426
94,45160,0.365179
95,40594,0.369452
96,37064,0.373353
97,33732,0.376904
98,30562,0.380121
99,28075,0.383076
100,25696,0.385780
101,23459,0.388249
102,21275,0.390489
103,19661,0.392558
104,18200,0.394474
105,16816,0.396244
106,15848,0.397912
107,14358,0.399423
108,13700,0.400865
109,13004,0.402234
110,11908,0.403487
111,11371,0.404684
112,10861,0.405827
113,10433,0.406925
114,9993,0.407977
115,9633,0.408991
116,9158,0.409955
117,8944,0.410896
118,8569,0.411798
119,8223,0.412664
120,8017,0.413508
121,7669,0.414315
122,7367,0.415090
123,7267,0.415855
124,7033,0.416595
125,6710,0.417302
126,6441,0.417980
127,6215,0.418634
128,5981,0.419263
129,5749,0.419868
130,5619,0.420460
131,5182,0.421005
132,4992,0.421531
133,4822,0.422038
134,4612,0.422524
135,4327,0.422979
136,4079,0.423408
137,3770,0.423805
138,3637,0.424188
139,3509,0.424557
140,3240,0.424898
141,3094,0.425224
142,2964,0.425536
143,2844,0.425835
144,2626,0.426112
145,2551,0.426380
146,2613,0.426655
147,3026,0.426974
148,3639,0.427357
149,4820,0.427864
150,6518,0.428550
151,8639,0.429460
152,11961,0.430719
153,15268,0.432326
154,19212,0.434348
155,23499,0.436821
156,28386,0.439809
157,33738,0.443360
158,39776,0.447547
159,46148,0.452404
160,52591,0.457939
161,59562,0.464209
162,66894,0.471249
163,74208,0.479060
164,81054,0.487592
165,87761,0.496829
166,94712,0.506798
167,101623,0.517494
168,106631,0.528718
169,112101,0.540517
170,116234,0.552751
171,120042,0.565386
172,123025,0.578335
173,124654,0.591455
174,126192,0.604738
175,127158,0.618122
176,126742,0.631462
177,126229,0.644748
178,123603,0.657758
179,122184,0.670618
180,120047,0.683254
181,117464,0.695618
182,113734,0.707589
183,109876,0.719154
184,106132,0.730325
185,102736,0.741138
186,97808,0.751433
187,94152,0.761343
188,89880,0.770803
189,85093,0.779760
190,81409,0.788328
191,78061,0.796545
192,73896,0.804323
193,70205,0.811712
194,67272,0.818793
195,63866,0.825515
196,60953,0.831930
197,58037,0.838039
198,54880,0.843816
199,52594,0.849351
200,49842,0.854597
201,48012,0.859651
202,46117,0.864505
203,43570,0.869091
204,42205,0.873533
205,39982,0.877742
206,38619,0.881806
207,37032,0.885704
208,35734,0.889465
209,34146,0.893059
210,33118,0.896545
211,32047,0.899918
212,30567,0.903136
213,29944,0.906287
214,29074,0.909348
215,28158,0.912311
216,26871,0.915140
217,25893,0.917865
218,25103,0.920507
219,24139,0.923048
220,23381,0.925509
221,22482,0.927875
222,21742,0.930164
223,21135,0.932388
224,20455,0.934541
225,19193,0.936561
226,18959,0.938557
227,17845,0.940435
228,17492,0.942276
229,16796,0.944044
230,16109,0.945740
231,15623,0.947384
232,15054,0.948969
233,14345,0.950479
234,14043,0.951957
235,13290,0.953356
236,12637,0.954686
237,12176,0.955967
238,11759,0.957205
239,11201,0.958384
240,10961,0.959538
241,10343,0.960626
242,10026,0.961682
243,9515,0.962683
244,9070,0.963638
245,8687,0.964552
246,8544,0.965451
247,8194,0.966314
248,7786,0.967133
249,7505,0.967923
250,7346,0.968696
251,6906,0.969423
252,6530,0.970111
253,6431,0.970788
254,6201,0.971440
255,6069,0.972079
256,5658,0.972675
257,5537,0.973257
258,5337,0.973819
259,5309,0.974378
260,4971,0.974901
261,4834,0.975410
262,4687,0.975903
263,4451,0.976372
264,4306,0.976825
265,4172,0.977264
266,4077,0.977693
267,3907,0.978104
268,3715,0.978495
269,3650,0.978880
270,3645,0.979263
271,3448,0.979626
272,3321,0.979976
273,3130,0.980305
274,2978,0.980619
275,3027,0.980937
276,2894,0.981242
277,2844,0.981541
278,2727,0.981828
279,2664,0.982109
280,2479,0.982370
281,2454,0.982628
282,2308,0.982871
283,2320,0.983115
284,2172,0.983344
285,2025,0.983557
286,1992,0.983766
287,1974,0.983974
288,1898,0.984174
289,1928,0.984377
290,1812,0.984568
291,1820,0.984759
292,1642,0.984932
293,1664,0.985107
294,1681,0.985284
295,1556,0.985448
296,1507,0.985606
297,1481,0.985762
298,1481,0.985918
299,1487,0.986075
300,1369,0.986219
301,1275,0.986353
302,1291,0.986489
303,1353,0.986631
304,1193,0.986757
305,1241,0.986888
306,1170,0.987011
307,1161,0.987133
308,1127,0.987252
309,1085,0.987366
310,1113,0.987483
311,1029,0.987591
312,1015,0.987698
313,1005,0.987804
314,958,0.987905
315,939,0.988003
316,930,0.988101
317,914,0.988198
318,958,0.988298
319,832,0.988386
320,922,0.988483
321,841,0.988572
322,833,0.988659
323,869,0.988751
324,839,0.988839
325,730,0.988916
326,777,0.988998
327,723,0.989074
328,703,0.989148
329,734,0.989225
330,759,0.989305
331,702,0.989379
332,681,0.989450
333,656,0.989519
334,720,0.989595
335,657,0.989664
336,652,0.989733
337,617,0.989798
338,652,0.989867
339,651,0.989935
340,612,0.990000
341,582,0.990061
342,605,0.990124
343,613,0.990189
344,668,0.990259
345,566,0.990319
346,604,0.990382
347,629,0.990449
348,566,0.990508
349,593,0.990571
350,552,0.990629
351,572,0.990689
352,579,0.990750
353,533,0.990806
354,529,0.990862
355,537,0.990918
356,559,0.990977
357,519,0.991032
358,517,0.991086
359,521,0.991141
360,557,0.991200
361,541,0.991256
362,490,0.991308
363,498,0.991360
364,545,0.991418
365,488,0.991469
366,514,0.991523
367,529,0.991579
368,492,0.991631
369,503,0.991684
370,523,0.991739
371,488,0.991790
372,486,0.991841
373,505,0.991894
374,492,0.991946
375,455,0.991994
376,499,0.992047
377,470,0.992096
378,477,0.992146
379,458,0.992195
380,438,0.992241
381,485,0.992292
382,480,0.992342
383,476,0.992392
384,439,0.992438
385,498,0.992491
386,437,0.992537
387,447,0.992584
388,451,0.992631
389,460,0.992680
390,450,0.992727
391,424,0.992772
392,426,0.992817
393,466,0.992866
394,416,0.992909
395,429,0.992955
396,443,0.993001
397,463,0.993050
398,400,0.993092
399,393,0.993133
400,433,0.993179
401,377,0.993219
402,420,0.993263
403,397,0.993305
404,426,0.993350
405,411,0.993393
406,380,0.993433
407,417,0.993477
408,394,0.993518
409,396,0.993560
410,394,0.993601
411,364,0.993640
412,379,0.993680
413,366,0.993718
414,369,0.993757
415,347,0.993793
416,399,0.993835
417,393,0.993877
418,369,0.993916
419,327,0.993950
420,359,0.993988
421,378,0.994028
422,380,0.994068
423,333,0.994103
424,344,0.994139
425,319,0.994172
426,361,0.994210
427,340,0.994246
428,308,0.994279
429,339,0.994314
430,315,0.994348
431,302,0.994379
432,278,0.994409
433,292,0.994439
434,292,0.994470
435,279,0.994499
436,279,0.994529
437,310,0.994561
438,264,0.994589
439,278,0.994618
440,298,0.994650
441,241,0.994675
442,283,0.994705
443,248,0.994731
444,272,0.994760
445,263,0.994787
446,261,0.994815
447,245,0.994841
448,217,0.994863
449,202,0.994885
450,221,0.994908
451,194,0.994928
452,239,0.994954
453,228,0.994978
454,192,0.994998
455,203,0.995019
456,247,0.995045
457,193,0.995065
458,195,0.995086
459,193,0.995106
460,215,0.995129
461,210,0.995151
462,199,0.995172
463,177,0.995191
464,174,0.995209
465,184,0.995228
466,195,0.995249
467,176,0.995267
468,181,0.995286
469,171,0.995304
470,171,0.995322
471,157,0.995339
472,139,0.995354
473,153,0.995370
474,161,0.995387
475,151,0.995402
476,142,0.995417
477,141,0.995432
478,130,0.995446
479,131,0.995460
480,134,0.995474
481,128,0.995487
482,111,0.995499
483,116,0.995511
484,112,0.995523
485,122,0.995536
486,127,0.995549
487,127,0.995563
488,101,0.995573
489,120,0.995586
490,123,0.995599
491,102,0.995610
492,102,0.995620
493,116,0.995632
494,113,0.995644
495,94,0.995654
496,115,0.995666
497,88,0.995676
498,108,0.995687
499,110,0.995699
500,84,0.995707
501,88,0.995717
502,92,0.995726
503,79,0.995735
504,88,0.995744
505,88,0.995753
506,94,0.995763
507,66,0.995770
508,70,0.995777
509,87,0.995787
510,96,0.995797
511,67,0.995804
512,81,0.995812
513,65,0.995819
514,75,0.995827
515,72,0.995835
516,81,0.995843
517,74,0.995851
518,69,0.995858
519,48,0.995863
520,62,0.995870
521,55,0.995875
522,56,0.995881
523,74,0.995889
524,61,0.995896
525,49,0.995901
526,67,0.995908
527,48,0.995913
528,46,0.995918
529,65,0.995925
530,49,0.995930
531,57,0.995936
532,50,0.995941
533,51,0.995946
534,48,0.995951
535,43,0.995956
536,53,0.995961
537,56,0.995967
538,59,0.995974
539,52,0.995979
540,39,0.995983
541,40,0.995987
542,35,0.995991
543,43,0.995996
544,28,0.995999
545,43,0.996003
546,36,0.996007
547,33,0.996010
548,49,0.996015
549,33,0.996019
550,41,0.996023
551,35,0.996027
552,34,0.996031
553,47,0.996035
554,27,0.996038
555,35,0.996042
556,40,0.996046
557,28,0.996049
558,38,0.996053
559,29,0.996056
560,33,0.996060
561,26,0.996062
562,27,0.996065
563,39,0.996069
564,37,0.996073
565,32,0.996077
566,26,0.996079
567,29,0.996082
568,28,0.996085
569,25,0.996088
570,35,0.996092
571,26,0.996094
572,27,0.996097
573,28,0.996100
574,31,0.996103
575,26,0.996106
576,32,0.996110
577,18,0.996111
578,23,0.996114
579,32,0.996117
580,29,0.996120
581,18,0.996122
582,31,0.996125
583,21,0.996128
584,29,0.996131
585,17,0.996132
586,29,0.996136
587,21,0.996138
588,22,0.996140
589,20,0.996142
590,24,0.996145
591,16,0.996146
592,27,0.996149
593,19,0.996151
594,30,0.996154
595,12,0.996156
596,19,0.996158
597,24,0.996160
598,15,0.996162
599,20,0.996164
600,18,0.996166
601,19,0.996168
602,18,0.996170
603,21,0.996172
604,26,0.996175
605,25,0.996177
606,21,0.996179
607,20,0.996182
608,21,0.996184
609,19,0.996186
610,17,0.996188
611,25,0.996190
612,19,0.996192
613,20,0.996194
614,19,0.996196
615,14,0.996198
616,19,0.996200
617,15,0.996201
618,22,0.996204
619,13,0.996205
620,14,0.996207
621,16,0.996208
622,17,0.996210
623,25,0.996213
624,19,0.996215
625,7,0.996215
626,20,0.996217
627,15,0.996219
628,16,0.996221
629,17,0.996222
630,14,0.996224
631,18,0.996226
632,21,0.996228
633,25,0.996231
634,20,0.996233
635,19,0.996235
636,16,0.996237
637,12,0.996238
638,11,0.996239
639,8,0.996240
640,9,0.996241
641,12,0.996242
642,17,0.996244
643,17,0.996246
644,10,0.996247
645,12,0.996248
646,7,0.996249
647,8,0.996249
648,8,0.996250
649,7,0.996251
650,14,0.996252
651,16,0.996254
652,13,0.996256
653,9,0.996257
654,11,0.996258
655,13,0.996259
656,11,0.996260
657,15,0.996262
658,10,0.996263
659,10,0.996264
660,11,0.996265
661,17,0.996267
662,8,0.996268
663,14,0.996269
664,11,0.996270
665,5,0.996271
666,11,0.996272
667,12,0.996273
668,5,0.996274
669,18,0.996276
670,12,0.996277
671,8,0.996278
672,11,0.996279
673,10,0.996280
674,18,0.996282
675,7,0.996283
676,13,0.996284
677,11,0.996285
678,14,0.996287
679,6,0.996287
680,10,0.996288
681,9,0.996289
682,6,0.996290
683,8,0.996291
684,12,0.996292
685,6,0.996293
686,5,0.996293
687,7,0.996294
688,3,0.996294
689,6,0.996295
690,10,0.996296
691,10,0.996297
692,11,0.996298
693,9,0.996299
694,15,0.996301
695,9,0.996302
696,8,0.996302
697,7,0.996303
698,6,0.996304
699,10,0.996305
700,12,0.996306
701,9,0.996307
702,7,0.996308
703,13,0.996309
704,8,0.996310
705,9,0.996311
706,11,0.996312
707,9,0.996313
708,8,0.996314
709,7,0.996315
710,6,0.996315
711,14,0.996317
712,7,0.996317
713,5,0.996318
714,8,0.996319
715,10,0.996320
716,11,0.996321
717,5,0.996322
718,4,0.996322
719,8,0.996323
720,8,0.996324
721,8,0.996324
722,3,0.996325
723,11,0.996326
724,2,0.996326
725,9,0.996327
726,6,0.996328
727,5,0.996328
728,9,0.996329
729,2,0.996329
730,5,0.996330
731,12,0.996331
732,3,0.996332
733,7,0.996332
734,8,0.996333
735,3,0.996333
736,7,0.996334
737,5,0.996335
738,9,0.996336
739,11,0.996337
740,7,0.996338
741,5,0.996338
742,9,0.996339
743,9,0.996340
744,8,0.996341
745,2,0.996341
746,3,0.996341
747,3,0.996342
748,9,0.996343
749,7,0.996343
750,3,0.996344
751,6,0.996344
752,8,0.996345
753,2,0.996345
754,6,0.996346
755,5,0.996346
756,6,0.996347
757,6,0.996348
758,6,0.996348
759,8,0.996349
760,5,0.996350
761,6,0.996350
762,3,0.996351
763,5,0.996351
764,7,0.996352
766,3,0.996352
767,2,0.996352
768,1,0.996353
769,5,0.996353
770,5,0.996354
771,8,0.996355
772,4,0.996355
773,3,0.996355
774,7,0.996356
775,4,0.996356
776,2,0.996357
777,8,0.996357
778,5,0.996358
779,4,0.996358
780,5,0.996359
781,3,0.996359
782,5,0.996360
783,2,0.996360
784,2,0.996360
785,1,0.996360
786,4,0.996361
787,8,0.996362
788,7,0.996362
789,5,0.996363
790,7,0.996364
791,7,0.996364
792,4,0.996365
793,3,0.996365
794,4,0.996365
795,1,0.996366
796,1,0.996366
797,5,0.996366
798,3,0.996367
799,4,0.996367
800,9,0.996368
801,3,0.996368
802,3,0.996368
803,4,0.996369
804,4,0.996369
805,2,0.996370
806,3,0.996370
807,1,0.996370
808,6,0.996371
809,4,0.996371
810,3,0.996371
811,2,0.996372
812,4,0.996372
813,3,0.996372
814,7,0.996373
815,2,0.996373
816,7,0.996374
817,6,0.996375
818,2,0.996375
819,2,0.996375
820,2,0.996375
821,3,0.996376
822,4,0.996376
823,4,0.996376
824,4,0.996377
825,3,0.996377
826,4,0.996378
827,5,0.996378
828,3,0.996378
829,2,0.996379
830,5,0.996379
831,2,0.996379
832,5,0.996380
833,1,0.996380
834,2,0.996380
835,3,0.996381
836,7,0.996381
837,4,0.996382
838,7,0.996382
839,1,0.996382
840,3,0.996383
841,1,0.996383
842,4,0.996383
843,1,0.996383
844,4,0.996384
845,3,0.996384
846,5,0.996385
847,4,0.996385
848,1,0.996385
849,4,0.996386
850,5,0.996386
851,6,0.996387
852,1,0.996387
853,5,0.996387
854,3,0.996388
855,3,0.996388
856,6,0.996389
857,4,0.996389
858,1,0.996389
859,2,0.996389
860,3,0.996390
861,3,0.996390
862,3,0.996390
863,2,0.996391
864,3,0.996391
865,3,0.996391
866,2,0.996391
867,5,0.996392
868,4,0.996392
869,2,0.996393
870,3,0.996393
871,5,0.996393
872,9,0.996394
873,4,0.996395
874,5,0.996395
875,7,0.996396
876,6,0.996397
877,2,0.996397
878,7,0.996398
879,8,0.996399
880,8,0.996399
881,4,0.996400
882,8,0.996401
883,5,0.996401
884,4,0.996402
885,4,0.996402
886,6,0.996403
887,5,0.996403
888,15,0.996405
889,7,0.996405
890,9,0.996406
891,10,0.996407
892,9,0.996408
893,7,0.996409
894,7,0.996410
895,8,0.996411
896,13,0.996412
897,6,0.996413
898,10,0.996414
899,10,0.996415
900,12,0.996416
901,10,0.996417
902,18,0.996419
903,9,0.996420
904,11,0.996421
905,5,0.996422
906,11,0.996423
907,17,0.996425
908,13,0.996426
909,10,0.996427
910,8,0.996428
911,10,0.996429
912,11,0.996430
913,16,0.996432
914,10,0.996433
915,10,0.996434
916,15,0.996435
917,11,0.996437
918,13,0.996438
919,10,0.996439
920,16,0.996441
921,16,0.996442
922,13,0.996444
923,9,0.996445
924,11,0.996446
925,12,0.996447
926,11,0.996448
927,9,0.996449
928,10,0.996450
929,14,0.996452
930,13,0.996453
931,11,0.996454
932,5,0.996455
933,9,0.996456
934,10,0.996457
935,8,0.996458
936,15,0.996459
937,8,0.996460
938,9,0.996461
939,6,0.996462
940,7,0.996462
941,12,0.996464
942,13,0.996465
943,6,0.996466
944,12,0.996467
945,10,0.996468
946,7,0.996469
947,10,0.996470
948,13,0.996471
949,11,0.996472
950,6,0.996473
951,7,0.996474
952,6,0.996474
953,14,0.996476
954,13,0.996477
955,6,0.996478
956,13,0.996479
957,8,0.996480
958,6,0.996481
959,13,0.996482
960,8,0.996483
961,11,0.996484
962,12,0.996485
963,5,0.996486
964,8,0.996487
965,8,0.996487
966,7,0.996488
967,7,0.996489
968,4,0.996489
969,5,0.996490
970,4,0.996490
971,7,0.996491
972,7,0.996492
973,7,0.996493
974,2,0.996493
975,6,0.996493
976,5,0.996494
977,9,0.996495
978,7,0.996496
979,12,0.996497
980,8,0.996498
981,4,0.996498
982,12,0.996499
983,10,0.996500
984,12,0.996502
985,14,0.996503
986,12,0.996504
987,11,0.996506
988,10,0.996507
989,9,0.996508
990,10,0.996509
991,7,0.996509
992,10,0.996510
993,5,0.996511
994,6,0.996512
995,9,0.996512
996,12,0.996514
997,6,0.996514
998,10,0.996515
999,15,0.996517
1000,11,0.996518
1001,10,0.996519
1002,11,0.996520
1003,10,0.996521
1004,8,0.996522
1005,8,0.996523
1006,8,0.996524
1007,3,0.996524
1008,12,0.996526
1009,12,0.996527
1010,12,0.996528
1011,13,0.996529
1012,9,0.996530
1013,20,0.996532
1014,15,0.996534
1015,21,0.996536
1016,18,0.996538
1017,15,0.996540
1018,14,0.996541
1019,18,0.996543
1020,28,0.996546
1021,15,0.996548
1022,17,0.996549
1023,19,0.996551
1024,22,0.996554
1025,22,0.996556
1026,18,0.996558
1027,20,0.996560
1028,26,0.996563
1029,17,0.996565
1030,27,0.996567
1031,34,0.996571
1032,32,0.996574
1033,25,0.996577
1034,29,0.996580
1035,32,0.996583
1036,31,0.996587
1037,36,0.996590
1038,28,0.996593
1039,37,0.996597
1040,27,0.996600
1041,32,0.996604
1042,34,0.996607
1043,37,0.996611
1044,41,0.996615
1045,34,0.996619
1046,37,0.996623
1047,41,0.996627
1048,35,0.996631
1049,35,0.996634
1050,41,0.996639
1051,27,0.996642
1052,29,0.996645
1053,40,0.996649
1054,39,0.996653
1055,41,0.996657
1056,47,0.996662
1057,42,0.996667
1058,52,0.996672
1059,55,0.996678
1060,53,0.996684
1061,57,0.996689
1062,41,0.996694
1063,50,0.996699
1064,56,0.996705
1065,55,0.996711
1066,56,0.996717
1067,67,0.996724
1068,64,0.996730
1069,55,0.996736
1070,49,0.996741
1071,52,0.996747
1072,62,0.996753
1073,75,0.996761
1074,78,0.996769
1075,77,0.996778
1076,60,0.996784
1077,79,0.996792
1078,74,0.996800
1079,74,0.996808
1080,71,0.996815
1081,75,0.996823
1082,71,0.996831
1083,82,0.996839
1084,91,0.996849
1085,89,0.996858
1086,79,0.996867
1087,85,0.996876
1088,85,0.996884
1089,69,0.996892
1090,100,0.996902
1091,104,0.996913
1092,97,0.996923
1093,87,0.996933
1094,93,0.996942
1095,100,0.996953
1096,111,0.996965
1097,107,0.996976
1098,95,0.996986
1099,101,0.996996
1100,117,0.997009
1101,119,0.997021
1102,100,0.997032
1103,123,0.997045
1104,132,0.997059
1105,119,0.997071
1106,124,0.997084
1107,118,0.997097
1108,121,0.997109
1109,143,0.997124
1110,116,0.997137
1111,129,0.997150
1112,133,0.997164
1113,165,0.997182
1114,126,0.997195
1115,146,0.997210
1116,144,0.997225
1117,150,0.997241
1118,142,0.997256
1119,157,0.997273
1120,161,0.997290
1121,170,0.997307
1122,158,0.997324
1123,182,0.997343
1124,164,0.997361
1125,179,0.997379
1126,181,0.997398
1127,176,0.997417
1128,180,0.997436
1129,190,0.997456
1130,198,0.997477
1131,199,0.997498
1132,204,0.997519
1133,206,0.997541
1134,205,0.997562
1135,210,0.997585
1136,210,0.997607
1137,226,0.997630
1138,211,0.997653
1139,220,0.997676
1140,215,0.997698
1141,240,0.997724
1142,173,0.997742
1143,201,0.997763
1144,216,0.997786
1145,234,0.997810
1146,239,0.997836
1147,220,0.997859
1148,226,0.997882
1149,226,0.997906
1150,249,0.997932
1151,236,0.997957
1152,249,0.997984
1153,242,0.998009
1154,259,0.998036
1155,229,0.998060
1156,225,0.998084
1157,253,0.998111
1158,232,0.998135
1159,241,0.998160
1160,238,0.998186
1161,243,0.998211
1162,246,0.998237
1163,244,0.998263
1164,244,0.998288
1165,226,0.998312
1166,254,0.998339
1167,233,0.998363
1168,217,0.998386
1169,227,0.998410
1170,218,0.998433
1171,248,0.998459
1172,269,0.998487
1173,226,0.998511
1174,260,0.998539
1175,241,0.998564
1176,238,0.998589
1177,224,0.998613
1178,240,0.998638
1179,254,0.998665
1180,212,0.998687
1181,242,0.998712
1182,214,0.998735
1183,204,0.998756
1184,215,0.998779
1185,193,0.998799
1186,196,0.998820
1187,188,0.998840
1188,210,0.998862
1189,204,0.998883
1190,199,0.998904
1191,191,0.998924
1192,188,0.998944
1193,193,0.998964
1194,196,0.998985
1195,169,0.999003
1196,178,0.999022
1197,173,0.999040
1198,172,0.999058
1199,136,0.999072
1200,147,0.999088
1201,179,0.999107
1202,155,0.999123
1203,137,0.999137
1204,144,0.999152
1205,143,0.999168
1206,152,0.999184
1207,138,0.999198
1208,140,0.999213
1209,134,0.999227
1210,135,0.999241
1211,137,0.999256
1212,128,0.999269
1213,111,0.999281
1214,103,0.999292
1215,117,0.999304
1216,90,0.999313
1217,100,0.999324
1218,97,0.999334
1219,98,0.999344
1220,78,0.999353
1221,99,0.999363
1222,101,0.999374
1223,81,0.999382
1224,87,0.999391
1225,102,0.999402
1226,95,0.999412
1227,66,0.999419
1228,76,0.999427
1229,68,0.999434
1230,81,0.999443
1231,70,0.999450
1232,77,0.999458
1233,79,0.999466
1234,73,0.999474
1235,62,0.999481
1236,51,0.999486
1237,72,0.999494
1238,61,0.999500
1239,67,0.999507
1240,54,0.999513
1241,53,0.999518
1242,61,0.999525
1243,48,0.999530
1244,55,0.999536
1245,47,0.999541
1246,47,0.999546
1247,40,0.999550
1248,43,0.999554
1249,48,0.999559
1250,41,0.999564
1251,51,0.999569
1252,41,0.999573
1253,58,0.999579
1254,43,0.999584
1255,57,0.999590
1256,49,0.999595
1257,41,0.999599
1258,36,0.999603
1259,33,0.999607
1260,50,0.999612
1261,39,0.999616
1262,36,0.999620
1263,31,0.999623
1264,29,0.999626
1265,35,0.999630
1266,36,0.999634
1267,32,0.999637
1268,33,0.999640
1269,21,0.999643
1270,23,0.999645
1271,27,0.999648
1272,33,0.999651
1273,28,0.999654
1274,30,0.999658
1275,25,0.999660
1276,23,0.999663
1277,17,0.999664
1278,27,0.999667
1279,21,0.999669
1280,16,0.999671
1281,26,0.999674
1282,22,0.999676
1283,23,0.999679
1284,11,0.999680
1285,8,0.999681
1286,12,0.999682
1287,19,0.999684
1288,22,0.999686
1289,20,0.999688
1290,16,0.999690
1291,18,0.999692
1292,12,0.999693
1293,21,0.999695
1294,13,0.999697
1295,24,0.999699
1296,12,0.999700
1297,18,0.999702
1298,12,0.999704
1299,20,0.999706
1300,9,0.999707
1301,21,0.999709
1302,9,0.999710
1303,18,0.999712
1304,14,0.999713
1305,11,0.999714
1306,15,0.999716
1307,21,0.999718
1308,14,0.999720
1309,11,0.999721
1310,8,0.999722
1311,21,0.999724
1312,17,0.999726
1313,12,0.999727
1314,15,0.999728
1315,7,0.999729
1316,8,0.999730
1317,16,0.999732
1318,7,0.999732
1319,7,0.999733
1320,15,0.999735
1321,9,0.999736
1322,9,0.999737
1323,8,0.999738
1324,10,0.999739
1325,7,0.999739
1326,10,0.999740
1327,10,0.999741
1328,16,0.999743
1329,7,0.999744
1330,12,0.999745
1331,5,0.999746
1332,11,0.999747
1333,7,0.999748
1334,4,0.999748
1335,5,0.999748
1336,10,0.999749
1337,3,0.999750
1338,9,0.999751
1339,7,0.999752
1340,8,0.999752
1341,1,0.999752
1342,4,0.999753
1343,8,0.999754
1344,6,0.999754
1345,8,0.999755
1346,2,0.999755
1347,3,0.999756
1348,3,0.999756
1349,5,0.999757
1350,6,0.999757
1351,6,0.999758
1352,7,0.999759
1353,4,0.999759
1354,3,0.999759
1355,6,0.999760
1356,2,0.999760
1357,5,0.999761
1358,5,0.999761
1359,3,0.999762
1360,6,0.999762
1361,3,0.999762
1362,3,0.999763
1363,3,0.999763
1364,8,0.999764
1365,7,0.999765
1366,5,0.999765
1367,6,0.999766
1368,6,0.999766
1369,4,0.999767
1370,2,0.999767
1371,4,0.999767
1372,5,0.999768
1373,2,0.999768
1374,6,0.999769
1375,6,0.999770
1376,4,0.999770
1377,7,0.999771
1378,6,0.999771
1379,7,0.999772
1380,4,0.999772
1381,3,0.999773
1382,4,0.999773
1383,5,0.999774
1384,1,0.999774
1385,4,0.999774
1386,5,0.999775
1387,6,0.999775
1389,4,0.999776
1390,8,0.999777
1391,10,0.999778
1392,5,0.999778
1393,7,0.999779
1394,6,0.999780
1395,1,0.999780
1396,2,0.999780
1397,4,0.999780
1398,5,0.999781
1399,3,0.999781
1400,3,0.999781
1401,4,0.999782
1402,3,0.999782
1403,4,0.999783
1404,3,0.999783
1405,1,0.999783
1406,3,0.999783
1407,5,0.999784
1408,4,0.999784
1409,5,0.999785
1410,5,0.999785
1411,4,0.999786
1412,6,0.999786
1413,3,0.999787
1414,3,0.999787
1415,1,0.999787
1416,3,0.999788
1417,4,0.999788
1418,5,0.999788
1419,5,0.999789
1420,1,0.999789
1421,5,0.999790
1422,4,0.999790
1423,4,0.999790
1424,6,0.999791
1425,3,0.999791
1426,3,0.999792
1427,4,0.999792
1428,5,0.999793
1429,3,0.999793
1430,4,0.999793
1431,2,0.999794
1432,5,0.999794
1433,5,0.999795
1434,2,0.999795
1435,4,0.999795
1436,6,0.999796
1437,5,0.999796
1438,4,0.999797
1439,5,0.999797
1440,4,0.999798
1441,3,0.999798
1442,5,0.999799
1443,4,0.999799
1444,4,0.999799
1445,3,0.999800
1446,4,0.999800
1447,4,0.999801
1448,4,0.999801
1449,3,0.999801
1450,7,0.999802
1451,4,0.999803
1452,3,0.999803
1453,4,0.999803
1454,3,0.999804
1455,4,0.999804
1456,5,0.999805
1457,5,0.999805
1458,4,0.999806
1459,12,0.999807
1460,4,0.999807
1461,5,0.999808
1462,6,0.999808
1463,2,0.999809
1464,5,0.999809
1465,4,0.999810
1466,4,0.999810
1467,3,0.999810
1468,2,0.999810
1469,7,0.999811
1470,14,0.999813
1471,10,0.999814
1472,4,0.999814
1473,2,0.999814
1474,5,0.999815
1475,8,0.999816
1476,5,0.999816
1477,6,0.999817
1478,4,0.999817
1479,7,0.999818
1480,4,0.999818
1481,9,0.999819
1482,4,0.999820
1483,6,0.999820
1484,5,0.999821
1485,9,0.999822
1486,8,0.999823
1487,5,0.999823
1488,4,0.999824
1489,5,0.999824
1490,6,0.999825
1491,6,0.999825
1492,5,0.999826
1493,3,0.999826
1494,4,0.999827
1495,7,0.999828
1496,5,0.999828
1497,6,0.999829
1498,6,0.999829
1499,11,0.999830
1500,7,0.999831
1501,7,0.999832
1502,6,0.999833
1503,8,0.999833
1504,10,0.999834
1505,5,0.999835
1506,5,0.999835
1507,7,0.999836
1508,9,0.999837
1509,4,0.999838
1510,5,0.999838
1511,8,0.999839
1512,10,0.999840
1513,9,0.999841
1514,8,0.999842
1515,7,0.999843
1516,6,0.999843
1517,7,0.999844
1518,5,0.999844
1519,6,0.999845
1520,6,0.999846
1521,10,0.999847
1522,14,0.999848
1523,8,0.999849
1524,9,0.999850
1525,1,0.999850
1526,11,0.999851
1527,11,0.999852
1528,3,0.999853
1529,7,0.999853
1530,10,0.999855
1531,9,0.999855
1532,6,0.999856
1533,10,0.999857
1534,8,0.999858
1535,5,0.999859
1536,10,0.999860
1537,7,0.999860
1538,8,0.999861
1539,11,0.999862
1540,4,0.999863
1541,8,0.999864
1542,5,0.999864
1543,9,0.999865
1544,7,0.999866
1545,12,0.999867
1546,6,0.999868
1547,10,0.999869
1548,9,0.999870
1549,6,0.999870
1550,6,0.999871
1551,3,0.999871
1552,4,0.999872
1553,2,0.999872
1554,4,0.999872
1555,11,0.999873
1556,7,0.999874
1557,6,0.999875
1558,10,0.999876
1559,3,0.999876
1560,2,0.999876
1561,13,0.999878
1562,8,0.999879
1563,5,0.999879
1564,8,0.999880
1565,11,0.999881
1566,14,0.999883
1567,8,0.999883
1568,9,0.999884
1569,6,0.999885
1570,7,0.999886
1571,5,0.999886
1572,13,0.999888
1573,6,0.999888
1574,8,0.999889
1575,6,0.999890
1576,7,0.999891
1577,8,0.999891
1578,4,0.999892
1579,9,0.999893
1580,9,0.999894
1581,3,0.999894
1582,8,0.999895
1583,4,0.999895
1584,9,0.999896
1585,9,0.999897
1586,5,0.999898
1587,7,0.999898
1588,7,0.999899
1589,3,0.999900
1590,3,0.999900
1591,6,0.999900
1592,7,0.999901
1593,7,0.999902
1594,4,0.999902
1595,6,0.999903
1596,5,0.999904
1597,5,0.999904
1598,4,0.999904
1599,7,0.999905
1600,5,0.999906
1601,5,0.999906
1602,4,0.999907
1603,3,0.999907
1604,5,0.999907
1605,9,0.999908
1606,10,0.999909
1607,6,0.999910
1608,10,0.999911
1609,10,0.999912
1610,8,0.999913
1611,3,0.999913
1612,12,0.999915
1613,2,0.999915
1614,2,0.999915
1615,8,0.999916
1616,2,0.999916
1617,5,0.999917
1618,5,0.999917
1619,8,0.999918
1620,3,0.999918
1621,4,0.999919
1622,7,0.999919
1623,6,0.999920
1624,2,0.999920
1625,5,0.999921
1626,7,0.999922
1627,4,0.999922
1628,6,0.999923
1629,5,0.999923
1630,6,0.999924
1631,2,0.999924
1632,11,0.999925
1633,8,0.999926
1634,6,0.999927
1635,6,0.999927
1636,4,0.999928
1637,3,0.999928
1638,6,0.999929
1639,4,0.999929
1640,4,0.999929
1641,5,0.999930
1642,5,0.999931
1643,2,0.999931
1644,4,0.999931
1645,8,0.999932
1646,4,0.999932
1647,6,0.999933
1648,4,0.999933
1649,2,0.999934
1650,2,0.999934
1651,5,0.999934
1652,4,0.999935
1653,4,0.999935
1654,5,0.999936
1655,6,0.999936
1656,2,0.999937
1657,7,0.999937
1659,2,0.999938
1660,2,0.999938
1661,7,0.999939
1662,2,0.999939
1663,5,0.999939
1664,4,0.999940
1665,4,0.999940
1666,5,0.999941
1667,4,0.999941
1668,7,0.999942
1669,1,0.999942
1670,8,0.999943
1671,3,0.999943
1672,1,0.999943
1673,3,0.999943
1674,3,0.999944
1675,4,0.999944
1676,5,0.999945
1677,4,0.999945
1678,3,0.999945
1679,2,0.999946
1680,5,0.999946
1681,4,0.999947
1682,2,0.999947
1683,2,0.999947
1684,6,0.999948
1685,3,0.999948
1686,3,0.999948
1687,2,0.999949
1688,3,0.999949
1689,1,0.999949
1690,2,0.999949
1691,1,0.999949
1692,2,0.999949
1693,6,0.999950
1694,2,0.999950
1695,6,0.999951
1696,2,0.999951
1697,1,0.999951
1698,1,0.999951
1699,3,0.999952
1701,1,0.999952
1702,5,0.999952
1704,1,0.999952
1705,1,0.999953
1706,2,0.999953
1708,4,0.999953
1709,7,0.999954
1710,4,0.999954
1711,1,0.999954
1712,2,0.999955
1713,2,0.999955
1714,3,0.999955
1715,5,0.999956
1716,1,0.999956
1717,4,0.999956
1718,1,0.999956
1719,3,0.999957
1720,2,0.999957
1721,1,0.999957
1722,4,0.999957
1723,3,0.999958
1724,2,0.999958
1725,1,0.999958
1726,3,0.999958
1727,3,0.999959
1728,2,0.999959
1730,1,0.999959
1731,2,0.999959
1732,2,0.999959
1733,3,0.999960
1734,2,0.999960
1736,2,0.999960
1737,6,0.999961
1738,4,0.999961
1739,3,0.999961
1740,1,0.999962
1741,3,0.999962
1743,2,0.999962
1744,2,0.999962
1745,4,0.999963
1746,1,0.999963
1748,1,0.999963
1752,4,0.999963
1754,1,0.999963
1755,3,0.999964
1757,1,0.999964
1759,1,0.999964
1760,3,0.999964
1761,1,0.999964
1763,1,0.999965
1765,1,0.999965
1766,1,0.999965
1767,1,0.999965
1768,1,0.999965
1769,4,0.999965
1770,4,0.999966
1771,4,0.999966
1772,2,0.999966
1773,1,0.999967
1774,1,0.999967
1776,1,0.999967
1778,1,0.999967
1779,1,0.999967
1781,2,0.999967
1782,2,0.999967
1783,1,0.999967
1784,2,0.999968
1785,4,0.999968
1786,1,0.999968
1789,3,0.999969
1791,1,0.999969
1792,3,0.999969
1793,1,0.999969
1794,2,0.999969
1796,1,0.999969
1798,1,0.999969
1799,2,0.999970
1801,1,0.999970
1804,1,0.999970
1806,1,0.999970
1807,2,0.999970
1808,1,0.999970
1809,1,0.999970
1810,1,0.999971
1811,2,0.999971
1812,2,0.999971
1813,5,0.999971
1814,1,0.999972
1815,1,0.999972
1816,1,0.999972
1817,1,0.999972
1818,1,0.999972
1819,2,0.999972
1820,1,0.999972
1821,1,0.999972
1823,1,0.999973
1825,1,0.999973
1827,3,0.999973
1830,1,0.999973
1831,2,0.999973
1833,1,0.999973
1836,1,0.999973
1837,1,0.999974
1838,1,0.999974
1839,1,0.999974
1843,1,0.999974
1844,2,0.999974
1847,1,0.999974
1849,3,0.999975
1851,1,0.999975
1853,3,0.999975
1855,1,0.999975
1860,1,0.999975
1862,2,0.999975
1863,1,0.999976
1864,2,0.999976
1865,2,0.999976
1866,1,0.999976
1867,1,0.999976
1868,1,0.999976
1869,2,0.999976
1871,1,0.999977
1872,2,0.999977
1873,1,0.999977
1874,2,0.999977
1876,1,0.999977
1877,1,0.999977
1878,2,0.999977
1880,1,0.999978
1881,3,0.999978
1882,1,0.999978
1884,1,0.999978
1886,1,0.999978
1887,2,0.999978
1888,1,0.999979
1889,2,0.999979
1890,1,0.999979
1893,1,0.999979
1894,1,0.999979
1895,1,0.999979
1896,1,0.999979
1897,1,0.999979
1900,2,0.999980
1901,1,0.999980
1902,1,0.999980
1904,2,0.999980
1908,1,0.999980
1909,1,0.999980
1914,2,0.999980
1917,1,0.999981
1924,1,0.999981
1925,1,0.999981
1926,1,0.999981
1938,1,0.999981
1940,1,0.999981
1941,3,0.999981
1942,2,0.999982
1943,1,0.999982
1949,1,0.999982
1953,2,0.999982
1954,1,0.999982
1956,1,0.999982
1957,1,0.999982
1959,1,0.999982
1961,1,0.999983
1963,1,0.999983
1965,1,0.999983
1966,1,0.999983
1968,1,0.999983
1971,4,0.999983
1976,2,0.999984
1980,1,0.999984
1982,1,0.999984
1983,1,0.999984
1986,1,0.999984
1987,1,0.999984
1989,1,0.999984
1992,1,0.999984
1993,1,0.999984
1996,2,0.999985
1997,1,0.999985
2000,1,0.999985
2001,1,0.999985
2002,1,0.999985
2003,2,0.999985
2004,1,0.999985
2005,1,0.999985
2008,1,0.999986
2009,1,0.999986
2010,1,0.999986
2015,1,0.999986
2021,1,0.999986
2022,1,0.999986
2024,2,0.999986
2025,1,0.999986
2026,1,0.999987
2027,1,0.999987
2029,1,0.999987
2033,1,0.999987
2034,1,0.999987
2035,2,0.999987
2036,1,0.999987
2040,3,0.999988
2043,1,0.999988
2045,1,0.999988
2046,2,0.999988
2048,1,0.999988
2052,1,0.999988
2054,1,0.999988
2059,2,0.999989
2063,2,0.999989
2069,1,0.999989
2070,2,0.999989
2072,2,0.999989
2080,2,0.999989
2082,1,0.999990
2084,1,0.999990
2086,1,0.999990
2087,3,0.999990
2089,2,0.999990
2096,1,0.999990
2097,1,0.999991
2098,1,0.999991
2099,1,0.999991
2101,2,0.999991
2104,1,0.999991
2111,1,0.999991
2113,1,0.999991
2114,2,0.999991
2116,2,0.999992
2118,1,0.999992
2122,1,0.999992
2130,2,0.999992
2134,1,0.999992
2138,1,0.999992
2140,1,0.999992
2142,1,0.999993
2143,1,0.999993
2151,1,0.999993
2152,1,0.999993
2156,1,0.999993
2164,1,0.999993
2165,1,0.999993
2168,1,0.999993
2171,2,0.999994
2173,2,0.999994
2177,1,0.999994
2185,1,0.999994
2189,1,0.999994
2193,1,0.999994
2195,1,0.999994
2196,1,0.999994
2203,1,0.999994
2213,1,0.999995
2217,2,0.999995
2223,1,0.999995
2225,1,0.999995
2226,1,0.999995
2237,1,0.999995
2238,1,0.999995
2240,2,0.999995
2241,2,0.999996
2245,1,0.999996
2255,1,0.999996
2256,1,0.999996
2263,1,0.999996
2273,1,0.999996
2276,1,0.999996
2281,1,0.999996
2306,1,0.999997
2309,1,0.999997
2329,1,0.999997
2333,1,0.999997
2334,1,0.999997
2336,1,0.999997
2344,1,0.999997
2346,1,0.999997
2347,1,0.999997
2348,1,0.999997
2355,1,0.999998
2368,1,0.999998
2399,1,0.999998
2419,1,0.999998
2445,1,0.999998
2447,1,0.999998
2448,1,0.999998
2452,1,0.999998
2478,1,0.999998
2481,1,0.999999
2482,1,0.999999
2490,1,0.999999
2507,2,0.999999
2509,2,0.999999
2514,1,0.999999
2526,1,0.999999
2537,1,0.999999
2564,1,1.000000
2576,1,1.000000
2579,1,1.000000
2604,1,1.000000
2670,1,1.000000
