#latency,cnt,cdf
50,19,0.000002
60,4,0.000002
70,30,0.000005
80,13,0.000007
90,21,0.000009
100,17,0.000010
110,50,0.000015
120,16,0.000017
130,31,0.000020
140,26,0.000023
150,22,0.000025
160,20,0.000027
170,27,0.000030
180,52,0.000035
190,29,0.000038
200,31,0.000041
210,27,0.000044
220,40,0.000048
230,22,0.000050
240,26,0.000052
250,28,0.000055
260,34,0.000059
270,43,0.000063
280,34,0.000066
290,27,0.000069
300,28,0.000072
310,30,0.000075
320,35,0.000078
330,44,0.000083
340,33,0.000086
350,38,0.000090
360,32,0.000093
370,32,0.000096
380,35,0.000100
390,39,0.000104
400,46,0.000108
410,35,0.000112
420,46,0.000116
430,28,0.000119
440,37,0.000123
450,38,0.000127
460,45,0.000131
470,40,0.000135
480,49,0.000140
490,44,0.000144
500,40,0.000148
510,31,0.000151
520,46,0.000156
530,44,0.000160
540,43,0.000165
550,53,0.000170
560,47,0.000175
570,51,0.000180
580,45,0.000184
590,63,0.000191
600,56,0.000196
610,65,0.000203
620,58,0.000209
630,49,0.000213
640,67,0.000220
650,49,0.000225
660,78,0.000233
670,70,0.000240
680,64,0.000246
690,56,0.000252
700,90,0.000261
710,71,0.000268
720,74,0.000275
730,71,0.000282
740,81,0.000291
750,92,0.000300
760,65,0.000306
770,75,0.000314
780,98,0.000324
790,94,0.000333
800,114,0.000344
810,90,0.000353
820,93,0.000363
830,123,0.000375
840,108,0.000386
850,101,0.000396
860,104,0.000406
870,123,0.000419
880,117,0.000430
890,116,0.000442
900,115,0.000453
910,162,0.000470
920,117,0.000481
930,154,0.000497
940,122,0.000509
950,147,0.000524
960,133,0.000537
970,172,0.000554
980,169,0.000571
990,164,0.000587
1000,161,0.000603
1010,183,0.000622
1020,197,0.000641
1030,178,0.000659
1040,187,0.000678
1050,200,0.000698
1060,180,0.000716
1070,188,0.000735
1080,207,0.000755
1090,198,0.000775
1100,221,0.000797
1110,218,0.000819
1120,216,0.000841
1130,209,0.000862
1140,227,0.000884
1150,243,0.000909
1160,214,0.000930
1170,241,0.000954
1180,236,0.000978
1190,238,0.001002
1200,290,0.001031
1210,267,0.001057
1220,271,0.001084
1230,264,0.001111
1240,276,0.001138
1250,287,0.001167
1260,319,0.001199
1270,303,0.001229
1280,294,0.001259
1290,307,0.001289
1300,320,0.001321
1310,361,0.001357
1320,323,0.001390
1330,370,0.001427
1340,365,0.001463
1350,322,0.001495
1360,365,0.001532
1370,355,0.001567
1380,384,0.001606
1390,388,0.001645
1400,370,0.001682
1410,388,0.001720
1420,337,0.001754
1430,400,0.001794
1440,395,0.001834
1450,402,0.001874
1460,396,0.001913
1470,421,0.001956
1480,418,0.001997
1490,416,0.002039
1500,449,0.002084
1510,412,0.002125
1520,438,0.002169
1530,417,0.002211
1540,468,0.002257
1550,483,0.002306
1560,497,0.002355
1570,477,0.002403
1580,448,0.002448
1590,508,0.002499
1600,528,0.002551
1610,531,0.002605
1620,561,0.002661
1630,573,0.002718
1640,564,0.002774
1650,586,0.002833
1660,580,0.002891
1670,589,0.002950
1680,598,0.003010
1690,615,0.003071
1700,600,0.003131
1710,616,0.003193
1720,631,0.003256
1730,635,0.003319
1740,656,0.003385
1750,694,0.003454
1760,696,0.003524
1770,672,0.003591
1780,700,0.003661
1790,701,0.003731
1800,741,0.003805
1810,726,0.003878
1820,781,0.003956
1830,722,0.004028
1840,777,0.004106
1850,811,0.004187
1860,799,0.004267
1870,836,0.004351
1880,880,0.004439
1890,835,0.004522
1900,851,0.004607
1910,935,0.004701
1920,846,0.004785
1930,972,0.004882
1940,957,0.004978
1950,1003,0.005078
1960,1003,0.005179
1970,1045,0.005283
1980,1041,0.005387
1990,1082,0.005496
2000,1092,0.005605
2010,1102,0.005715
2020,1125,0.005827
2030,1187,0.005946
2040,1217,0.006068
2050,1251,0.006193
2060,1249,0.006318
2070,1319,0.006450
2080,1370,0.006587
2090,1371,0.006724
2100,1435,0.006867
2110,1519,0.007019
2120,1483,0.007168
2130,1592,0.007327
2140,1542,0.007481
2150,1621,0.007643
2160,1564,0.007799
2170,1709,0.007970
2180,1737,0.008144
2190,1731,0.008317
2200,1787,0.008496
2210,1839,0.008680
2220,1957,0.008875
2230,1862,0.009062
2240,2029,0.009265
2250,1978,0.009462
2260,2080,0.009670
2270,2120,0.009882
2280,2151,0.010097
2290,2259,0.010323
2300,2310,0.010554
2310,2326,0.010787
2320,2452,0.011032
2330,2464,0.011279
2340,2517,0.011530
2350,2588,0.011789
2360,2657,0.012055
2370,2846,0.012339
2380,2831,0.012622
2390,2773,0.012900
2400,2992,0.013199
2410,3046,0.013504
2420,3085,0.013812
2430,3075,0.014120
2440,3156,0.014435
2450,3328,0.014768
2460,3491,0.015117
2470,3399,0.015457
2480,3661,0.015823
2490,3696,0.016193
2500,3707,0.016563
2510,3969,0.016960
2520,3991,0.017359
2530,4115,0.017771
2540,4257,0.018197
2550,4351,0.018632
2560,4345,0.019066
2570,4625,0.019529
2580,4582,0.019987
2590,4689,0.020456
2600,4814,0.020937
2610,4994,0.021437
2620,5174,0.021954
2630,5252,0.022479
2640,5431,0.023022
2650,5485,0.023571
2660,5644,0.024135
2670,5783,0.024713
2680,5824,0.025296
2690,6128,0.025909
2700,6175,0.026526
2710,6290,0.027155
2720,6333,0.027788
2730,6553,0.028444
2740,6840,0.029128
2750,6974,0.029825
2760,7205,0.030546
2770,7359,0.031282
2780,7688,0.032050
2790,7695,0.032820
2800,8002,0.033620
2810,8032,0.034423
2820,8224,0.035246
2830,8611,0.036107
2840,8545,0.036961
2850,8664,0.037828
2860,8980,0.038726
2870,9233,0.039649
2880,9499,0.040599
2890,9696,0.041568
2900,9715,0.042540
2910,10017,0.043542
2920,10329,0.044575
2930,10550,0.045630
2940,10589,0.046688
2950,10904,0.047779
2960,11182,0.048897
2970,11238,0.050021
2980,11693,0.051190
2990,11825,0.052373
3000,12038,0.053576
3010,12244,0.054801
3020,12575,0.056058
3030,12858,0.057344
3040,13311,0.058675
3050,13573,0.060033
3060,13646,0.061397
3070,14119,0.062809
3080,14502,0.064259
3090,14571,0.065716
3100,14722,0.067189
3110,14968,0.068685
3120,15605,0.070246
3130,15831,0.071829
3140,16130,0.073442
3150,16213,0.075063
3160,16652,0.076728
3170,17016,0.078430
3180,17507,0.080181
3190,17456,0.081926
3200,17762,0.083703
3210,18020,0.085505
3220,18491,0.087354
3230,18885,0.089242
3240,19161,0.091158
3250,19463,0.093105
3260,19741,0.095079
3270,19880,0.097067
3280,20486,0.099115
3290,20443,0.101160
3300,20971,0.103257
3310,21441,0.105401
3320,21593,0.107560
3330,22142,0.109774
3340,22259,0.112000
3350,22447,0.114245
3360,22850,0.116530
3370,23154,0.118845
3380,23467,0.121192
3390,23683,0.123560
3400,24245,0.125985
3410,24347,0.128420
3420,24936,0.130913
3430,24799,0.133393
3440,25210,0.135914
3450,25220,0.138436
3460,25854,0.141021
3470,25890,0.143610
3480,26337,0.146244
3490,26528,0.148897
3500,27195,0.151616
3510,27597,0.154376
3520,27704,0.157147
3530,27981,0.159945
3540,27821,0.162727
3550,28239,0.165551
3560,28965,0.168447
3570,29184,0.171366
3580,29626,0.174328
3590,29866,0.177315
3600,30164,0.180331
3610,30357,0.183367
3620,30629,0.186430
3630,31003,0.189530
3640,31047,0.192635
3650,31164,0.195751
3660,31456,0.198897
3670,31893,0.202086
3680,32378,0.205324
3690,32358,0.208560
3700,32738,0.211834
3710,33140,0.215148
3720,33136,0.218461
3730,33347,0.221796
3740,33537,0.225150
3750,33726,0.228522
3760,33856,0.231908
3770,34072,0.235315
3780,34200,0.238735
3790,34812,0.242216
3800,34567,0.245673
3810,35474,0.249220
3820,35285,0.252749
3830,35371,0.256286
3840,35991,0.259885
3850,35875,0.263473
3860,35894,0.267062
3870,35956,0.270658
3880,36287,0.274286
3890,36397,0.277926
3900,36733,0.281599
3910,36783,0.285278
3920,36948,0.288972
3930,37198,0.292692
3940,37097,0.296402
3950,37217,0.300124
3960,37488,0.303872
3970,37903,0.307663
3980,38044,0.311467
3990,37502,0.315217
4000,37888,0.319006
4010,37917,0.322798
4020,37815,0.326579
4030,38035,0.330383
4040,38130,0.334196
4050,38396,0.338035
4060,38374,0.341873
4070,38561,0.345729
4080,38529,0.349582
4090,38390,0.353421
4100,38602,0.357281
4110,38887,0.361170
4120,38717,0.365041
4130,38338,0.368875
4140,38487,0.372724
4150,38164,0.376540
4160,38361,0.380376
4170,38727,0.384249
4180,38227,0.388072
4190,38282,0.391900
4200,38207,0.395721
4210,38173,0.399538
4220,38680,0.403406
4230,38045,0.407211
4240,38137,0.411024
4250,37941,0.414818
4260,37864,0.418605
4270,37932,0.422398
4280,37883,0.426186
4290,37875,0.429974
4300,37663,0.433740
4310,37281,0.437468
4320,37466,0.441215
4330,37254,0.444940
4340,37040,0.448644
4350,37333,0.452378
4360,37297,0.456107
4370,36744,0.459782
4380,36869,0.463469
4390,36442,0.467113
4400,36347,0.470747
4410,36478,0.474395
4420,36338,0.478029
4430,36380,0.481667
4440,35827,0.485250
4450,35991,0.488849
4460,35226,0.492371
4470,35421,0.495914
4480,34819,0.499395
4490,34728,0.502868
4500,34989,0.506367
4510,34610,0.509828
4520,34516,0.513280
4530,34064,0.516686
4540,33648,0.520051
4550,34254,0.523476
4560,33802,0.526857
4570,33587,0.530215
4580,33086,0.533524
4590,33225,0.536846
4600,32966,0.540143
4610,32724,0.543415
4620,32061,0.546622
4630,32212,0.549843
4640,32209,0.553064
4650,31913,0.556255
4660,31720,0.559427
4670,31322,0.562559
4680,31021,0.565661
4690,30957,0.568757
4700,30349,0.571792
4710,30759,0.574868
4720,29963,0.577864
4730,29849,0.580849
4740,29779,0.583827
4750,29158,0.586743
4760,28991,0.589642
4770,28791,0.592521
4780,28666,0.595388
4790,28459,0.598233
4800,27964,0.601030
4810,28039,0.603834
4820,27602,0.606594
4830,27600,0.609354
4840,27297,0.612084
4850,26929,0.614777
4860,26447,0.617421
4870,26667,0.620088
4880,26363,0.622724
4890,26005,0.625325
4900,25567,0.627881
4910,25524,0.630434
4920,25272,0.632961
4930,24962,0.635457
4940,25181,0.637975
4950,24340,0.640409
4960,24533,0.642863
4970,24026,0.645265
4980,23916,0.647657
4990,23846,0.650041
5000,23512,0.652393
5010,23151,0.654708
5020,23006,0.657008
5030,22653,0.659274
5040,22364,0.661510
5050,22277,0.663738
5060,21892,0.665927
5070,21926,0.668120
5080,21673,0.670287
5090,21859,0.672473
5100,21148,0.674588
5110,20947,0.676682
5120,20795,0.678762
5130,20353,0.680797
5140,20414,0.682838
5150,19989,0.684837
5160,19663,0.686804
5170,19553,0.688759
5180,19568,0.690716
5190,19387,0.692655
5200,18799,0.694534
5210,18657,0.696400
5220,18766,0.698277
5230,18424,0.700119
5240,18060,0.701925
5250,18319,0.703757
5260,17798,0.705537
5270,17581,0.707295
5280,17723,0.709067
5290,17339,0.710801
5300,17114,0.712513
5310,16971,0.714210
5320,16471,0.715857
5330,16791,0.717536
5340,16498,0.719186
5350,16587,0.720844
5360,16397,0.722484
5370,16181,0.724102
5380,15907,0.725693
5390,15808,0.727274
5400,15328,0.728806
5410,15472,0.730354
5420,15056,0.731859
5430,15225,0.733382
5440,14799,0.734862
5450,14736,0.736335
5460,14565,0.737792
5470,14595,0.739251
5480,14171,0.740668
5490,14235,0.742092
5500,14239,0.743516
5510,13688,0.744885
5520,13645,0.746249
5530,13629,0.747612
5540,13272,0.748939
5550,13328,0.750272
5560,13128,0.751585
5570,13079,0.752893
5580,12924,0.754185
5590,12645,0.755450
5600,12685,0.756718
5610,12407,0.757959
5620,12452,0.759204
5630,12274,0.760431
5640,12284,0.761660
5650,11983,0.762858
5660,12005,0.764059
5670,12020,0.765261
5680,11905,0.766451
5690,11855,0.767637
5700,11673,0.768804
5710,11525,0.769956
5720,11249,0.771081
5730,11546,0.772236
5740,11197,0.773356
5750,11216,0.774477
5760,11206,0.775598
5770,11089,0.776707
5780,10799,0.777787
5790,10742,0.778861
5800,10849,0.779946
5810,10690,0.781015
5820,10710,0.782086
5830,10467,0.783132
5840,10440,0.784176
5850,10312,0.785208
5860,10128,0.786220
5870,10093,0.787230
5880,10039,0.788234
5890,10018,0.789235
5900,10080,0.790243
5910,9704,0.791214
5920,9865,0.792200
5930,9762,0.793177
5940,9761,0.794153
5950,9543,0.795107
5960,9567,0.796064
5970,9399,0.797004
5980,9495,0.797953
5990,9380,0.798891
6000,9330,0.799824
6010,9314,0.800755
6020,9332,0.801689
6030,9118,0.802600
6040,9138,0.803514
6050,9014,0.804416
6060,9107,0.805326
6070,8806,0.806207
6080,8920,0.807099
6090,8825,0.807981
6100,8658,0.808847
6110,8843,0.809732
6120,8679,0.810599
6130,8607,0.811460
6140,8644,0.812325
6150,8653,0.813190
6160,8520,0.814042
6170,8594,0.814901
6180,8459,0.815747
6190,8332,0.816580
6200,8189,0.817399
6210,8361,0.818235
6220,8234,0.819059
6230,8340,0.819893
6240,8114,0.820704
6250,8319,0.821536
6260,8078,0.822344
6270,8185,0.823162
6280,8320,0.823994
6290,8142,0.824809
6300,8133,0.825622
6310,8171,0.826439
6320,8082,0.827247
6330,8102,0.828057
6340,8071,0.828865
6350,7906,0.829655
6360,7822,0.830437
6370,7968,0.831234
6380,7841,0.832018
6390,7878,0.832806
6400,7806,0.833587
6410,7787,0.834365
6420,7803,0.835146
6430,7942,0.835940
6440,7648,0.836705
6450,7597,0.837464
6460,7725,0.838237
6470,7781,0.839015
6480,7656,0.839781
6490,7527,0.840533
6500,7723,0.841305
6510,7735,0.842079
6520,7507,0.842830
6530,7552,0.843585
6540,7556,0.844341
6550,7614,0.845102
6560,7525,0.845854
6570,7570,0.846611
6580,7684,0.847380
6590,7489,0.848129
6600,7461,0.848875
6610,7585,0.849633
6620,7514,0.850385
6630,7518,0.851137
6640,7512,0.851888
6650,7413,0.852629
6660,7490,0.853378
6670,7421,0.854120
6680,7498,0.854870
6690,7389,0.855609
6700,7329,0.856342
6710,7452,0.857087
6720,7362,0.857823
6730,7271,0.858550
6740,7345,0.859285
6750,7375,0.860022
6760,7386,0.860761
6770,7315,0.861492
6780,7435,0.862236
6790,7358,0.862972
6800,7207,0.863692
6810,7489,0.864441
6820,7333,0.865175
6830,7261,0.865901
6840,7444,0.866645
6850,7270,0.867372
6860,7190,0.868091
6870,7251,0.868816
6880,7220,0.869538
6890,7166,0.870255
6900,7171,0.870972
6910,7071,0.871679
6920,7287,0.872408
6930,7240,0.873132
6940,7206,0.873852
6950,7151,0.874567
6960,7199,0.875287
6970,7157,0.876003
6980,7300,0.876733
6990,7059,0.877439
7000,7191,0.878158
7010,7117,0.878870
7020,7152,0.879585
7030,7199,0.880305
7040,7054,0.881010
7050,7139,0.881724
7060,7158,0.882440
7070,7109,0.883151
7080,6999,0.883851
7090,7119,0.884563
7100,7018,0.885264
7110,7049,0.885969
7120,7011,0.886670
7130,6904,0.887361
7140,7032,0.888064
7150,7012,0.888765
7160,6905,0.889456
7170,6973,0.890153
7180,6942,0.890847
7190,7040,0.891551
7200,6921,0.892243
7210,6977,0.892941
7220,7014,0.893642
7230,7193,0.894362
7240,6893,0.895051
7250,6965,0.895747
7260,6963,0.896444
7270,7042,0.897148
7280,6928,0.897841
7290,6992,0.898540
7300,6650,0.899205
7310,6836,0.899889
7320,6977,0.900586
7330,6793,0.901266
7340,6865,0.901952
7350,6743,0.902626
7360,6865,0.903313
7370,6783,0.903991
7380,6955,0.904687
7390,6656,0.905352
7400,6741,0.906026
7410,6625,0.906689
7420,6673,0.907356
7430,6799,0.908036
7440,6645,0.908701
7450,6799,0.909380
7460,6743,0.910055
7470,6624,0.910717
7480,6612,0.911378
7490,6621,0.912040
7500,6605,0.912701
7510,6498,0.913351
7520,6766,0.914027
7530,6525,0.914680
7540,6491,0.915329
7550,6499,0.915979
7560,6559,0.916635
7570,6296,0.917264
7580,6393,0.917904
7590,6322,0.918536
7600,6357,0.919172
7610,6248,0.919796
7620,6340,0.920430
7630,6366,0.921067
7640,6292,0.921696
7650,6116,0.922308
7660,6291,0.922937
7670,6124,0.923549
7680,6211,0.924170
7690,6131,0.924784
7700,6165,0.925400
7710,6179,0.926018
7720,6130,0.926631
7730,5893,0.927220
7740,5955,0.927816
7750,5928,0.928409
7760,5957,0.929004
7770,5896,0.929594
7780,5998,0.930194
7790,5952,0.930789
7800,5934,0.931382
7810,5932,0.931975
7820,5881,0.932564
7830,5936,0.933157
7840,5793,0.933736
7850,5859,0.934322
7860,5717,0.934894
7870,5829,0.935477
7880,5727,0.936050
7890,5647,0.936614
7900,5553,0.937170
7910,5665,0.937736
7920,5556,0.938292
7930,5556,0.938847
7940,5537,0.939401
7950,5371,0.939938
7960,5368,0.940475
7970,5392,0.941014
7980,5370,0.941551
7990,5259,0.942077
8000,5353,0.942612
8010,5262,0.943139
8020,5205,0.943659
8030,5269,0.944186
8040,5060,0.944692
8050,5134,0.945205
8060,5176,0.945723
8070,5078,0.946231
8080,5062,0.946737
8090,4980,0.947235
8100,5035,0.947738
8110,4987,0.948237
8120,4799,0.948717
8130,4839,0.949201
8140,4770,0.949678
8150,4790,0.950157
8160,4734,0.950630
8170,4600,0.951090
8180,4556,0.951546
8190,4548,0.952001
8200,4645,0.952465
8210,4453,0.952911
8220,4493,0.953360
8230,4534,0.953813
8240,4538,0.954267
8250,4337,0.954701
8260,4402,0.955141
8270,4242,0.955565
8280,4127,0.955978
8290,4168,0.956395
8300,4265,0.956821
8310,4129,0.957234
8320,4257,0.957660
8330,4154,0.958075
8340,4102,0.958485
8350,3968,0.958882
8360,4010,0.959283
8370,3946,0.959678
8380,3839,0.960062
8390,3868,0.960448
8400,3786,0.960827
8410,3708,0.961198
8420,3691,0.961567
8430,3690,0.961936
8440,3689,0.962305
8450,3668,0.962672
8460,3563,0.963028
8470,3481,0.963376
8480,3649,0.963741
8490,3332,0.964074
8500,3491,0.964423
8510,3469,0.964770
8520,3433,0.965113
8530,3336,0.965447
8540,3402,0.965787
8550,3408,0.966128
8560,3217,0.966450
8570,3263,0.966776
8580,3184,0.967094
8590,3140,0.967408
8600,3247,0.967733
8610,3063,0.968039
8620,3070,0.968346
8630,3004,0.968647
8640,2967,0.968944
8650,2960,0.969240
8660,3075,0.969547
8670,2881,0.969835
8680,2932,0.970128
8690,2905,0.970419
8700,2781,0.970697
8710,2758,0.970973
8720,2744,0.971247
8730,2751,0.971522
8740,2636,0.971786
8750,2656,0.972051
8760,2698,0.972321
8770,2665,0.972588
8780,2620,0.972850
8790,2635,0.973113
8800,2503,0.973364
8810,2554,0.973619
8820,2493,0.973868
8830,2427,0.974111
8840,2396,0.974351
8850,2375,0.974588
8860,2345,0.974823
8870,2305,0.975053
8880,2287,0.975282
8890,2283,0.975510
8900,2246,0.975735
8910,2188,0.975953
8920,2154,0.976169
8930,2148,0.976384
8940,2131,0.976597
8950,2023,0.976799
8960,2103,0.977009
8970,2022,0.977212
8980,2022,0.977414
8990,2060,0.977620
9000,2005,0.977820
9010,2024,0.978023
9020,1927,0.978215
9030,1960,0.978411
9040,1946,0.978606
9050,1841,0.978790
9060,1852,0.978975
9070,1773,0.979153
9080,1871,0.979340
9090,1817,0.979521
9100,1820,0.979703
9110,1810,0.979884
9120,1686,0.980053
9130,1715,0.980224
9140,1753,0.980400
9150,1628,0.980563
9160,1731,0.980736
9170,1657,0.980901
9180,1699,0.981071
9190,1662,0.981237
9200,1650,0.981402
9210,1542,0.981557
9220,1594,0.981716
9230,1548,0.981871
9240,1606,0.982031
9250,1477,0.982179
9260,1529,0.982332
9270,1516,0.982484
9280,1416,0.982625
9290,1490,0.982774
9300,1401,0.982914
9310,1392,0.983054
9320,1414,0.983195
9330,1375,0.983332
9340,1361,0.983469
9350,1353,0.983604
9360,1356,0.983739
9370,1376,0.983877
9380,1370,0.984014
9390,1385,0.984153
9400,1343,0.984287
9410,1303,0.984417
9420,1303,0.984547
9430,1224,0.984670
9440,1252,0.984795
9450,1212,0.984916
9460,1213,0.985038
9470,1283,0.985166
9480,1261,0.985292
9490,1207,0.985413
9500,1145,0.985527
9510,1159,0.985643
9520,1204,0.985763
9530,1131,0.985877
9540,1120,0.985989
9550,1155,0.986104
9560,1141,0.986218
9570,1067,0.986325
9580,1144,0.986439
9590,1024,0.986542
9600,1133,0.986655
9610,1047,0.986760
9620,1039,0.986864
9630,1018,0.986965
9640,1067,0.987072
9650,1029,0.987175
9660,994,0.987274
9670,1007,0.987375
9680,1036,0.987479
9690,1038,0.987583
9700,976,0.987680
9710,915,0.987772
9720,985,0.987870
9730,919,0.987962
9740,1033,0.988065
9750,982,0.988163
9760,918,0.988255
9770,988,0.988354
9780,898,0.988444
9790,902,0.988534
9800,888,0.988623
9810,908,0.988714
9820,891,0.988803
9830,925,0.988895
9840,894,0.988985
9850,886,0.989073
9860,861,0.989159
9870,860,0.989245
9880,852,0.989331
9890,802,0.989411
9900,813,0.989492
9910,791,0.989571
9920,852,0.989656
9930,839,0.989740
9940,829,0.989823
9950,823,0.989905
9960,807,0.989986
9970,798,0.990066
9980,785,0.990144
9990,807,0.990225
10000,814,0.990307
10010,826,0.990389
10020,758,0.990465
10030,775,0.990542
10040,753,0.990618
10050,721,0.990690
10060,777,0.990768
10070,734,0.990841
10080,760,0.990917
10090,722,0.990989
10100,735,0.991063
10110,744,0.991137
10120,739,0.991211
10130,735,0.991284
10140,720,0.991356
10150,708,0.991427
10160,741,0.991501
10170,729,0.991574
10180,724,0.991647
10190,675,0.991714
10200,676,0.991782
10210,645,0.991846
10220,716,0.991918
10230,684,0.991986
10240,641,0.992050
10250,648,0.992115
10260,694,0.992185
10270,683,0.992253
10280,683,0.992321
10290,652,0.992386
10300,633,0.992450
10310,671,0.992517
10320,669,0.992584
10330,647,0.992648
10340,665,0.992715
10350,657,0.992781
10360,629,0.992844
10370,673,0.992911
10380,571,0.992968
10390,601,0.993028
10400,627,0.993091
10410,679,0.993159
10420,566,0.993215
10430,555,0.993271
10440,603,0.993331
10450,595,0.993391
10460,631,0.993454
10470,568,0.993510
10480,586,0.993569
10490,578,0.993627
10500,548,0.993682
10510,593,0.993741
10520,563,0.993797
10530,591,0.993856
10540,552,0.993912
10550,576,0.993969
10560,596,0.994029
10570,556,0.994084
10580,525,0.994137
10590,584,0.994195
10600,522,0.994247
10610,553,0.994303
10620,535,0.994356
10630,536,0.994410
10640,515,0.994461
10650,575,0.994519
10660,535,0.994572
10670,541,0.994626
10680,524,0.994679
10690,530,0.994732
10700,502,0.994782
10710,531,0.994835
10720,492,0.994884
10730,495,0.994934
10740,497,0.994983
10750,499,0.995033
10760,549,0.995088
10770,506,0.995139
10780,536,0.995192
10790,502,0.995243
10800,469,0.995290
10810,507,0.995340
10820,435,0.995384
10830,501,0.995434
10840,468,0.995481
10850,482,0.995529
10860,467,0.995576
10870,478,0.995623
10880,500,0.995673
10890,509,0.995724
10900,435,0.995768
10910,451,0.995813
10920,449,0.995858
10930,456,0.995903
10940,420,0.995945
10950,419,0.995987
10960,419,0.996029
10970,403,0.996069
10980,450,0.996114
10990,422,0.996157
11000,415,0.996198
11010,443,0.996243
11020,401,0.996283
11030,409,0.996323
11040,397,0.996363
11050,420,0.996405
11060,389,0.996444
11070,382,0.996482
11080,409,0.996523
11090,382,0.996561
11100,353,0.996597
11110,392,0.996636
11120,412,0.996677
11130,362,0.996713
11140,351,0.996748
11150,375,0.996786
11160,379,0.996824
11170,378,0.996862
11180,384,0.996900
11190,418,0.996942
11200,376,0.996979
11210,380,0.997017
11220,368,0.997054
11230,328,0.997087
11240,381,0.997125
11250,325,0.997158
11260,367,0.997194
11270,352,0.997230
11280,331,0.997263
11290,316,0.997294
11300,288,0.997323
11310,341,0.997357
11320,334,0.997391
11330,362,0.997427
11340,337,0.997460
11350,328,0.997493
11360,304,0.997524
11370,321,0.997556
11380,321,0.997588
11390,301,0.997618
11400,320,0.997650
11410,295,0.997679
11420,295,0.997709
11430,297,0.997739
11440,298,0.997768
11450,297,0.997798
11460,261,0.997824
11470,283,0.997853
11480,241,0.997877
11490,291,0.997906
11500,280,0.997934
11510,280,0.997962
11520,280,0.997990
11530,285,0.998018
11540,220,0.998040
11550,258,0.998066
11560,257,0.998092
11570,283,0.998120
11580,246,0.998145
11590,208,0.998165
11600,230,0.998188
11610,237,0.998212
11620,242,0.998236
11630,221,0.998258
11640,266,0.998285
11650,224,0.998307
11660,233,0.998331
11670,208,0.998352
11680,242,0.998376
11690,231,0.998399
11700,226,0.998421
11710,196,0.998441
11720,201,0.998461
11730,178,0.998479
11740,188,0.998498
11750,227,0.998520
11760,188,0.998539
11770,212,0.998560
11780,210,0.998581
11790,205,0.998602
11800,207,0.998623
11810,199,0.998643
11820,178,0.998660
11830,191,0.998679
11840,201,0.998699
11850,195,0.998719
11860,204,0.998739
11870,190,0.998758
11880,160,0.998774
11890,173,0.998792
11900,183,0.998810
11910,175,0.998828
11920,141,0.998842
11930,165,0.998858
11940,151,0.998873
11950,150,0.998888
11960,171,0.998905
11970,171,0.998922
11980,163,0.998939
11990,174,0.998956
12000,159,0.998972
12010,171,0.998989
12020,152,0.999004
12030,159,0.999020
12040,165,0.999037
12050,145,0.999051
12060,136,0.999065
12070,126,0.999077
12080,155,0.999093
12090,130,0.999106
12100,126,0.999119
12110,130,0.999132
12120,134,0.999145
12130,132,0.999158
12140,148,0.999173
12150,128,0.999186
12160,111,0.999197
12170,104,0.999207
12180,136,0.999221
12190,109,0.999232
12200,101,0.999242
12210,110,0.999253
12220,105,0.999263
12230,110,0.999274
12240,100,0.999284
12250,109,0.999295
12260,111,0.999306
12270,107,0.999317
12280,92,0.999326
12290,115,0.999338
12300,120,0.999350
12310,89,0.999359
12320,101,0.999369
12330,90,0.999378
12340,97,0.999387
12350,88,0.999396
12360,80,0.999404
12370,106,0.999415
12380,86,0.999423
12390,97,0.999433
12400,93,0.999442
12410,95,0.999452
12420,103,0.999462
12430,88,0.999471
12440,80,0.999479
12450,84,0.999487
12460,87,0.999496
12470,84,0.999505
12480,78,0.999512
12490,80,0.999520
12500,71,0.999527
12510,80,0.999535
12520,69,0.999542
12530,78,0.999550
12540,81,0.999558
12550,86,0.999567
12560,61,0.999573
12570,69,0.999580
12580,87,0.999588
12590,82,0.999597
12600,60,0.999603
12610,63,0.999609
12620,65,0.999615
12630,62,0.999622
12640,64,0.999628
12650,64,0.999635
12660,54,0.999640
12670,45,0.999644
12680,74,0.999652
12690,81,0.999660
12700,53,0.999665
12710,64,0.999672
12720,70,0.999679
12730,58,0.999684
12740,61,0.999690
12750,60,0.999696
12760,49,0.999701
12770,48,0.999706
12780,53,0.999712
12790,49,0.999716
12800,42,0.999721
12810,39,0.999725
12820,46,0.999729
12830,35,0.999733
12840,49,0.999738
12850,42,0.999742
12860,41,0.999746
12870,42,0.999750
12880,40,0.999754
12890,44,0.999758
12900,37,0.999762
12910,34,0.999766
12920,35,0.999769
12930,46,0.999774
12940,41,0.999778
12950,32,0.999781
12960,35,0.999784
12970,29,0.999787
12980,34,0.999791
12990,44,0.999795
13000,33,0.999798
13010,40,0.999802
13020,31,0.999806
13030,37,0.999809
13040,37,0.999813
13050,39,0.999817
13060,33,0.999820
13070,34,0.999824
13080,34,0.999827
13090,31,0.999830
13100,24,0.999832
13110,36,0.999836
13120,32,0.999839
13130,27,0.999842
13140,29,0.999845
13150,32,0.999848
13160,32,0.999851
13170,25,0.999854
13180,19,0.999856
13190,26,0.999858
13200,23,0.999861
13210,25,0.999863
13220,20,0.999865
13230,20,0.999867
13240,30,0.999870
13250,28,0.999873
13260,22,0.999875
13270,24,0.999877
13280,12,0.999879
13290,19,0.999880
13300,20,0.999883
13310,20,0.999884
13320,23,0.999887
13330,20,0.999889
13340,28,0.999892
13350,26,0.999894
13360,16,0.999896
13370,23,0.999898
13380,20,0.999900
13390,24,0.999902
13400,15,0.999904
13410,16,0.999906
13420,19,0.999907
13430,12,0.999909
13440,23,0.999911
13450,22,0.999913
13460,19,0.999915
13470,16,0.999917
13480,9,0.999918
13490,8,0.999918
13500,18,0.999920
13510,17,0.999922
13520,12,0.999923
13530,20,0.999925
13540,12,0.999926
13550,15,0.999928
13560,11,0.999929
13570,10,0.999930
13580,11,0.999931
13590,14,0.999932
13600,5,0.999933
13610,13,0.999934
13620,8,0.999935
13630,8,0.999936
13640,5,0.999936
13650,6,0.999937
13660,9,0.999938
13670,14,0.999939
13680,6,0.999940
13690,13,0.999941
13700,3,0.999941
13710,6,0.999942
13720,6,0.999943
13730,10,0.999944
13740,7,0.999944
13750,6,0.999945
13760,7,0.999946
13770,2,0.999946
13780,4,0.999946
13790,10,0.999947
13800,11,0.999948
13810,6,0.999949
13820,5,0.999949
13830,3,0.999950
13840,6,0.999950
13850,8,0.999951
13860,5,0.999952
13870,7,0.999952
13880,4,0.999953
13890,2,0.999953
13900,9,0.999954
13910,2,0.999954
13920,2,0.999954
13930,3,0.999955
13940,4,0.999955
13950,6,0.999955
13960,7,0.999956
13970,12,0.999957
13980,7,0.999958
13990,4,0.999959
14000,11,0.999960
14010,5,0.999960
14020,4,0.999960
14030,4,0.999961
14040,6,0.999961
14050,2,0.999962
14060,4,0.999962
14070,5,0.999963
14080,10,0.999964
14090,3,0.999964
14100,4,0.999964
14110,6,0.999965
14120,9,0.999966
14130,3,0.999966
14140,3,0.999966
14150,7,0.999967
14160,5,0.999968
14170,4,0.999968
14180,3,0.999968
14190,6,0.999969
14200,2,0.999969
14210,4,0.999969
14220,4,0.999970
14230,2,0.999970
14240,4,0.999970
14250,4,0.999971
14260,4,0.999971
14270,3,0.999972
14280,3,0.999972
14300,5,0.999972
14310,3,0.999973
14320,3,0.999973
14330,2,0.999973
14340,3,0.999973
14350,3,0.999974
14360,7,0.999974
14370,2,0.999975
14380,4,0.999975
14390,7,0.999976
14400,2,0.999976
14410,3,0.999976
14420,2,0.999977
14430,5,0.999977
14440,5,0.999978
14450,6,0.999978
14460,1,0.999978
14470,5,0.999979
14480,3,0.999979
14490,3,0.999979
14500,3,0.999980
14510,1,0.999980
14520,1,0.999980
14530,1,0.999980
14540,3,0.999980
14550,3,0.999981
14570,2,0.999981
14590,2,0.999981
14600,1,0.999981
14610,1,0.999981
14620,3,0.999981
14630,1,0.999982
14640,1,0.999982
14650,1,0.999982
14660,4,0.999982
14670,2,0.999982
14690,1,0.999982
14700,1,0.999982
14710,1,0.999983
14720,2,0.999983
14730,4,0.999983
14750,1,0.999983
14770,1,0.999983
14780,2,0.999984
14790,1,0.999984
14800,1,0.999984
14810,2,0.999984
14820,1,0.999984
14830,1,0.999984
14870,1,0.999984
14890,2,0.999985
14910,1,0.999985
14940,1,0.999985
14950,1,0.999985
14970,4,0.999985
14990,3,0.999986
15000,1,0.999986
15010,1,0.999986
15020,1,0.999986
15040,1,0.999986
15050,1,0.999986
15090,1,0.999986
15100,1,0.999986
15110,2,0.999986
15120,1,0.999987
15140,1,0.999987
15160,1,0.999987
15180,1,0.999987
15190,1,0.999987
15200,1,0.999987
15220,2,0.999987
15230,1,0.999987
15240,1,0.999987
15250,2,0.999988
15270,1,0.999988
15280,1,0.999988
15290,3,0.999988
15300,1,0.999988
15310,1,0.999988
15320,1,0.999988
15330,2,0.999989
15340,2,0.999989
15360,1,0.999989
15390,1,0.999989
15400,2,0.999989
15420,4,0.999990
15430,3,0.999990
15440,2,0.999990
15450,1,0.999990
15470,4,0.999991
15480,1,0.999991
15490,1,0.999991
15500,2,0.999991
15510,1,0.999991
15520,1,0.999991
15530,3,0.999991
15540,1,0.999992
15550,1,0.999992
15560,1,0.999992
15570,1,0.999992
15580,1,0.999992
15600,1,0.999992
15610,1,0.999992
15630,1,0.999992
15650,1,0.999992
15670,1,0.999992
15680,2,0.999993
15700,3,0.999993
15710,1,0.999993
15720,4,0.999994
15730,1,0.999994
15740,3,0.999994
15770,1,0.999994
15780,2,0.999994
15790,1,0.999994
15800,1,0.999994
15810,1,0.999995
15820,1,0.999995
15830,2,0.999995
15840,3,0.999995
15850,1,0.999995
15860,4,0.999996
15870,1,0.999996
15880,2,0.999996
15890,1,0.999996
15900,1,0.999996
15910,2,0.999996
15940,1,0.999996
15950,3,0.999997
15960,2,0.999997
15970,1,0.999997
15980,1,0.999997
16020,1,0.999997
16030,1,0.999997
16050,1,0.999997
16060,1,0.999997
16070,2,0.999998
16090,2,0.999998
16100,2,0.999998
16140,1,0.999998
16180,1,0.999998
16190,2,0.999999
16200,1,0.999999
16210,1,0.999999
16220,1,0.999999
16230,1,0.999999
16240,1,0.999999
16260,1,0.999999
16280,1,0.999999
16400,1,0.999999
16420,2,1.000000
16470,1,1.000000
16500,1,1.000000
16510,2,1.000000
16560,1,1.000000
