#latency,cnt,cdf
20,8,0.000001
30,193,0.000021
40,4,0.000022
50,27188,0.002883
60,1271715,0.136744
70,110610,0.148386
80,1288245,0.283986
90,25892,0.286712
100,97673,0.296993
110,414418,0.340614
120,705004,0.414823
130,398974,0.456818
140,78887,0.465122
150,612919,0.529638
160,146105,0.545017
170,413950,0.588589
180,596454,0.651371
190,368770,0.690188
200,748697,0.768995
210,95905,0.779090
220,356733,0.816640
230,155624,0.833021
240,265497,0.860967
250,268835,0.889264
260,158606,0.905959
270,238381,0.931051
280,65626,0.937959
290,82123,0.946603
300,78560,0.954872
310,169646,0.972729
320,67066,0.979788
330,39799,0.983978
340,24968,0.986606
350,32677,0.990045
360,14859,0.991609
370,11560,0.992826
380,18269,0.994749
390,8338,0.995627
400,5503,0.996206
410,4621,0.996692
420,5516,0.997273
430,3176,0.997607
440,2126,0.997831
450,1898,0.998031
460,1804,0.998221
470,1550,0.998384
480,1318,0.998523
490,923,0.998620
500,751,0.998699
510,577,0.998760
520,531,0.998816
530,649,0.998884
540,341,0.998920
550,214,0.998942
560,175,0.998961
570,213,0.998983
580,186,0.999003
590,138,0.999017
600,138,0.999032
610,86,0.999041
620,112,0.999053
630,103,0.999063
640,108,0.999075
650,109,0.999086
660,121,0.999099
670,86,0.999108
680,89,0.999117
690,88,0.999127
700,108,0.999138
710,92,0.999148
720,99,0.999158
730,90,0.999168
740,92,0.999177
750,91,0.999187
760,98,0.999197
770,72,0.999205
780,68,0.999212
790,88,0.999221
800,83,0.999230
810,100,0.999240
820,92,0.999250
830,74,0.999258
840,63,0.999265
850,85,0.999273
860,69,0.999281
870,60,0.999287
880,83,0.999296
890,73,0.999304
900,61,0.999310
910,43,0.999314
920,61,0.999321
930,47,0.999326
940,45,0.999331
950,55,0.999336
960,47,0.999341
970,56,0.999347
980,55,0.999353
990,46,0.999358
1000,45,0.999363
1010,45,0.999367
1020,40,0.999371
1030,36,0.999375
1040,36,0.999379
1050,45,0.999384
1060,43,0.999388
1070,44,0.999393
1080,24,0.999395
1090,35,0.999399
1100,39,0.999403
1110,44,0.999408
1120,37,0.999412
1130,37,0.999416
1140,31,0.999419
1150,32,0.999422
1160,36,0.999426
1170,36,0.999430
1180,40,0.999434
1190,33,0.999438
1200,33,0.999441
1210,36,0.999445
1220,30,0.999448
1230,34,0.999452
1240,22,0.999454
1250,26,0.999457
1260,34,0.999460
1270,28,0.999463
1280,33,0.999467
1290,25,0.999469
1300,32,0.999473
1310,23,0.999475
1320,32,0.999478
1330,30,0.999482
1340,34,0.999485
1350,39,0.999489
1360,29,0.999492
1370,28,0.999495
1380,26,0.999498
1390,26,0.999501
1400,22,0.999503
1410,20,0.999505
1420,26,0.999508
1430,21,0.999510
1440,31,0.999513
1450,29,0.999516
1460,15,0.999518
1470,20,0.999520
1480,28,0.999523
1490,25,0.999526
1500,28,0.999529
1510,27,0.999532
1520,26,0.999534
1530,18,0.999536
1540,35,0.999540
1550,26,0.999543
1560,22,0.999545
1570,26,0.999548
1580,23,0.999550
1590,19,0.999552
1600,28,0.999555
1610,24,0.999557
1620,23,0.999560
1630,21,0.999562
1640,23,0.999565
1650,21,0.999567
1660,20,0.999569
1670,20,0.999571
1680,24,0.999573
1690,19,0.999575
1700,28,0.999578
1710,26,0.999581
1720,24,0.999584
1730,18,0.999586
1740,25,0.999588
1750,11,0.999589
1760,22,0.999592
1770,18,0.999594
1780,24,0.999596
1790,26,0.999599
1800,25,0.999601
1810,21,0.999604
1820,25,0.999606
1830,28,0.999609
1840,27,0.999612
1850,23,0.999615
1860,36,0.999618
1870,33,0.999622
1880,38,0.999626
1890,37,0.999630
1900,35,0.999633
1910,33,0.999637
1920,39,0.999641
1930,45,0.999646
1940,36,0.999649
1950,34,0.999653
1960,26,0.999656
1970,25,0.999658
1980,28,0.999661
1990,32,0.999665
2000,29,0.999668
2010,28,0.999671
2020,20,0.999673
2030,20,0.999675
2040,21,0.999677
2050,30,0.999680
2060,23,0.999683
2070,25,0.999685
2080,24,0.999688
2090,15,0.999689
2100,20,0.999692
2110,19,0.999694
2120,20,0.999696
2130,19,0.999698
2140,16,0.999699
2150,14,0.999701
2160,23,0.999703
2170,23,0.999706
2180,22,0.999708
2190,23,0.999710
2200,24,0.999713
2210,25,0.999716
2220,21,0.999718
2230,18,0.999720
2240,19,0.999722
2250,21,0.999724
2260,22,0.999726
2270,20,0.999728
2280,15,0.999730
2290,26,0.999733
2300,22,0.999735
2310,28,0.999738
2320,11,0.999739
2330,20,0.999741
2340,16,0.999743
2350,18,0.999745
2360,26,0.999747
2370,23,0.999750
2380,19,0.999752
2390,24,0.999754
2400,25,0.999757
2410,16,0.999759
2420,22,0.999761
2430,20,0.999763
2440,18,0.999765
2450,19,0.999767
2460,20,0.999769
2470,19,0.999771
2480,16,0.999773
2490,25,0.999775
2500,25,0.999778
2510,24,0.999781
2520,19,0.999783
2530,14,0.999784
2540,28,0.999787
2550,27,0.999790
2560,15,0.999792
2570,15,0.999793
2580,25,0.999796
2590,21,0.999798
2600,19,0.999800
2610,20,0.999802
2620,19,0.999804
2630,18,0.999806
2640,20,0.999808
2650,20,0.999810
2660,11,0.999811
2670,22,0.999814
2680,11,0.999815
2690,11,0.999816
2700,14,0.999817
2710,17,0.999819
2720,20,0.999821
2730,15,0.999823
2740,27,0.999826
2750,14,0.999827
2760,11,0.999828
2770,17,0.999830
2780,19,0.999832
2790,15,0.999834
2800,20,0.999836
2810,19,0.999838
2820,16,0.999839
2830,8,0.999840
2840,18,0.999842
2850,18,0.999844
2860,23,0.999847
2870,18,0.999848
2880,18,0.999850
2890,18,0.999852
2900,14,0.999854
2910,18,0.999856
2920,17,0.999857
2930,15,0.999859
2940,10,0.999860
2950,18,0.999862
2960,21,0.999864
2970,14,0.999866
2980,15,0.999867
2990,13,0.999869
3000,11,0.999870
3010,23,0.999872
3020,18,0.999874
3030,19,0.999876
3040,14,0.999877
3050,17,0.999879
3060,10,0.999880
3070,15,0.999882
3080,17,0.999884
3090,14,0.999885
3100,10,0.999886
3110,13,0.999888
3120,21,0.999890
3130,14,0.999891
3140,13,0.999893
3150,15,0.999894
3160,17,0.999896
3170,22,0.999898
3180,22,0.999901
3190,21,0.999903
3200,9,0.999904
3210,13,0.999905
3220,15,0.999907
3230,18,0.999909
3240,19,0.999911
3250,16,0.999912
3260,11,0.999913
3270,8,0.999914
3280,9,0.999915
3290,15,0.999917
3300,10,0.999918
3310,17,0.999920
3320,24,0.999922
3330,7,0.999923
3340,22,0.999925
3350,13,0.999927
3360,17,0.999928
3370,20,0.999931
3380,19,0.999933
3390,19,0.999935
3400,10,0.999936
3410,12,0.999937
3420,8,0.999938
3430,19,0.999940
3440,10,0.999941
3450,20,0.999943
3460,10,0.999944
3470,16,0.999946
3480,13,0.999947
3490,8,0.999948
3500,10,0.999949
3510,9,0.999950
3520,12,0.999951
3530,12,0.999952
3540,11,0.999953
3550,16,0.999955
3560,6,0.999956
3570,14,0.999957
3580,13,0.999959
3590,11,0.999960
3600,16,0.999961
3610,8,0.999962
3620,9,0.999963
3630,9,0.999964
3640,18,0.999966
3650,6,0.999967
3660,8,0.999968
3670,13,0.999969
3680,14,0.999970
3690,9,0.999971
3700,8,0.999972
3710,5,0.999973
3720,5,0.999973
3730,4,0.999974
3740,10,0.999975
3750,5,0.999975
3760,8,0.999976
3770,3,0.999976
3780,1,0.999977
3790,1,0.999977
3800,3,0.999977
3810,2,0.999977
3820,3,0.999977
3830,7,0.999978
3840,5,0.999979
3850,2,0.999979
3860,3,0.999979
3870,1,0.999979
3880,3,0.999980
3900,2,0.999980
3920,2,0.999980
3930,1,0.999980
3940,1,0.999980
3950,1,0.999980
3960,2,0.999981
3970,3,0.999981
3990,1,0.999981
4000,2,0.999981
4010,1,0.999981
4030,1,0.999981
4060,1,0.999982
4080,1,0.999982
4120,2,0.999982
4190,2,0.999982
4230,2,0.999982
4300,1,0.999982
4350,1,0.999983
4460,1,0.999983
4480,1,0.999983
4520,1,0.999983
4530,1,0.999983
4570,1,0.999983
4580,2,0.999983
4610,1,0.999983
4640,1,0.999983
4650,1,0.999984
4660,3,0.999984
4680,2,0.999984
4690,2,0.999984
4700,3,0.999985
4720,3,0.999985
4730,1,0.999985
4740,2,0.999985
4750,3,0.999986
4760,3,0.999986
4770,3,0.999986
4780,1,0.999986
4790,2,0.999987
4800,5,0.999987
4810,6,0.999988
4820,3,0.999988
4830,4,0.999988
4840,7,0.999989
4850,3,0.999989
4860,7,0.999990
4870,1,0.999990
4880,1,0.999990
4890,3,0.999991
4900,5,0.999991
4910,3,0.999992
4920,4,0.999992
4930,3,0.999992
4940,3,0.999993
4950,6,0.999993
4960,3,0.999994
4970,3,0.999994
4980,3,0.999994
4990,1,0.999994
5000,1,0.999994
5010,5,0.999995
5020,4,0.999995
5030,6,0.999996
5040,5,0.999997
5050,3,0.999997
5060,2,0.999997
5070,7,0.999998
5080,2,0.999998
5090,3,0.999998
5100,4,0.999999
5110,3,0.999999
5120,1,0.999999
5170,1,0.999999
5180,1,0.999999
5200,2,1.000000
5230,1,1.000000
5310,1,1.000000
5320,1,1.000000
5400,1,1.000000
