#latency,cnt,cdf
0,206,0.000103
10,4,0.000105
40,26,0.000118
50,3,0.000120
60,573,0.000406
70,3393,0.002103
80,43356,0.023781
90,8415,0.027988
100,4867,0.030421
110,379051,0.219947
120,309115,0.374505
130,54796,0.401902
140,90940,0.447372
150,503931,0.699338
160,6640,0.702658
170,1114,0.703215
180,3888,0.705159
190,12416,0.711367
200,382384,0.902559
210,67959,0.936539
220,110039,0.991558
230,2113,0.992615
240,2764,0.993997
250,2505,0.995249
260,604,0.995551
270,418,0.995760
280,324,0.995922
290,161,0.996002
300,183,0.996094
310,143,0.996166
320,145,0.996238
330,131,0.996303
340,118,0.996363
350,94,0.996409
360,94,0.996457
370,82,0.996498
380,160,0.996578
390,164,0.996660
400,61,0.996690
410,52,0.996716
420,67,0.996750
430,84,0.996791
440,66,0.996825
450,69,0.996859
460,80,0.996899
470,79,0.996939
480,89,0.996983
490,81,0.997024
500,93,0.997070
510,107,0.997123
520,118,0.997182
530,120,0.997243
540,105,0.997295
550,115,0.997352
560,107,0.997406
570,98,0.997455
580,97,0.997504
590,98,0.997553
600,128,0.997617
610,122,0.997678
620,112,0.997733
630,85,0.997776
640,81,0.997817
650,81,0.997857
660,61,0.997887
670,64,0.997919
680,58,0.997949
690,72,0.997985
700,56,0.998012
710,42,0.998034
720,57,0.998062
730,46,0.998085
740,36,0.998103
750,33,0.998119
760,32,0.998136
770,44,0.998158
780,45,0.998180
790,44,0.998202
800,38,0.998221
810,35,0.998239
820,36,0.998257
830,38,0.998276
840,42,0.998296
850,64,0.998329
860,56,0.998357
870,57,0.998385
880,60,0.998415
890,60,0.998445
900,72,0.998481
910,60,0.998511
920,97,0.998559
930,97,0.998608
940,83,0.998649
950,83,0.998691
960,87,0.998734
970,91,0.998780
980,75,0.998818
990,92,0.998864
1000,70,0.998899
1010,83,0.998940
1020,69,0.998975
1030,64,0.999007
1040,46,0.999030
1050,45,0.999052
1060,39,0.999071
1070,30,0.999086
1080,30,0.999102
1090,17,0.999110
1100,23,0.999121
1110,18,0.999130
1120,20,0.999141
1130,12,0.999147
1140,12,0.999152
1150,13,0.999159
1160,14,0.999166
1170,14,0.999173
1180,6,0.999176
1190,10,0.999181
1200,16,0.999189
1210,11,0.999195
1220,12,0.999201
1230,12,0.999206
1240,11,0.999212
1250,15,0.999219
1260,8,0.999223
1270,13,0.999230
1280,13,0.999237
1290,14,0.999243
1300,11,0.999249
1310,8,0.999253
1320,8,0.999257
1330,11,0.999263
1340,4,0.999264
1350,16,0.999273
1360,8,0.999277
1370,6,0.999279
1380,3,0.999281
1390,10,0.999286
1400,5,0.999288
1410,9,0.999293
1420,7,0.999296
1430,3,0.999298
1440,4,0.999300
1450,13,0.999306
1460,8,0.999310
1470,4,0.999313
1480,11,0.999318
1490,7,0.999322
1500,9,0.999326
1510,5,0.999328
1520,7,0.999332
1530,1,0.999332
1540,6,0.999336
1550,7,0.999339
1560,3,0.999340
1570,7,0.999344
1580,5,0.999346
1590,4,0.999349
1600,10,0.999354
1610,13,0.999360
1620,13,0.999367
1630,10,0.999372
1640,9,0.999376
1650,6,0.999379
1660,9,0.999384
1670,5,0.999386
1680,5,0.999389
1690,7,0.999392
1700,8,0.999396
1710,8,0.999400
1720,13,0.999407
1730,4,0.999408
1740,8,0.999412
1750,13,0.999419
1760,6,0.999422
1770,5,0.999425
1780,7,0.999428
1790,11,0.999434
1800,11,0.999439
1810,7,0.999443
1820,4,0.999444
1830,11,0.999450
1840,6,0.999453
1850,8,0.999457
1860,10,0.999462
1870,9,0.999466
1880,4,0.999469
1890,6,0.999471
1900,11,0.999477
1910,5,0.999479
1920,6,0.999483
1930,4,0.999484
1940,2,0.999485
1950,12,0.999492
1960,3,0.999493
1970,7,0.999497
1980,3,0.999498
1990,4,0.999500
2000,5,0.999502
2010,2,0.999503
2020,2,0.999505
2030,4,0.999506
2040,2,0.999507
2050,10,0.999512
2060,2,0.999514
2070,8,0.999518
2080,4,0.999520
2090,1,0.999520
2100,5,0.999523
2110,4,0.999524
2120,8,0.999529
2130,6,0.999532
2140,9,0.999536
2150,6,0.999539
2160,6,0.999542
2170,8,0.999546
2180,4,0.999548
2190,7,0.999551
2200,4,0.999554
2210,5,0.999556
2220,7,0.999560
2230,7,0.999563
2240,2,0.999564
2250,3,0.999565
2260,4,0.999568
2270,7,0.999571
2280,6,0.999574
2290,9,0.999578
2300,4,0.999581
2310,8,0.999584
2320,6,0.999587
2330,2,0.999588
2340,3,0.999590
2350,4,0.999592
2360,6,0.999595
2370,2,0.999596
2380,5,0.999599
2390,5,0.999601
2400,5,0.999604
2410,8,0.999608
2420,11,0.999613
2430,4,0.999615
2440,3,0.999617
2450,6,0.999619
2460,7,0.999623
2470,2,0.999624
2480,3,0.999626
2490,4,0.999627
2500,9,0.999632
2510,5,0.999635
2520,5,0.999637
2530,5,0.999640
2540,2,0.999641
2550,6,0.999644
2560,10,0.999649
2570,7,0.999652
2580,4,0.999654
2590,4,0.999656
2600,5,0.999659
2610,8,0.999663
2620,5,0.999665
2630,5,0.999668
2650,5,0.999670
2660,3,0.999672
2670,1,0.999672
2680,2,0.999673
2690,3,0.999674
2700,6,0.999677
2710,3,0.999679
2720,2,0.999680
2730,3,0.999681
2740,3,0.999683
2750,6,0.999686
2760,10,0.999691
2770,6,0.999694
2780,3,0.999695
2790,6,0.999699
2800,3,0.999700
2810,4,0.999702
2820,4,0.999704
2830,7,0.999708
2840,3,0.999709
2850,5,0.999712
2860,3,0.999713
2870,8,0.999717
2880,6,0.999720
2890,4,0.999722
2900,7,0.999726
2910,6,0.999729
2920,3,0.999730
2930,4,0.999732
2940,4,0.999734
2950,5,0.999736
2960,3,0.999738
2970,3,0.999740
2980,4,0.999741
2990,4,0.999744
3000,4,0.999745
3010,7,0.999749
3020,7,0.999753
3030,5,0.999755
3040,4,0.999757
3050,2,0.999758
3060,7,0.999762
3070,3,0.999763
3080,6,0.999766
3090,6,0.999769
3100,6,0.999772
3110,7,0.999776
3120,4,0.999777
3130,2,0.999779
3140,3,0.999780
3150,2,0.999781
3160,1,0.999781
3170,2,0.999783
3180,5,0.999785
3190,9,0.999789
3200,3,0.999791
3210,5,0.999794
3220,9,0.999798
3230,4,0.999800
3240,7,0.999803
3250,10,0.999808
3260,9,0.999813
3270,6,0.999816
3280,6,0.999819
3290,11,0.999825
3300,6,0.999828
3310,5,0.999830
3320,8,0.999834
3330,7,0.999838
3340,3,0.999839
3350,2,0.999840
3360,5,0.999843
3370,2,0.999843
3380,1,0.999844
3390,10,0.999849
3400,4,0.999851
3410,11,0.999856
3420,8,0.999861
3430,10,0.999865
3440,7,0.999869
3450,1,0.999870
3460,5,0.999872
3470,2,0.999873
3480,3,0.999874
3490,6,0.999878
3500,6,0.999880
3510,3,0.999882
3520,6,0.999885
3530,3,0.999887
3540,7,0.999890
3550,8,0.999894
3560,7,0.999897
3570,6,0.999901
3580,11,0.999906
3590,6,0.999909
3600,5,0.999911
3610,4,0.999914
3620,3,0.999915
3630,10,0.999920
3640,3,0.999922
3650,3,0.999923
3660,6,0.999926
3670,7,0.999929
3680,5,0.999932
3690,2,0.999933
3710,5,0.999936
3720,2,0.999937
3730,2,0.999937
3740,4,0.999940
3750,6,0.999942
3760,3,0.999944
3780,1,0.999945
3790,3,0.999946
3800,2,0.999947
3810,1,0.999947
3820,1,0.999948
3830,4,0.999950
3840,3,0.999951
3850,3,0.999953
3860,1,0.999954
3870,4,0.999955
3880,2,0.999956
3890,2,0.999958
3900,3,0.999959
3910,1,0.999960
3920,5,0.999962
3950,1,0.999963
3960,4,0.999964
3970,3,0.999966
3980,3,0.999968
4000,1,0.999968
4010,4,0.999970
4020,1,0.999970
4040,3,0.999972
4060,1,0.999973
4090,1,0.999973
4120,1,0.999973
4150,1,0.999974
4170,1,0.999974
4200,1,0.999975
4220,2,0.999976
4230,2,0.999977
4250,1,0.999978
4260,1,0.999978
4270,1,0.999978
4280,2,0.999979
4300,1,0.999980
4320,1,0.999981
4330,1,0.999981
4350,2,0.999982
4360,1,0.999982
4420,1,0.999983
4430,1,0.999983
4450,1,0.999984
4530,2,0.999985
4550,3,0.999987
4590,1,0.999987
4670,2,0.999988
4690,2,0.999989
4850,1,0.999990
4880,1,0.999990
4920,1,0.999991
4940,3,0.999992
5020,1,0.999992
5030,1,0.999993
5090,1,0.999994
5100,1,0.999994
5150,1,0.999995
5170,1,0.999995
5270,1,0.999996
5340,1,0.999996
5370,1,0.999996
5440,1,0.999997
5870,1,0.999997
5880,1,0.999998
6300,1,0.999999
6530,1,0.999999
8520,1,1.000000
11680,1,1.000000
