#latency,cnt,cdf
60,1,0.000000
70,1,0.000000
80,4,0.000001
110,1,0.000001
120,1,0.000001
160,1,0.000001
180,1,0.000001
210,2,0.000001
230,2,0.000001
250,1,0.000002
270,1,0.000002
310,1,0.000002
350,1,0.000002
480,1,0.000002
490,1,0.000002
500,2,0.000002
530,2,0.000003
540,1,0.000003
570,1,0.000003
590,2,0.000003
620,1,0.000003
630,1,0.000003
640,2,0.000003
650,1,0.000003
670,1,0.000004
710,1,0.000004
750,2,0.000004
760,1,0.000004
770,1,0.000004
790,1,0.000004
810,1,0.000004
830,1,0.000004
840,2,0.000005
850,3,0.000005
860,1,0.000005
870,1,0.000005
880,1,0.000005
900,2,0.000005
920,2,0.000006
930,1,0.000006
940,1,0.000006
950,2,0.000006
970,2,0.000006
990,1,0.000006
1000,2,0.000007
1010,1,0.000007
1030,2,0.000007
1070,1,0.000007
1080,1,0.000007
1090,1,0.000007
1120,2,0.000007
1130,1,0.000008
1140,1,0.000008
1170,1,0.000008
1210,1,0.000008
1220,2,0.000008
1290,1,0.000008
1300,2,0.000008
1330,1,0.000009
1350,1,0.000009
1360,1,0.000009
1380,1,0.000009
1390,1,0.000009
1400,1,0.000009
1420,2,0.000009
1450,1,0.000009
1470,1,0.000009
1490,2,0.000010
1500,1,0.000010
1510,1,0.000010
1520,2,0.000010
1530,2,0.000010
1540,1,0.000010
1550,1,0.000011
1570,1,0.000011
1580,1,0.000011
1590,3,0.000011
1600,3,0.000011
1610,2,0.000012
1620,1,0.000012
1630,1,0.000012
1640,2,0.000012
1660,1,0.000012
1670,6,0.000013
1690,1,0.000013
1700,2,0.000013
1720,1,0.000013
1750,1,0.000013
1760,1,0.000013
1770,1,0.000013
1780,1,0.000014
1790,2,0.000014
1800,2,0.000014
1820,2,0.000014
1880,1,0.000014
1900,1,0.000014
1920,1,0.000015
1980,1,0.000015
2000,1,0.000015
2030,3,0.000015
2040,1,0.000015
2050,1,0.000015
2060,4,0.000016
2070,1,0.000016
2080,2,0.000016
2100,1,0.000016
2120,2,0.000016
2130,1,0.000016
2150,3,0.000017
2160,2,0.000017
2170,3,0.000017
2180,2,0.000017
2190,4,0.000018
2200,1,0.000018
2210,1,0.000018
2240,1,0.000018
2250,1,0.000018
2260,1,0.000018
2270,1,0.000019
2280,2,0.000019
2290,2,0.000019
2300,1,0.000019
2310,3,0.000019
2330,1,0.000019
2340,2,0.000020
2350,2,0.000020
2360,7,0.000021
2370,4,0.000021
2380,5,0.000022
2390,8,0.000022
2400,2,0.000023
2410,3,0.000023
2420,6,0.000024
2430,6,0.000024
2440,1,0.000024
2450,8,0.000025
2460,6,0.000026
2470,3,0.000026
2480,6,0.000027
2490,9,0.000028
2500,8,0.000029
2510,9,0.000029
2520,6,0.000030
2530,12,0.000031
2540,13,0.000033
2550,15,0.000034
2560,11,0.000035
2570,10,0.000037
2580,6,0.000037
2590,13,0.000039
2600,7,0.000039
2610,16,0.000041
2620,17,0.000043
2630,8,0.000044
2640,11,0.000045
2650,16,0.000046
2660,18,0.000048
2670,23,0.000051
2680,26,0.000053
2690,19,0.000055
2700,21,0.000058
2710,20,0.000060
2720,29,0.000063
2730,32,0.000066
2740,29,0.000069
2750,17,0.000071
2760,28,0.000074
2770,34,0.000078
2780,30,0.000081
2790,28,0.000084
2800,34,0.000087
2810,41,0.000092
2820,38,0.000096
2830,49,0.000101
2840,47,0.000106
2850,36,0.000109
2860,44,0.000114
2870,45,0.000119
2880,32,0.000122
2890,44,0.000127
2900,44,0.000131
2910,55,0.000137
2920,45,0.000142
2930,52,0.000147
2940,47,0.000152
2950,57,0.000158
2960,77,0.000167
2970,48,0.000172
2980,67,0.000179
2990,55,0.000184
3000,61,0.000191
3010,68,0.000198
3020,70,0.000205
3030,62,0.000212
3040,61,0.000218
3050,65,0.000225
3060,69,0.000232
3070,67,0.000239
3080,80,0.000248
3090,65,0.000255
3100,73,0.000262
3110,84,0.000271
3120,87,0.000280
3130,82,0.000289
3140,85,0.000298
3150,83,0.000307
3160,90,0.000316
3170,112,0.000328
3180,111,0.000340
3190,106,0.000351
3200,121,0.000364
3210,103,0.000374
3220,105,0.000385
3230,118,0.000398
3240,132,0.000412
3250,134,0.000426
3260,123,0.000439
3270,151,0.000455
3280,133,0.000469
3290,158,0.000485
3300,138,0.000500
3310,144,0.000515
3320,172,0.000533
3330,171,0.000551
3340,174,0.000569
3350,166,0.000587
3360,198,0.000608
3370,200,0.000629
3380,218,0.000652
3390,190,0.000672
3400,198,0.000693
3410,214,0.000715
3420,216,0.000738
3430,250,0.000764
3440,237,0.000789
3450,252,0.000816
3460,272,0.000844
3470,256,0.000871
3480,271,0.000900
3490,271,0.000928
3500,274,0.000957
3510,283,0.000987
3520,356,0.001024
3530,304,0.001056
3540,292,0.001087
3550,307,0.001119
3560,328,0.001154
3570,352,0.001191
3580,374,0.001230
3590,345,0.001267
3600,329,0.001301
3610,375,0.001341
3620,368,0.001380
3630,390,0.001421
3640,393,0.001462
3650,426,0.001507
3660,333,0.001542
3670,388,0.001583
3680,374,0.001622
3690,403,0.001664
3700,413,0.001708
3710,454,0.001756
3720,438,0.001802
3730,462,0.001850
3740,463,0.001899
3750,450,0.001947
3760,449,0.001994
3770,487,0.002045
3780,508,0.002099
3790,475,0.002149
3800,505,0.002202
3810,528,0.002257
3820,484,0.002308
3830,577,0.002369
3840,556,0.002428
3850,544,0.002485
3860,592,0.002547
3870,588,0.002609
3880,586,0.002671
3890,604,0.002734
3900,622,0.002800
3910,624,0.002865
3920,589,0.002927
3930,611,0.002992
3940,639,0.003059
3950,609,0.003123
3960,637,0.003190
3970,673,0.003261
3980,658,0.003330
3990,678,0.003402
4000,693,0.003475
4010,708,0.003549
4020,764,0.003630
4030,747,0.003708
4040,756,0.003788
4050,813,0.003873
4060,766,0.003954
4070,770,0.004035
4080,815,0.004121
4090,804,0.004205
4100,842,0.004294
4110,811,0.004379
4120,801,0.004464
4130,827,0.004551
4140,870,0.004642
4150,842,0.004731
4160,860,0.004821
4170,881,0.004914
4180,902,0.005009
4190,961,0.005110
4200,916,0.005207
4210,965,0.005308
4220,951,0.005408
4230,932,0.005507
4240,927,0.005604
4250,972,0.005706
4260,1018,0.005814
4270,1029,0.005922
4280,1035,0.006031
4290,1009,0.006137
4300,1024,0.006245
4310,1084,0.006359
4320,1127,0.006478
4330,1102,0.006594
4340,1101,0.006709
4350,994,0.006814
4360,1114,0.006931
4370,1100,0.007047
4380,1130,0.007166
4390,1156,0.007288
4400,1146,0.007408
4410,1136,0.007528
4420,1169,0.007651
4430,1174,0.007775
4440,1184,0.007899
4450,1254,0.008031
4460,1176,0.008155
4470,1251,0.008287
4480,1325,0.008426
4490,1284,0.008561
4500,1209,0.008689
4510,1231,0.008818
4520,1244,0.008949
4530,1289,0.009085
4540,1335,0.009225
4550,1301,0.009362
4560,1287,0.009498
4570,1372,0.009642
4580,1380,0.009787
4590,1302,0.009924
4600,1417,0.010074
4610,1429,0.010224
4620,1405,0.010372
4630,1410,0.010520
4640,1355,0.010663
4650,1408,0.010811
4660,1413,0.010960
4670,1489,0.011117
4680,1406,0.011265
4690,1460,0.011418
4700,1470,0.011573
4710,1467,0.011727
4720,1502,0.011886
4730,1507,0.012044
4740,1524,0.012205
4750,1458,0.012358
4760,1534,0.012520
4770,1511,0.012679
4780,1500,0.012837
4790,1544,0.012999
4800,1533,0.013160
4810,1535,0.013322
4820,1509,0.013481
4830,1535,0.013642
4840,1551,0.013806
4850,1545,0.013968
4860,1591,0.014136
4870,1641,0.014308
4880,1626,0.014480
4890,1583,0.014646
4900,1600,0.014815
4910,1610,0.014984
4920,1585,0.015151
4930,1607,0.015320
4940,1674,0.015496
4950,1636,0.015669
4960,1734,0.015851
4970,1604,0.016020
4980,1682,0.016197
4990,1667,0.016372
5000,1735,0.016555
5010,1798,0.016744
5020,1680,0.016921
5030,1745,0.017105
5040,1757,0.017290
5050,1684,0.017467
5060,1724,0.017649
5070,1696,0.017827
5080,1796,0.018016
5090,1804,0.018206
5100,1852,0.018401
5110,1796,0.018590
5120,1817,0.018781
5130,1763,0.018967
5140,1781,0.019154
5150,1819,0.019346
5160,1846,0.019540
5170,1759,0.019725
5180,1803,0.019915
5190,1868,0.020112
5200,1810,0.020302
5210,1912,0.020503
5220,1869,0.020700
5230,1887,0.020899
5240,1978,0.021107
5250,1918,0.021309
5260,1911,0.021510
5270,1990,0.021720
5280,2011,0.021931
5290,1981,0.022140
5300,1946,0.022345
5310,1979,0.022553
5320,1915,0.022754
5330,2023,0.022967
5340,2019,0.023180
5350,2094,0.023400
5360,1974,0.023608
5370,2087,0.023828
5380,2051,0.024044
5390,2072,0.024262
5400,2053,0.024478
5410,2012,0.024690
5420,2023,0.024903
5430,2038,0.025117
5440,2092,0.025337
5450,2040,0.025552
5460,2054,0.025768
5470,2117,0.025991
5480,2133,0.026216
5490,2138,0.026441
5500,2121,0.026664
5510,2171,0.026892
5520,2077,0.027111
5530,2053,0.027327
5540,2097,0.027548
5550,2165,0.027776
5560,2112,0.027998
5570,2197,0.028229
5580,2113,0.028452
5590,2153,0.028678
5600,2166,0.028906
5610,2119,0.029129
5620,2154,0.029356
5630,2214,0.029589
5640,2122,0.029813
5650,2084,0.030032
5660,2106,0.030254
5670,2149,0.030480
5680,2194,0.030711
5690,2229,0.030945
5700,2079,0.031164
5710,2178,0.031394
5720,2207,0.031626
5730,2219,0.031859
5740,2149,0.032086
5750,2178,0.032315
5760,2222,0.032549
5770,2221,0.032783
5780,2226,0.033017
5790,2214,0.033250
5800,2262,0.033488
5810,2160,0.033715
5820,2308,0.033958
5830,2293,0.034200
5840,2267,0.034438
5850,2312,0.034682
5860,2190,0.034912
5870,2253,0.035149
5880,2301,0.035392
5890,2237,0.035627
5900,2370,0.035877
5910,2329,0.036122
5920,2291,0.036363
5930,2315,0.036607
5940,2356,0.036855
5950,2302,0.037097
5960,2471,0.037357
5970,2374,0.037607
5980,2360,0.037855
5990,2396,0.038107
6000,2399,0.038360
6010,2427,0.038615
6020,2408,0.038869
6030,2468,0.039129
6040,2530,0.039395
6050,2455,0.039653
6060,2524,0.039919
6070,2507,0.040183
6080,2570,0.040454
6090,2588,0.040726
6100,2548,0.040994
6110,2526,0.041260
6120,2589,0.041533
6130,2553,0.041801
6140,2644,0.042080
6150,2625,0.042356
6160,2498,0.042619
6170,2637,0.042896
6180,2668,0.043177
6190,2742,0.043466
6200,2708,0.043751
6210,2722,0.044037
6220,2704,0.044322
6230,2784,0.044615
6240,2668,0.044896
6250,2765,0.045187
6260,2718,0.045473
6270,2782,0.045766
6280,2808,0.046062
6290,2927,0.046370
6300,2812,0.046666
6310,2822,0.046963
6320,2773,0.047255
6330,2781,0.047547
6340,3037,0.047867
6350,2926,0.048175
6360,2929,0.048483
6370,2989,0.048798
6380,2856,0.049099
6390,2956,0.049410
6400,3067,0.049733
6410,3024,0.050051
6420,2954,0.050362
6430,3056,0.050683
6440,2962,0.050995
6450,3113,0.051323
6460,3104,0.051650
6470,2978,0.051963
6480,3042,0.052283
6490,3091,0.052609
6500,3171,0.052942
6510,3193,0.053279
6520,3153,0.053610
6530,3146,0.053942
6540,3270,0.054286
6550,3146,0.054617
6560,3211,0.054955
6570,3266,0.055299
6580,3305,0.055647
6590,3356,0.056000
6600,3297,0.056347
6610,3410,0.056706
6620,3444,0.057068
6630,3390,0.057425
6640,3469,0.057790
6650,3444,0.058153
6660,3427,0.058514
6670,3488,0.058881
6680,3480,0.059247
6690,3615,0.059628
6700,3638,0.060011
6710,3698,0.060400
6720,3599,0.060779
6730,3586,0.061156
6740,3770,0.061553
6750,3772,0.061950
6760,3791,0.062349
6770,3765,0.062745
6780,3924,0.063158
6790,3880,0.063567
6800,3991,0.063987
6810,4002,0.064408
6820,4068,0.064836
6830,4045,0.065262
6840,4176,0.065702
6850,4042,0.066127
6860,4240,0.066573
6870,4321,0.067028
6880,4346,0.067486
6890,4264,0.067935
6900,4327,0.068390
6910,4487,0.068862
6920,4468,0.069333
6930,4521,0.069809
6940,4563,0.070289
6950,4586,0.070772
6960,4716,0.071268
6970,4762,0.071769
6980,4862,0.072281
6990,4883,0.072795
7000,4953,0.073316
7010,5080,0.073851
7020,5091,0.074387
7030,5246,0.074939
7040,5174,0.075484
7050,5171,0.076028
7060,5318,0.076588
7070,5180,0.077133
7080,5480,0.077710
7090,5544,0.078294
7100,5587,0.078882
7110,5744,0.079486
7120,5726,0.080089
7130,5740,0.080693
7140,6076,0.081333
7150,6068,0.081972
7160,6148,0.082619
7170,6245,0.083276
7180,6288,0.083938
7190,6254,0.084596
7200,6598,0.085291
7210,6536,0.085979
7220,6780,0.086692
7230,6605,0.087388
7240,6961,0.088120
7250,7047,0.088862
7260,7106,0.089610
7270,7120,0.090360
7280,7270,0.091125
7290,7380,0.091902
7300,7518,0.092693
7310,7660,0.093499
7320,7608,0.094300
7330,7924,0.095134
7340,7871,0.095963
7350,8070,0.096812
7360,8159,0.097671
7370,8263,0.098541
7380,8409,0.099426
7390,8638,0.100335
7400,8656,0.101246
7410,8859,0.102179
7420,8928,0.103119
7430,9268,0.104094
7440,9350,0.105078
7450,9353,0.106063
7460,9598,0.107073
7470,9862,0.108111
7480,9663,0.109128
7490,10047,0.110186
7500,10071,0.111246
7510,10323,0.112333
7520,10235,0.113410
7530,10636,0.114530
7540,10854,0.115672
7550,11001,0.116830
7560,11128,0.118001
7570,11331,0.119194
7580,11428,0.120397
7590,11858,0.121645
7600,11968,0.122905
7610,12182,0.124187
7620,12327,0.125485
7630,12719,0.126824
7640,12841,0.128175
7650,12977,0.129541
7660,13125,0.130923
7670,13452,0.132339
7680,13593,0.133770
7690,13748,0.135217
7700,14010,0.136692
7710,14321,0.138199
7720,14525,0.139728
7730,14714,0.141277
7740,14819,0.142837
7750,15008,0.144416
7760,15246,0.146021
7770,15689,0.147673
7780,15995,0.149356
7790,16191,0.151061
7800,16299,0.152776
7810,16606,0.154524
7820,16905,0.156304
7830,17048,0.158098
7840,17249,0.159914
7850,17547,0.161761
7860,17915,0.163647
7870,18306,0.165573
7880,18354,0.167505
7890,18687,0.169472
7900,18835,0.171455
7910,18848,0.173439
7920,19349,0.175476
7930,19538,0.177532
7940,20033,0.179641
7950,19920,0.181738
7960,20622,0.183909
7970,20741,0.186092
7980,20946,0.188297
7990,21160,0.190524
8000,21499,0.192787
8010,21821,0.195084
8020,21866,0.197385
8030,22148,0.199717
8040,22340,0.202068
8050,22765,0.204465
8060,23266,0.206914
8070,23377,0.209374
8080,23601,0.211859
8090,23740,0.214357
8100,24260,0.216911
8110,24017,0.219439
8120,24761,0.222046
8130,24492,0.224624
8140,25485,0.227306
8150,24992,0.229937
8160,25867,0.232660
8170,26025,0.235399
8180,25969,0.238133
8190,26254,0.240896
8200,26622,0.243698
8210,26851,0.246525
8220,27148,0.249382
8230,27332,0.252259
8240,27693,0.255174
8250,27968,0.258118
8260,28165,0.261083
8270,28595,0.264093
8280,28451,0.267088
8290,28509,0.270089
8300,29234,0.273166
8310,29178,0.276237
8320,29544,0.279347
8330,29759,0.282480
8340,29871,0.285624
8350,30124,0.288795
8360,30302,0.291984
8370,30594,0.295205
8380,30556,0.298421
8390,31011,0.301685
8400,31080,0.304957
8410,31516,0.308274
8420,31559,0.311596
8430,31852,0.314949
8440,32094,0.318327
8450,32389,0.321737
8460,32182,0.325124
8470,32352,0.328529
8480,32267,0.331926
8490,33041,0.335404
8500,33350,0.338914
8510,33197,0.342409
8520,33667,0.345953
8530,33433,0.349472
8540,33514,0.352999
8550,33580,0.356534
8560,34007,0.360114
8570,33665,0.363657
8580,34282,0.367266
8590,34206,0.370867
8600,34351,0.374482
8610,34329,0.378096
8620,34804,0.381759
8630,34895,0.385433
8640,34846,0.389100
8650,35227,0.392808
8660,35654,0.396561
8670,35065,0.400252
8680,35432,0.403982
8690,35343,0.407702
8700,35442,0.411433
8710,35120,0.415130
8720,35417,0.418858
8730,35337,0.422577
8740,35645,0.426329
8750,35738,0.430091
8760,35695,0.433849
8770,35971,0.437635
8780,35511,0.441373
8790,35671,0.445128
8800,36019,0.448919
8810,35888,0.452697
8820,35745,0.456459
8830,35449,0.460191
8840,36032,0.463983
8850,35620,0.467733
8860,35719,0.471493
8870,35974,0.475279
8880,35730,0.479040
8890,35975,0.482827
8900,35542,0.486568
8910,35791,0.490336
8920,35735,0.494097
8930,35629,0.497848
8940,35919,0.501629
8950,35859,0.505403
8960,35768,0.509168
8970,35600,0.512915
8980,35452,0.516647
8990,34985,0.520330
9000,35469,0.524063
9010,35239,0.527772
9020,35191,0.531477
9030,35123,0.535174
9040,34751,0.538832
9050,34707,0.542485
9060,35119,0.546182
9070,34507,0.549814
9080,34993,0.553497
9090,34544,0.557134
9100,34677,0.560784
9110,34044,0.564367
9120,34460,0.567995
9130,34143,0.571588
9140,33993,0.575167
9150,34198,0.578766
9160,33502,0.582293
9170,33682,0.585838
9180,33507,0.589365
9190,33518,0.592893
9200,33098,0.596377
9210,33232,0.599875
9220,32780,0.603326
9230,32796,0.606778
9240,32940,0.610245
9250,32821,0.613700
9260,32147,0.617084
9270,31759,0.620427
9280,31783,0.623772
9290,31791,0.627119
9300,31450,0.630429
9310,31454,0.633740
9320,31326,0.637038
9330,31025,0.640303
9340,31054,0.643572
9350,30421,0.646774
9360,30347,0.649969
9370,30362,0.653165
9380,30060,0.656329
9390,29782,0.659464
9400,29494,0.662568
9410,29658,0.665690
9420,28996,0.668742
9430,29009,0.671796
9440,28588,0.674805
9450,28197,0.677773
9460,27928,0.680713
9470,27915,0.683651
9480,27505,0.686546
9490,27452,0.689436
9500,27605,0.692342
9510,26924,0.695176
9520,26691,0.697985
9530,26842,0.700811
9540,26495,0.703600
9550,26458,0.706385
9560,26034,0.709125
9570,25750,0.711835
9580,25418,0.714511
9590,25255,0.717169
9600,24983,0.719799
9610,24658,0.722395
9620,24881,0.725014
9630,24592,0.727602
9640,24095,0.730138
9650,23907,0.732655
9660,23765,0.735156
9670,23481,0.737628
9680,23254,0.740076
9690,23026,0.742500
9700,22716,0.744891
9710,22819,0.747293
9720,22555,0.749667
9730,21806,0.751962
9740,21845,0.754262
9750,21715,0.756547
9760,21522,0.758813
9770,21062,0.761030
9780,20706,0.763209
9790,20952,0.765415
9800,20557,0.767579
9810,20338,0.769719
9820,19595,0.771782
9830,19935,0.773880
9840,19772,0.775962
9850,19348,0.777998
9860,19126,0.780011
9870,19102,0.782022
9880,18592,0.783979
9890,18696,0.785947
9900,18330,0.787877
9910,18217,0.789794
9920,17822,0.791670
9930,17778,0.793541
9940,17560,0.795390
9950,17291,0.797210
9960,16997,0.798999
9970,16908,0.800779
9980,16438,0.802509
9990,16219,0.804216
10000,15989,0.805899
10010,16119,0.807596
10020,15975,0.809278
10030,15714,0.810932
10040,15533,0.812567
10050,14922,0.814137
10060,14936,0.815710
10070,14835,0.817271
10080,14773,0.818826
10090,14207,0.820322
10100,14286,0.821825
10110,14153,0.823315
10120,13654,0.824752
10130,13562,0.826180
10140,13621,0.827614
10150,13585,0.829044
10160,13048,0.830417
10170,13041,0.831790
10180,12885,0.833146
10190,12761,0.834489
10200,12432,0.835798
10210,12358,0.837099
10220,12096,0.838372
10230,12092,0.839645
10240,11870,0.840894
10250,11905,0.842147
10260,11420,0.843350
10270,11240,0.844533
10280,11412,0.845734
10290,11067,0.846899
10300,10845,0.848040
10310,10719,0.849169
10320,10630,0.850288
10330,10534,0.851396
10340,10543,0.852506
10350,10396,0.853601
10360,10157,0.854670
10370,10091,0.855732
10380,9939,0.856778
10390,9790,0.857809
10400,9662,0.858826
10410,9536,0.859829
10420,9556,0.860835
10430,9211,0.861805
10440,9177,0.862771
10450,8860,0.863703
10460,8809,0.864631
10470,8979,0.865576
10480,8674,0.866489
10490,8694,0.867404
10500,8432,0.868292
10510,8292,0.869164
10520,8292,0.870037
10530,8374,0.870919
10540,8084,0.871770
10550,7873,0.872598
10560,8029,0.873443
10570,7862,0.874271
10580,7779,0.875090
10590,7600,0.875890
10600,7514,0.876681
10610,7525,0.877473
10620,7412,0.878253
10630,7232,0.879014
10640,7219,0.879774
10650,7316,0.880544
10660,7108,0.881292
10670,6871,0.882016
10680,6956,0.882748
10690,6697,0.883453
10700,6854,0.884174
10710,6841,0.884894
10720,6601,0.885589
10730,6616,0.886286
10740,6571,0.886977
10750,6493,0.887661
10760,6431,0.888338
10770,6319,0.889003
10780,6257,0.889661
10790,6185,0.890313
10800,6267,0.890972
10810,6296,0.891635
10820,5994,0.892266
10830,6109,0.892909
10840,6009,0.893541
10850,5937,0.894166
10860,6013,0.894799
10870,5772,0.895407
10880,5870,0.896025
10890,5838,0.896639
10900,5790,0.897249
10910,5722,0.897851
10920,5790,0.898461
10930,5624,0.899053
10940,5715,0.899654
10950,5617,0.900245
10960,5631,0.900838
10970,5475,0.901414
10980,5328,0.901975
10990,5334,0.902537
11000,5454,0.903111
11010,5437,0.903683
11020,5368,0.904248
11030,5225,0.904798
11040,5365,0.905363
11050,5191,0.905909
11060,5219,0.906459
11070,5215,0.907008
11080,5172,0.907552
11090,5093,0.908088
11100,4993,0.908614
11110,4980,0.909138
11120,5038,0.909668
11130,5090,0.910204
11140,5084,0.910739
11150,4929,0.911258
11160,5083,0.911793
11170,4965,0.912315
11180,4932,0.912835
11190,4870,0.913347
11200,4873,0.913860
11210,4948,0.914381
11220,4804,0.914887
11230,4893,0.915402
11240,4780,0.915905
11250,4793,0.916409
11260,4697,0.916904
11270,4746,0.917403
11280,4809,0.917910
11290,4743,0.918409
11300,4714,0.918905
11310,4651,0.919395
11320,4688,0.919888
11330,4703,0.920383
11340,4563,0.920863
11350,4536,0.921341
11360,4591,0.921824
11370,4569,0.922305
11380,4542,0.922783
11390,4562,0.923263
11400,4522,0.923739
11410,4530,0.924216
11420,4529,0.924693
11430,4383,0.925154
11440,4430,0.925621
11450,4376,0.926081
11460,4431,0.926548
11470,4347,0.927005
11480,4299,0.927458
11490,4283,0.927909
11500,4197,0.928350
11510,4287,0.928802
11520,4319,0.929256
11530,4329,0.929712
11540,4251,0.930159
11550,4268,0.930609
11560,4137,0.931044
11570,4270,0.931494
11580,4242,0.931940
11590,4098,0.932371
11600,4175,0.932811
11610,4173,0.933250
11620,4059,0.933677
11630,4131,0.934112
11640,4084,0.934542
11650,4106,0.934974
11660,4042,0.935400
11670,3988,0.935820
11680,4040,0.936245
11690,4040,0.936670
11700,4018,0.937093
11710,4009,0.937515
11720,4059,0.937942
11730,4057,0.938369
11740,4012,0.938792
11750,3978,0.939210
11760,3975,0.939629
11770,4064,0.940057
11780,4048,0.940483
11790,4075,0.940912
11800,3949,0.941327
11810,3862,0.941734
11820,3820,0.942136
11830,3957,0.942552
11840,4076,0.942981
11850,4031,0.943406
11860,3989,0.943826
11870,3953,0.944242
11880,3859,0.944648
11890,3905,0.945059
11900,3916,0.945471
11910,3834,0.945875
11920,3900,0.946285
11930,3916,0.946698
11940,3934,0.947112
11950,3864,0.947518
11960,3925,0.947932
11970,3785,0.948330
11980,3814,0.948731
11990,3778,0.949129
12000,3732,0.949522
12010,3787,0.949921
12020,3774,0.950318
12030,3683,0.950705
12040,3779,0.951103
12050,3687,0.951491
12060,3648,0.951875
12070,3713,0.952266
12080,3721,0.952658
12090,3662,0.953043
12100,3622,0.953425
12110,3574,0.953801
12120,3543,0.954174
12130,3605,0.954553
12140,3596,0.954932
12150,3631,0.955314
12160,3593,0.955692
12170,3575,0.956068
12180,3556,0.956443
12190,3473,0.956808
12200,3474,0.957174
12210,3393,0.957531
12220,3566,0.957907
12230,3439,0.958269
12240,3471,0.958634
12250,3399,0.958992
12260,3411,0.959351
12270,3340,0.959702
12280,3453,0.960066
12290,3328,0.960416
12300,3343,0.960768
12310,3268,0.961112
12320,3357,0.961465
12330,3320,0.961815
12340,3214,0.962153
12350,3256,0.962496
12360,3268,0.962840
12370,3275,0.963185
12380,3150,0.963516
12390,3194,0.963852
12400,3218,0.964191
12410,3123,0.964520
12420,3193,0.964856
12430,3115,0.965184
12440,3122,0.965512
12450,3128,0.965842
12460,3127,0.966171
12470,3161,0.966504
12480,3140,0.966834
12490,3015,0.967151
12500,3074,0.967475
12510,3019,0.967793
12520,3021,0.968111
12530,2925,0.968419
12540,3041,0.968739
12550,3002,0.969055
12560,2949,0.969365
12570,2896,0.969670
12580,2929,0.969978
12590,2930,0.970287
12600,2863,0.970588
12610,2797,0.970882
12620,2766,0.971174
12630,2767,0.971465
12640,2767,0.971756
12650,2706,0.972041
12660,2706,0.972326
12670,2796,0.972620
12680,2664,0.972901
12690,2676,0.973182
12700,2628,0.973459
12710,2594,0.973732
12720,2614,0.974007
12730,2598,0.974281
12740,2519,0.974546
12750,2497,0.974809
12760,2408,0.975062
12770,2430,0.975318
12780,2453,0.975576
12790,2411,0.975830
12800,2424,0.976085
12810,2421,0.976340
12820,2357,0.976588
12830,2365,0.976837
12840,2405,0.977090
12850,2312,0.977333
12860,2305,0.977576
12870,2267,0.977815
12880,2268,0.978053
12890,2279,0.978293
12900,2236,0.978529
12910,2254,0.978766
12920,2154,0.978993
12930,2137,0.979218
12940,2124,0.979441
12950,2138,0.979666
12960,2167,0.979894
12970,2131,0.980119
12980,2086,0.980338
12990,2084,0.980558
13000,2056,0.980774
13010,2041,0.980989
13020,2059,0.981205
13030,2038,0.981420
13040,1923,0.981622
13050,1969,0.981830
13060,2000,0.982040
13070,1876,0.982238
13080,1936,0.982441
13090,1849,0.982636
13100,1876,0.982834
13110,1811,0.983024
13120,1834,0.983217
13130,1780,0.983405
13140,1724,0.983586
13150,1726,0.983768
13160,1740,0.983951
13170,1739,0.984134
13180,1727,0.984316
13190,1665,0.984491
13200,1643,0.984664
13210,1531,0.984825
13220,1645,0.984998
13230,1495,0.985156
13240,1621,0.985326
13250,1525,0.985487
13260,1526,0.985647
13270,1481,0.985803
13280,1433,0.985954
13290,1491,0.986111
13300,1444,0.986263
13310,1407,0.986411
13320,1413,0.986560
13330,1413,0.986709
13340,1451,0.986861
13350,1331,0.987001
13360,1401,0.987149
13370,1293,0.987285
13380,1322,0.987424
13390,1298,0.987561
13400,1335,0.987701
13410,1306,0.987839
13420,1241,0.987969
13430,1254,0.988101
13440,1161,0.988224
13450,1254,0.988356
13460,1166,0.988478
13470,1237,0.988609
13480,1165,0.988731
13490,1118,0.988849
13500,1101,0.988965
13510,1141,0.989085
13520,1098,0.989200
13530,1059,0.989312
13540,1102,0.989428
13550,1082,0.989542
13560,1039,0.989651
13570,952,0.989751
13580,994,0.989856
13590,1010,0.989962
13600,955,0.990063
13610,956,0.990164
13620,933,0.990262
13630,946,0.990361
13640,916,0.990458
13650,930,0.990556
13660,912,0.990652
13670,882,0.990744
13680,883,0.990837
13690,846,0.990926
13700,853,0.991016
13710,834,0.991104
13720,790,0.991187
13730,822,0.991274
13740,771,0.991355
13750,783,0.991437
13760,789,0.991520
13770,770,0.991601
13780,760,0.991681
13790,728,0.991758
13800,740,0.991836
13810,737,0.991913
13820,681,0.991985
13830,678,0.992057
13840,686,0.992129
13850,672,0.992199
13860,654,0.992268
13870,633,0.992335
13880,678,0.992406
13890,620,0.992472
13900,602,0.992535
13910,610,0.992599
13920,615,0.992664
13930,569,0.992724
13940,593,0.992786
13950,595,0.992849
13960,566,0.992908
13970,529,0.992964
13980,577,0.993025
13990,540,0.993082
14000,565,0.993141
14010,512,0.993195
14020,467,0.993244
14030,498,0.993297
14040,483,0.993347
14050,501,0.993400
14060,489,0.993452
14070,478,0.993502
14080,505,0.993555
14090,459,0.993603
14100,451,0.993651
14110,447,0.993698
14120,438,0.993744
14130,461,0.993793
14140,444,0.993839
14150,427,0.993884
14160,424,0.993929
14170,399,0.993971
14180,399,0.994013
14190,402,0.994055
14200,378,0.994095
14210,406,0.994138
14220,349,0.994175
14230,343,0.994211
14240,372,0.994250
14250,336,0.994285
14260,353,0.994322
14270,347,0.994359
14280,336,0.994394
14290,333,0.994429
14300,313,0.994462
14310,262,0.994490
14320,331,0.994525
14330,304,0.994557
14340,318,0.994590
14350,297,0.994621
14360,262,0.994649
14370,274,0.994678
14380,280,0.994707
14390,250,0.994734
14400,253,0.994760
14410,264,0.994788
14420,238,0.994813
14430,264,0.994841
14440,248,0.994867
14450,242,0.994892
14460,256,0.994919
14470,233,0.994944
14480,219,0.994967
14490,226,0.994991
14500,214,0.995013
14510,242,0.995039
14520,240,0.995064
14530,213,0.995086
14540,224,0.995110
14550,210,0.995132
14560,206,0.995154
14570,231,0.995178
14580,185,0.995198
14590,187,0.995217
14600,224,0.995241
14610,203,0.995262
14620,235,0.995287
14630,194,0.995307
14640,178,0.995326
14650,170,0.995344
14660,180,0.995363
14670,152,0.995379
14680,172,0.995397
14690,181,0.995416
14700,202,0.995437
14710,199,0.995458
14720,139,0.995473
14730,190,0.995493
14740,167,0.995511
14750,166,0.995528
14760,150,0.995544
14770,144,0.995559
14780,163,0.995576
14790,154,0.995592
14800,148,0.995608
14810,164,0.995625
14820,131,0.995639
14830,146,0.995654
14840,140,0.995669
14850,143,0.995684
14860,146,0.995699
14870,136,0.995714
14880,132,0.995728
14890,118,0.995740
14900,114,0.995752
14910,120,0.995765
14920,117,0.995777
14930,124,0.995790
14940,131,0.995804
14950,120,0.995816
14960,108,0.995828
14970,115,0.995840
14980,120,0.995853
14990,96,0.995863
15000,115,0.995875
15010,128,0.995888
15020,102,0.995899
15030,92,0.995909
15040,101,0.995919
15050,94,0.995929
15060,97,0.995939
15070,99,0.995950
15080,94,0.995960
15090,110,0.995971
15100,96,0.995981
15110,83,0.995990
15120,105,0.996001
15130,89,0.996011
15140,93,0.996020
15150,109,0.996032
15160,79,0.996040
15170,85,0.996049
15180,93,0.996059
15190,87,0.996068
15200,122,0.996081
15210,105,0.996092
15220,97,0.996102
15230,104,0.996113
15240,91,0.996123
15250,88,0.996132
15260,81,0.996140
15270,109,0.996152
15280,98,0.996162
15290,84,0.996171
15300,90,0.996181
15310,93,0.996190
15320,95,0.996200
15330,91,0.996210
15340,81,0.996219
15350,74,0.996226
15360,78,0.996234
15370,100,0.996245
15380,80,0.996253
15390,71,0.996261
15400,81,0.996269
15410,76,0.996277
15420,79,0.996286
15430,77,0.996294
15440,75,0.996302
15450,78,0.996310
15460,83,0.996319
15470,83,0.996327
15480,87,0.996337
15490,66,0.996344
15500,76,0.996352
15510,75,0.996359
15520,73,0.996367
15530,80,0.996376
15540,93,0.996385
15550,86,0.996394
15560,62,0.996401
15570,44,0.996406
15580,87,0.996415
15590,76,0.996423
15600,79,0.996431
15610,73,0.996439
15620,81,0.996447
15630,76,0.996455
15640,86,0.996464
15650,79,0.996473
15660,73,0.996480
15670,78,0.996488
15680,80,0.996497
15690,96,0.996507
15700,84,0.996516
15710,82,0.996524
15720,73,0.996532
15730,84,0.996541
15740,79,0.996549
15750,73,0.996557
15760,79,0.996565
15770,73,0.996573
15780,80,0.996581
15790,78,0.996590
15800,83,0.996598
15810,90,0.996608
15820,77,0.996616
15830,76,0.996624
15840,69,0.996631
15850,73,0.996639
15860,63,0.996646
15870,76,0.996654
15880,83,0.996662
15890,83,0.996671
15900,66,0.996678
15910,69,0.996685
15920,69,0.996692
15930,66,0.996699
15940,54,0.996705
15950,71,0.996713
15960,86,0.996722
15970,58,0.996728
15980,59,0.996734
15990,65,0.996741
16000,48,0.996746
16010,66,0.996753
16020,66,0.996760
16030,68,0.996767
16040,62,0.996773
16050,59,0.996780
16060,76,0.996788
16070,60,0.996794
16080,56,0.996800
16090,66,0.996807
16100,52,0.996812
16110,58,0.996818
16120,57,0.996824
16130,55,0.996830
16140,47,0.996835
16150,38,0.996839
16160,48,0.996844
16170,59,0.996850
16180,68,0.996858
16190,60,0.996864
16200,60,0.996870
16210,47,0.996875
16220,47,0.996880
16230,62,0.996887
16240,38,0.996891
16250,69,0.996898
16260,52,0.996903
16270,52,0.996909
16280,62,0.996915
16290,55,0.996921
16300,58,0.996927
16310,40,0.996931
16320,52,0.996937
16330,51,0.996942
16340,42,0.996947
16350,57,0.996953
16360,49,0.996958
16370,70,0.996965
16380,53,0.996971
16390,64,0.996978
16400,56,0.996983
16410,50,0.996989
16420,57,0.996995
16430,41,0.996999
16440,46,0.997004
16450,48,0.997009
16460,45,0.997014
16470,44,0.997018
16480,40,0.997022
16490,44,0.997027
16500,53,0.997033
16510,39,0.997037
16520,38,0.997041
16530,44,0.997045
16540,50,0.997051
16550,39,0.997055
16560,38,0.997059
16570,42,0.997063
16580,38,0.997067
16590,42,0.997072
16600,37,0.997075
16610,43,0.997080
16620,28,0.997083
16630,52,0.997088
16640,40,0.997093
16650,46,0.997098
16660,35,0.997101
16670,42,0.997106
16680,43,0.997110
16690,23,0.997113
16700,46,0.997117
16710,49,0.997123
16720,41,0.997127
16730,47,0.997132
16740,34,0.997135
16750,39,0.997140
16760,43,0.997144
16770,41,0.997148
16780,31,0.997152
16790,35,0.997155
16800,34,0.997159
16810,38,0.997163
16820,36,0.997167
16830,42,0.997171
16840,30,0.997174
16850,36,0.997178
16860,27,0.997181
16870,33,0.997184
16880,33,0.997188
16890,32,0.997191
16900,32,0.997195
16910,22,0.997197
16920,40,0.997201
16930,37,0.997205
16940,24,0.997208
16950,36,0.997211
16960,36,0.997215
16970,42,0.997220
16980,25,0.997222
16990,47,0.997227
17000,38,0.997231
17010,41,0.997235
17020,30,0.997239
17030,35,0.997242
17040,36,0.997246
17050,39,0.997250
17060,52,0.997256
17070,52,0.997261
17080,44,0.997266
17090,30,0.997269
17100,40,0.997273
17110,26,0.997276
17120,34,0.997279
17130,39,0.997284
17140,43,0.997288
17150,35,0.997292
17160,35,0.997295
17170,27,0.997298
17180,36,0.997302
17190,30,0.997305
17200,27,0.997308
17210,47,0.997313
17220,42,0.997317
17230,32,0.997321
17240,38,0.997325
17250,35,0.997328
17260,26,0.997331
17270,37,0.997335
17280,26,0.997338
17290,31,0.997341
17300,29,0.997344
17310,35,0.997348
17320,35,0.997352
17330,26,0.997354
17340,26,0.997357
17350,34,0.997361
17360,35,0.997364
17370,30,0.997367
17380,28,0.997370
17390,24,0.997373
17400,33,0.997376
17410,21,0.997379
17420,32,0.997382
17430,17,0.997384
17440,16,0.997385
17450,23,0.997388
17460,26,0.997391
17470,29,0.997394
17480,19,0.997396
17490,30,0.997399
17500,27,0.997402
17510,28,0.997405
17520,23,0.997407
17530,21,0.997409
17540,21,0.997411
17550,28,0.997414
17560,23,0.997417
17570,28,0.997420
17580,23,0.997422
17590,26,0.997425
17600,17,0.997427
17610,20,0.997429
17620,20,0.997431
17630,29,0.997434
17640,29,0.997437
17650,23,0.997439
17660,24,0.997442
17670,16,0.997444
17680,21,0.997446
17690,17,0.997448
17700,24,0.997450
17710,20,0.997452
17720,20,0.997454
17730,24,0.997457
17740,18,0.997459
17750,24,0.997461
17760,19,0.997463
17770,19,0.997465
17780,22,0.997468
17790,12,0.997469
17800,18,0.997471
17810,18,0.997473
17820,20,0.997475
17830,22,0.997477
17840,19,0.997479
17850,22,0.997481
17860,29,0.997484
17870,18,0.997486
17880,19,0.997488
17890,15,0.997490
17900,10,0.997491
17910,11,0.997492
17920,24,0.997495
17930,13,0.997496
17940,17,0.997498
17950,16,0.997500
17960,19,0.997501
17970,14,0.997503
17980,17,0.997505
17990,17,0.997507
18000,18,0.997508
18010,11,0.997510
18020,25,0.997512
18030,13,0.997514
18040,13,0.997515
18050,23,0.997517
18060,19,0.997519
18070,20,0.997522
18080,15,0.997523
18090,10,0.997524
18100,19,0.997526
18110,16,0.997528
18120,24,0.997530
18130,16,0.997532
18140,14,0.997534
18150,14,0.997535
18160,17,0.997537
18170,17,0.997539
18180,16,0.997540
18190,12,0.997541
18200,18,0.997543
18210,15,0.997545
18220,19,0.997547
18230,21,0.997549
18240,10,0.997550
18250,12,0.997552
18260,18,0.997553
18270,22,0.997556
18280,14,0.997557
18290,15,0.997559
18300,8,0.997560
18310,15,0.997561
18320,9,0.997562
18330,9,0.997563
18340,6,0.997564
18350,8,0.997565
18360,13,0.997566
18370,14,0.997567
18380,17,0.997569
18390,19,0.997571
18400,8,0.997572
18410,14,0.997573
18420,11,0.997575
18430,6,0.997575
18440,11,0.997576
18450,10,0.997577
18460,11,0.997579
18470,11,0.997580
18480,16,0.997582
18490,13,0.997583
18500,10,0.997584
18510,5,0.997584
18520,16,0.997586
18530,13,0.997588
18540,9,0.997588
18550,7,0.997589
18560,3,0.997590
18570,12,0.997591
18580,14,0.997592
18590,8,0.997593
18600,12,0.997594
18610,9,0.997595
18620,10,0.997596
18630,6,0.997597
18640,10,0.997598
18650,7,0.997599
18660,7,0.997600
18670,7,0.997600
18680,10,0.997601
18690,8,0.997602
18700,8,0.997603
18710,7,0.997604
18720,8,0.997605
18730,4,0.997605
18740,8,0.997606
18750,10,0.997607
18760,10,0.997608
18770,10,0.997609
18780,5,0.997609
18790,6,0.997610
18800,10,0.997611
18810,7,0.997612
18820,6,0.997613
18830,4,0.997613
18840,10,0.997614
18850,9,0.997615
18860,6,0.997616
18870,7,0.997616
18880,8,0.997617
18890,11,0.997618
18900,12,0.997620
18910,7,0.997620
18920,5,0.997621
18930,8,0.997622
18940,4,0.997622
18950,7,0.997623
18960,8,0.997624
18970,8,0.997625
18980,5,0.997625
18990,4,0.997626
19000,12,0.997627
19010,10,0.997628
19020,11,0.997629
19030,4,0.997629
19040,6,0.997630
19050,4,0.997630
19060,6,0.997631
19070,4,0.997631
19080,8,0.997632
19090,9,0.997633
19100,6,0.997634
19110,10,0.997635
19120,8,0.997636
19130,7,0.997637
19140,4,0.997637
19150,10,0.997638
19160,3,0.997638
19170,10,0.997639
19180,10,0.997640
19190,6,0.997641
19200,7,0.997642
19210,4,0.997642
19220,8,0.997643
19230,12,0.997644
19240,6,0.997645
19250,5,0.997645
19260,2,0.997646
19270,10,0.997647
19280,11,0.997648
19290,13,0.997649
19300,5,0.997650
19310,3,0.997650
19320,6,0.997651
19330,6,0.997651
19340,3,0.997652
19350,5,0.997652
19360,9,0.997653
19370,7,0.997654
19380,5,0.997654
19390,10,0.997656
19400,6,0.997656
19410,9,0.997657
19420,7,0.997658
19430,7,0.997659
19440,5,0.997659
19450,9,0.997660
19460,3,0.997660
19470,8,0.997661
19480,9,0.997662
19490,4,0.997663
19500,3,0.997663
19510,7,0.997664
19520,8,0.997664
19530,8,0.997665
19540,8,0.997666
19550,4,0.997667
19560,7,0.997667
19570,4,0.997668
19580,6,0.997668
19590,5,0.997669
19600,3,0.997669
19610,5,0.997670
19620,4,0.997670
19630,3,0.997670
19640,2,0.997671
19650,5,0.997671
19660,7,0.997672
19670,3,0.997672
19680,1,0.997672
19690,4,0.997673
19700,12,0.997674
19710,5,0.997675
19720,3,0.997675
19730,9,0.997676
19740,3,0.997676
19750,3,0.997676
19760,9,0.997677
19770,1,0.997678
19780,6,0.997678
19790,3,0.997678
19800,6,0.997679
19810,8,0.997680
19820,8,0.997681
19830,5,0.997681
19840,7,0.997682
19850,4,0.997682
19860,5,0.997683
19870,8,0.997684
19880,8,0.997685
19890,3,0.997685
19900,6,0.997686
19910,5,0.997686
19920,11,0.997687
19930,6,0.997688
19940,5,0.997688
19950,6,0.997689
19960,1,0.997689
19970,5,0.997690
19980,2,0.997690
19990,7,0.997691
20000,5,0.997691
20010,4,0.997692
20020,7,0.997692
20030,7,0.997693
20040,5,0.997694
20050,7,0.997694
20060,4,0.997695
20070,7,0.997696
20080,6,0.997696
20090,5,0.997697
20100,3,0.997697
20110,9,0.997698
20120,5,0.997698
20130,4,0.997699
20140,4,0.997699
20150,3,0.997700
20160,4,0.997700
20170,7,0.997701
20180,5,0.997701
20190,9,0.997702
20200,2,0.997702
20210,11,0.997704
20220,8,0.997704
20230,4,0.997705
20240,8,0.997706
20250,10,0.997707
20260,10,0.997708
20270,9,0.997709
20280,11,0.997710
20290,10,0.997711
20300,7,0.997712
20310,11,0.997713
20320,9,0.997714
20330,10,0.997715
20340,11,0.997716
20350,13,0.997717
20360,4,0.997718
20370,8,0.997719
20380,7,0.997719
20390,13,0.997721
20400,5,0.997721
20410,11,0.997722
20420,6,0.997723
20430,13,0.997724
20440,8,0.997725
20450,11,0.997726
20460,13,0.997728
20470,7,0.997729
20480,11,0.997730
20490,12,0.997731
20500,6,0.997732
20510,12,0.997733
20520,8,0.997734
20530,9,0.997735
20540,8,0.997736
20550,13,0.997737
20560,9,0.997738
20570,6,0.997738
20580,11,0.997740
20590,8,0.997740
20600,9,0.997741
20610,9,0.997742
20620,10,0.997743
20630,11,0.997745
20640,7,0.997745
20650,7,0.997746
20660,11,0.997747
20670,4,0.997748
20680,12,0.997749
20690,4,0.997749
20700,10,0.997750
20710,8,0.997751
20720,10,0.997752
20730,6,0.997753
20740,6,0.997754
20750,4,0.997754
20760,8,0.997755
20770,11,0.997756
20780,9,0.997757
20790,8,0.997758
20800,12,0.997759
20810,10,0.997760
20820,7,0.997761
20830,9,0.997762
20840,9,0.997763
20850,10,0.997764
20860,13,0.997765
20870,15,0.997767
20880,15,0.997768
20890,9,0.997769
20900,9,0.997770
20910,15,0.997772
20920,12,0.997773
20930,11,0.997774
20940,14,0.997776
20950,10,0.997777
20960,10,0.997778
20970,5,0.997778
20980,9,0.997779
20990,6,0.997780
21000,10,0.997781
21010,6,0.997782
21020,11,0.997783
21030,10,0.997784
21040,6,0.997784
21050,3,0.997785
21060,7,0.997785
21070,10,0.997786
21080,5,0.997787
21090,9,0.997788
21100,8,0.997789
21110,4,0.997789
21120,6,0.997790
21130,8,0.997791
21140,6,0.997791
21150,9,0.997792
21160,5,0.997793
21170,10,0.997794
21180,11,0.997795
21190,4,0.997795
21200,12,0.997797
21210,6,0.997797
21220,9,0.997798
21230,8,0.997799
21240,7,0.997800
21250,9,0.997801
21260,1,0.997801
21270,7,0.997802
21280,8,0.997802
21290,5,0.997803
21300,11,0.997804
21310,12,0.997805
21320,7,0.997806
21330,9,0.997807
21340,10,0.997808
21350,15,0.997810
21360,11,0.997811
21370,12,0.997812
21380,7,0.997813
21390,10,0.997814
21400,7,0.997815
21410,6,0.997815
21420,5,0.997816
21430,14,0.997817
21440,17,0.997819
21450,11,0.997820
21460,7,0.997821
21470,5,0.997822
21480,9,0.997822
21490,10,0.997824
21500,10,0.997825
21510,8,0.997825
21520,6,0.997826
21530,8,0.997827
21540,7,0.997828
21550,9,0.997829
21560,15,0.997830
21570,14,0.997832
21580,9,0.997833
21590,10,0.997834
21600,11,0.997835
21610,14,0.997836
21620,8,0.997837
21630,14,0.997839
21640,13,0.997840
21650,12,0.997841
21660,16,0.997843
21670,8,0.997844
21680,16,0.997845
21690,8,0.997846
21700,15,0.997848
21710,13,0.997849
21720,6,0.997850
21730,15,0.997851
21740,12,0.997853
21750,9,0.997854
21760,14,0.997855
21770,13,0.997856
21780,9,0.997857
21790,9,0.997858
21800,14,0.997860
21810,7,0.997861
21820,9,0.997862
21830,7,0.997862
21840,8,0.997863
21850,14,0.997865
21860,20,0.997867
21870,13,0.997868
21880,9,0.997869
21890,16,0.997871
21900,15,0.997872
21910,5,0.997873
21920,6,0.997873
21930,9,0.997874
21940,13,0.997876
21950,13,0.997877
21960,11,0.997878
21970,8,0.997879
21980,7,0.997880
21990,15,0.997881
22000,11,0.997883
22010,16,0.997884
22020,12,0.997886
22030,11,0.997887
22040,12,0.997888
22050,10,0.997889
22060,7,0.997890
22070,12,0.997891
22080,10,0.997892
22090,11,0.997893
22100,9,0.997894
22110,8,0.997895
22120,12,0.997896
22130,8,0.997897
22140,13,0.997898
22150,11,0.997900
22160,10,0.997901
22170,8,0.997901
22180,14,0.997903
22190,12,0.997904
22200,12,0.997905
22210,12,0.997907
22220,12,0.997908
22230,10,0.997909
22240,10,0.997910
22250,12,0.997911
22260,17,0.997913
22270,11,0.997914
22280,19,0.997916
22290,13,0.997918
22300,17,0.997919
22310,17,0.997921
22320,15,0.997923
22330,18,0.997925
22340,15,0.997926
22350,16,0.997928
22360,9,0.997929
22370,12,0.997930
22380,20,0.997932
22390,18,0.997934
22400,11,0.997935
22410,15,0.997937
22420,16,0.997939
22430,6,0.997939
22440,13,0.997941
22450,12,0.997942
22460,12,0.997943
22470,17,0.997945
22480,18,0.997947
22490,13,0.997948
22500,21,0.997950
22510,15,0.997952
22520,14,0.997954
22530,16,0.997955
22540,10,0.997956
22550,8,0.997957
22560,15,0.997959
22570,14,0.997960
22580,15,0.997962
22590,14,0.997963
22600,16,0.997965
22610,13,0.997966
22620,9,0.997967
22630,15,0.997969
22640,11,0.997970
22650,16,0.997972
22660,8,0.997972
22670,11,0.997974
22680,11,0.997975
22690,9,0.997976
22700,7,0.997976
22710,14,0.997978
22720,12,0.997979
22730,12,0.997980
22740,5,0.997981
22750,10,0.997982
22760,18,0.997984
22770,6,0.997985
22780,15,0.997986
22790,13,0.997988
22800,11,0.997989
22810,12,0.997990
22820,11,0.997991
22830,13,0.997992
22840,7,0.997993
22850,13,0.997995
22860,14,0.997996
22870,5,0.997997
22880,5,0.997997
22890,9,0.997998
22900,18,0.998000
22910,14,0.998001
22920,12,0.998003
22930,11,0.998004
22940,17,0.998006
22950,12,0.998007
22960,12,0.998008
22970,10,0.998009
22980,8,0.998010
22990,11,0.998011
23000,6,0.998012
23010,17,0.998014
23020,9,0.998015
23030,18,0.998016
23040,17,0.998018
23050,16,0.998020
23060,6,0.998021
23070,13,0.998022
23080,16,0.998024
23090,10,0.998025
23100,18,0.998027
23110,9,0.998028
23120,15,0.998029
23130,13,0.998030
23140,9,0.998031
23150,22,0.998034
23160,9,0.998035
23170,11,0.998036
23180,14,0.998037
23190,8,0.998038
23200,14,0.998040
23210,8,0.998040
23220,15,0.998042
23230,11,0.998043
23240,17,0.998045
23250,15,0.998047
23260,9,0.998048
23270,14,0.998049
23280,9,0.998050
23290,14,0.998051
23300,10,0.998052
23310,11,0.998054
23320,16,0.998055
23330,15,0.998057
23340,16,0.998059
23350,10,0.998060
23360,16,0.998061
23370,14,0.998063
23380,16,0.998064
23390,15,0.998066
23400,20,0.998068
23410,16,0.998070
23420,17,0.998072
23430,12,0.998073
23440,24,0.998075
23450,18,0.998077
23460,12,0.998079
23470,14,0.998080
23480,22,0.998082
23490,8,0.998083
23500,17,0.998085
23510,20,0.998087
23520,18,0.998089
23530,20,0.998091
23540,20,0.998093
23550,19,0.998095
23560,14,0.998097
23570,12,0.998098
23580,9,0.998099
23590,21,0.998101
23600,18,0.998103
23610,14,0.998104
23620,16,0.998106
23630,10,0.998107
23640,10,0.998108
23650,12,0.998110
23660,17,0.998111
23670,15,0.998113
23680,14,0.998114
23690,16,0.998116
23700,14,0.998118
23710,21,0.998120
23720,18,0.998122
23730,17,0.998123
23740,12,0.998125
23750,15,0.998126
23760,11,0.998127
23770,12,0.998129
23780,22,0.998131
23790,16,0.998133
23800,15,0.998134
23810,18,0.998136
23820,14,0.998138
23830,20,0.998140
23840,10,0.998141
23850,11,0.998142
23860,12,0.998143
23870,12,0.998144
23880,13,0.998146
23890,9,0.998147
23900,17,0.998149
23910,11,0.998150
23920,13,0.998151
23930,13,0.998152
23940,8,0.998153
23950,15,0.998155
23960,16,0.998157
23970,9,0.998158
23980,16,0.998159
23990,18,0.998161
24000,11,0.998162
24010,12,0.998164
24020,9,0.998164
24030,9,0.998165
24040,10,0.998166
24050,10,0.998168
24060,13,0.998169
24070,10,0.998170
24080,8,0.998171
24090,11,0.998172
24100,15,0.998174
24110,10,0.998175
24120,12,0.998176
24130,8,0.998177
24140,13,0.998178
24150,13,0.998179
24160,13,0.998181
24170,19,0.998183
24180,18,0.998185
24190,16,0.998186
24200,17,0.998188
24210,8,0.998189
24220,11,0.998190
24230,12,0.998191
24240,18,0.998193
24250,21,0.998196
24260,14,0.998197
24270,11,0.998198
24280,17,0.998200
24290,21,0.998202
24300,21,0.998204
24310,23,0.998207
24320,18,0.998209
24330,11,0.998210
24340,18,0.998212
24350,7,0.998212
24360,14,0.998214
24370,14,0.998215
24380,15,0.998217
24390,14,0.998218
24400,13,0.998220
24410,17,0.998222
24420,17,0.998223
24430,25,0.998226
24440,12,0.998227
24450,8,0.998228
24460,9,0.998229
24470,11,0.998230
24480,15,0.998232
24490,16,0.998233
24500,14,0.998235
24510,20,0.998237
24520,17,0.998239
24530,16,0.998241
24540,24,0.998243
24550,15,0.998245
24560,14,0.998246
24570,21,0.998248
24580,10,0.998249
24590,19,0.998251
24600,21,0.998254
24610,20,0.998256
24620,20,0.998258
24630,14,0.998259
24640,13,0.998261
24650,14,0.998262
24660,19,0.998264
24670,20,0.998266
24680,20,0.998268
24690,15,0.998270
24700,15,0.998272
24710,15,0.998273
24720,16,0.998275
24730,15,0.998276
24740,14,0.998278
24750,19,0.998280
24760,15,0.998281
24770,23,0.998284
24780,20,0.998286
24790,19,0.998288
24800,18,0.998290
24810,17,0.998292
24820,14,0.998293
24830,25,0.998296
24840,23,0.998298
24850,16,0.998300
24860,22,0.998302
24870,20,0.998304
24880,19,0.998306
24890,13,0.998308
24900,20,0.998310
24910,32,0.998313
24920,33,0.998317
24930,16,0.998318
24940,18,0.998320
24950,18,0.998322
24960,25,0.998325
24970,17,0.998326
24980,29,0.998330
24990,13,0.998331
25000,22,0.998333
25010,26,0.998336
25020,23,0.998338
25030,30,0.998342
25040,20,0.998344
25050,33,0.998347
25060,18,0.998349
25070,27,0.998352
25080,32,0.998355
25090,18,0.998357
25100,20,0.998359
25110,19,0.998361
25120,20,0.998363
25130,24,0.998366
25140,26,0.998369
25150,22,0.998371
25160,27,0.998374
25170,27,0.998377
25180,24,0.998379
25190,23,0.998381
25200,25,0.998384
25210,22,0.998386
25220,20,0.998389
25230,24,0.998391
25240,31,0.998394
25250,38,0.998398
25260,21,0.998401
25270,21,0.998403
25280,29,0.998406
25290,22,0.998408
25300,38,0.998412
25310,35,0.998416
25320,28,0.998419
25330,32,0.998422
25340,26,0.998425
25350,24,0.998427
25360,35,0.998431
25370,28,0.998434
25380,18,0.998436
25390,24,0.998438
25400,24,0.998441
25410,35,0.998445
25420,21,0.998447
25430,29,0.998450
25440,41,0.998454
25450,31,0.998457
25460,23,0.998460
25470,24,0.998462
25480,28,0.998465
25490,36,0.998469
25500,29,0.998472
25510,21,0.998474
25520,21,0.998477
25530,25,0.998479
25540,18,0.998481
25550,24,0.998484
25560,19,0.998486
25570,19,0.998488
25580,25,0.998490
25590,23,0.998493
25600,18,0.998495
25610,19,0.998497
25620,23,0.998499
25630,18,0.998501
25640,19,0.998503
25650,20,0.998505
25660,24,0.998508
25670,19,0.998510
25680,15,0.998511
25690,21,0.998513
25700,21,0.998516
25710,18,0.998518
25720,18,0.998519
25730,25,0.998522
25740,16,0.998524
25750,18,0.998526
25760,19,0.998528
25770,18,0.998529
25780,11,0.998531
25790,11,0.998532
25800,14,0.998533
25810,17,0.998535
25820,11,0.998536
25830,28,0.998539
25840,13,0.998541
25850,16,0.998542
25860,15,0.998544
25870,25,0.998546
25880,18,0.998548
25890,23,0.998551
25900,18,0.998553
25910,19,0.998555
25920,12,0.998556
25930,26,0.998559
25940,11,0.998560
25950,15,0.998561
25960,14,0.998563
25970,15,0.998564
25980,12,0.998566
25990,13,0.998567
26000,16,0.998569
26010,15,0.998570
26020,14,0.998572
26030,24,0.998574
26040,23,0.998577
26050,14,0.998578
26060,14,0.998580
26070,18,0.998582
26080,14,0.998583
26090,17,0.998585
26100,14,0.998586
26110,25,0.998589
26120,23,0.998591
26130,14,0.998593
26140,18,0.998595
26150,20,0.998597
26160,16,0.998599
26170,19,0.998601
26180,20,0.998603
26190,22,0.998605
26200,12,0.998606
26210,16,0.998608
26220,22,0.998610
26230,24,0.998613
26240,21,0.998615
26250,21,0.998617
26260,20,0.998619
26270,16,0.998621
26280,16,0.998623
26290,16,0.998624
26300,17,0.998626
26310,21,0.998628
26320,16,0.998630
26330,20,0.998632
26340,15,0.998634
26350,19,0.998636
26360,15,0.998637
26370,19,0.998639
26380,25,0.998642
26390,13,0.998643
26400,22,0.998646
26410,20,0.998648
26420,21,0.998650
26430,24,0.998652
26440,21,0.998655
26450,19,0.998657
26460,17,0.998658
26470,20,0.998661
26480,23,0.998663
26490,33,0.998666
26500,26,0.998669
26510,19,0.998671
26520,25,0.998674
26530,32,0.998677
26540,25,0.998680
26550,22,0.998682
26560,24,0.998685
26570,23,0.998687
26580,15,0.998689
26590,24,0.998691
26600,27,0.998694
26610,17,0.998696
26620,22,0.998698
26630,24,0.998701
26640,26,0.998703
26650,23,0.998706
26660,24,0.998708
26670,19,0.998710
26680,20,0.998712
26690,16,0.998714
26700,21,0.998716
26710,30,0.998720
26720,29,0.998723
26730,22,0.998725
26740,26,0.998728
26750,25,0.998730
26760,27,0.998733
26770,33,0.998737
26780,23,0.998739
26790,20,0.998741
26800,28,0.998744
26810,23,0.998746
26820,21,0.998749
26830,14,0.998750
26840,19,0.998752
26850,23,0.998755
26860,37,0.998758
26870,31,0.998762
26880,36,0.998765
26890,32,0.998769
26900,19,0.998771
26910,20,0.998773
26920,33,0.998776
26930,27,0.998779
26940,20,0.998781
26950,35,0.998785
26960,31,0.998788
26970,33,0.998792
26980,26,0.998795
26990,31,0.998798
27000,34,0.998801
27010,27,0.998804
27020,35,0.998808
27030,26,0.998811
27040,27,0.998814
27050,27,0.998816
27060,32,0.998820
27070,23,0.998822
27080,29,0.998825
27090,22,0.998828
27100,28,0.998830
27110,30,0.998834
27120,27,0.998836
27130,26,0.998839
27140,28,0.998842
27150,29,0.998845
27160,28,0.998848
27170,20,0.998850
27180,27,0.998853
27190,30,0.998856
27200,29,0.998859
27210,27,0.998862
27220,20,0.998864
27230,28,0.998867
27240,18,0.998869
27250,17,0.998871
27260,24,0.998873
27270,27,0.998876
27280,20,0.998878
27290,17,0.998880
27300,17,0.998882
27310,21,0.998884
27320,23,0.998887
27330,24,0.998889
27340,18,0.998891
27350,17,0.998893
27360,18,0.998895
27370,18,0.998897
27380,26,0.998899
27390,16,0.998901
27400,22,0.998903
27410,21,0.998905
27420,20,0.998908
27430,25,0.998910
27440,26,0.998913
27450,18,0.998915
27460,18,0.998917
27470,30,0.998920
27480,20,0.998922
27490,24,0.998925
27500,25,0.998927
27510,21,0.998929
27520,20,0.998931
27530,22,0.998934
27540,30,0.998937
27550,27,0.998940
27560,23,0.998942
27570,23,0.998945
27580,32,0.998948
27590,22,0.998950
27600,27,0.998953
27610,24,0.998956
27620,31,0.998959
27630,26,0.998962
27640,21,0.998964
27650,31,0.998967
27660,25,0.998970
27670,25,0.998972
27680,23,0.998975
27690,16,0.998977
27700,26,0.998979
27710,24,0.998982
27720,32,0.998985
27730,29,0.998988
27740,22,0.998991
27750,34,0.998994
27760,19,0.998996
27770,26,0.998999
27780,16,0.999001
27790,30,0.999004
27800,17,0.999005
27810,26,0.999008
27820,30,0.999011
27830,11,0.999013
27840,17,0.999014
27850,23,0.999017
27860,25,0.999019
27870,21,0.999022
27880,13,0.999023
27890,21,0.999025
27900,18,0.999027
27910,14,0.999029
27920,18,0.999030
27930,12,0.999032
27940,10,0.999033
27950,16,0.999034
27960,22,0.999037
27970,23,0.999039
27980,19,0.999041
27990,16,0.999043
28000,13,0.999044
28010,19,0.999046
28020,22,0.999049
28030,27,0.999051
28040,17,0.999053
28050,19,0.999055
28060,25,0.999058
28070,24,0.999060
28080,22,0.999063
28090,23,0.999065
28100,17,0.999067
28110,17,0.999069
28120,9,0.999070
28130,21,0.999072
28140,19,0.999074
28150,15,0.999075
28160,19,0.999077
28170,18,0.999079
28180,23,0.999082
28190,13,0.999083
28200,16,0.999085
28210,18,0.999087
28220,16,0.999088
28230,14,0.999090
28240,13,0.999091
28250,15,0.999093
28260,17,0.999095
28270,17,0.999096
28280,18,0.999098
28290,13,0.999100
28300,14,0.999101
28310,21,0.999103
28320,14,0.999105
28330,16,0.999106
28340,11,0.999108
28350,22,0.999110
28360,19,0.999112
28370,13,0.999113
28380,21,0.999115
28390,14,0.999117
28400,27,0.999120
28410,15,0.999121
28420,21,0.999124
28430,14,0.999125
28440,21,0.999127
28450,20,0.999129
28460,22,0.999132
28470,19,0.999134
28480,15,0.999135
28490,12,0.999137
28500,20,0.999139
28510,21,0.999141
28520,20,0.999143
28530,15,0.999145
28540,24,0.999147
28550,25,0.999150
28560,25,0.999152
28570,21,0.999155
28580,16,0.999156
28590,20,0.999158
28600,16,0.999160
28610,21,0.999162
28620,11,0.999163
28630,18,0.999165
28640,17,0.999167
28650,17,0.999169
28660,22,0.999171
28670,15,0.999173
28680,16,0.999174
28690,21,0.999177
28700,17,0.999178
28710,12,0.999180
28720,20,0.999182
28730,27,0.999185
28740,16,0.999186
28750,16,0.999188
28760,16,0.999190
28770,15,0.999191
28780,23,0.999194
28790,17,0.999196
28800,22,0.999198
28810,20,0.999200
28820,31,0.999203
28830,24,0.999206
28840,26,0.999208
28850,14,0.999210
28860,17,0.999212
28870,14,0.999213
28880,18,0.999215
28890,15,0.999217
28900,15,0.999218
28910,25,0.999221
28920,12,0.999222
28930,18,0.999224
28940,22,0.999226
28950,17,0.999228
28960,13,0.999229
28970,15,0.999231
28980,14,0.999233
28990,17,0.999234
29000,17,0.999236
29010,19,0.999238
29020,17,0.999240
29030,11,0.999241
29040,16,0.999243
29050,19,0.999245
29060,11,0.999246
29070,17,0.999248
29080,14,0.999249
29090,16,0.999251
29100,18,0.999253
29110,23,0.999255
29120,20,0.999257
29130,20,0.999259
29140,15,0.999261
29150,23,0.999263
29160,33,0.999267
29170,15,0.999268
29180,18,0.999270
29190,17,0.999272
29200,17,0.999274
29210,20,0.999276
29220,15,0.999278
29230,17,0.999279
29240,20,0.999281
29250,20,0.999284
29260,15,0.999285
29270,24,0.999288
29280,18,0.999290
29290,15,0.999291
29300,13,0.999293
29310,16,0.999294
29320,9,0.999295
29330,17,0.999297
29340,18,0.999299
29350,20,0.999301
29360,24,0.999303
29370,16,0.999305
29380,14,0.999307
29390,18,0.999309
29400,13,0.999310
29410,13,0.999311
29420,18,0.999313
29430,22,0.999316
29440,19,0.999317
29450,15,0.999319
29460,16,0.999321
29470,18,0.999323
29480,18,0.999325
29490,21,0.999327
29500,13,0.999328
29510,20,0.999330
29520,19,0.999332
29530,10,0.999333
29540,19,0.999335
29550,13,0.999337
29560,9,0.999338
29570,21,0.999340
29580,23,0.999342
29590,18,0.999344
29600,17,0.999346
29610,14,0.999347
29620,15,0.999349
29630,15,0.999351
29640,14,0.999352
29650,14,0.999353
29660,16,0.999355
29670,18,0.999357
29680,11,0.999358
29690,14,0.999360
29700,19,0.999362
29710,14,0.999363
29720,15,0.999365
29730,18,0.999367
29740,33,0.999370
29750,16,0.999372
29760,20,0.999374
29770,24,0.999376
29780,22,0.999379
29790,16,0.999380
29800,20,0.999383
29810,17,0.999384
29820,19,0.999386
29830,11,0.999388
29840,15,0.999389
29850,14,0.999391
29860,23,0.999393
29870,13,0.999394
29880,21,0.999397
29890,14,0.999398
29900,20,0.999400
29910,15,0.999402
29920,14,0.999403
29930,12,0.999404
29940,25,0.999407
29950,11,0.999408
29960,18,0.999410
29970,18,0.999412
29980,11,0.999413
29990,13,0.999415
30000,14,0.999416
30010,10,0.999417
30020,14,0.999419
30030,15,0.999420
30040,10,0.999421
30050,13,0.999423
30060,18,0.999424
30070,21,0.999427
30080,20,0.999429
30090,21,0.999431
30100,20,0.999433
30110,17,0.999435
30120,16,0.999437
30130,20,0.999439
30140,18,0.999441
30150,10,0.999442
30160,17,0.999443
30170,20,0.999445
30180,17,0.999447
30190,11,0.999448
30200,8,0.999449
30210,16,0.999451
30220,10,0.999452
30230,15,0.999454
30240,16,0.999455
30250,18,0.999457
30260,14,0.999459
30270,10,0.999460
30280,15,0.999461
30290,22,0.999464
30300,8,0.999464
30310,10,0.999465
30320,14,0.999467
30330,14,0.999468
30340,10,0.999469
30350,19,0.999471
30360,15,0.999473
30370,25,0.999476
30380,18,0.999478
30390,24,0.999480
30400,27,0.999483
30410,17,0.999485
30420,14,0.999486
30430,10,0.999487
30440,11,0.999488
30450,20,0.999491
30460,28,0.999493
30470,14,0.999495
30480,11,0.999496
30490,14,0.999498
30500,15,0.999499
30510,15,0.999501
30520,12,0.999502
30530,17,0.999504
30540,23,0.999506
30550,11,0.999507
30560,10,0.999508
30570,19,0.999510
30580,8,0.999511
30590,14,0.999513
30600,18,0.999515
30610,8,0.999515
30620,12,0.999517
30630,10,0.999518
30640,10,0.999519
30650,7,0.999520
30660,10,0.999521
30670,15,0.999522
30680,14,0.999524
30690,7,0.999524
30700,12,0.999526
30710,9,0.999527
30720,11,0.999528
30730,12,0.999529
30740,14,0.999531
30750,14,0.999532
30760,8,0.999533
30770,14,0.999534
30780,14,0.999536
30790,11,0.999537
30800,7,0.999538
30810,13,0.999539
30820,13,0.999540
30830,11,0.999542
30840,9,0.999543
30850,11,0.999544
30860,16,0.999545
30870,11,0.999547
30880,8,0.999547
30890,13,0.999549
30900,19,0.999551
30910,8,0.999552
30920,12,0.999553
30930,11,0.999554
30940,14,0.999555
30950,12,0.999557
30960,16,0.999558
30970,16,0.999560
30980,13,0.999561
30990,10,0.999563
31000,19,0.999565
31010,14,0.999566
31020,14,0.999568
31030,12,0.999569
31040,19,0.999571
31050,7,0.999572
31060,10,0.999573
31070,8,0.999573
31080,5,0.999574
31090,9,0.999575
31100,11,0.999576
31110,16,0.999578
31120,9,0.999579
31130,8,0.999579
31140,14,0.999581
31150,15,0.999583
31160,13,0.999584
31170,7,0.999585
31180,19,0.999587
31190,6,0.999587
31200,11,0.999588
31210,14,0.999590
31220,8,0.999591
31230,13,0.999592
31240,10,0.999593
31250,9,0.999594
31260,10,0.999595
31270,11,0.999596
31280,7,0.999597
31290,9,0.999598
31300,9,0.999599
31310,11,0.999600
31320,11,0.999601
31330,10,0.999602
31340,9,0.999603
31350,4,0.999604
31360,5,0.999604
31370,3,0.999605
31380,7,0.999605
31390,8,0.999606
31400,8,0.999607
31410,5,0.999608
31420,4,0.999608
31430,6,0.999609
31440,4,0.999609
31450,5,0.999609
31460,3,0.999610
31470,4,0.999610
31480,1,0.999610
31490,7,0.999611
31500,7,0.999612
31510,4,0.999612
31520,5,0.999613
31530,7,0.999613
31540,2,0.999614
31550,4,0.999614
31560,6,0.999615
31570,3,0.999615
31580,5,0.999616
31590,2,0.999616
31600,4,0.999616
31610,6,0.999617
31620,5,0.999617
31630,5,0.999618
31640,4,0.999618
31650,4,0.999619
31660,6,0.999619
31670,9,0.999620
31680,4,0.999621
31690,6,0.999621
31700,4,0.999622
31710,3,0.999622
31720,5,0.999623
31730,1,0.999623
31740,3,0.999623
31750,6,0.999624
31760,5,0.999624
31770,4,0.999625
31780,5,0.999625
31790,4,0.999626
31800,6,0.999626
31810,4,0.999627
31820,1,0.999627
31830,3,0.999627
31840,2,0.999627
31850,7,0.999628
31860,2,0.999628
31870,5,0.999629
31880,9,0.999630
31890,7,0.999630
31900,9,0.999631
31910,6,0.999632
31920,2,0.999632
31930,5,0.999633
31940,8,0.999634
31950,5,0.999634
31960,16,0.999636
31970,8,0.999637
31980,9,0.999638
31990,8,0.999638
32000,7,0.999639
32010,5,0.999640
32020,4,0.999640
32030,7,0.999641
32040,8,0.999642
32050,9,0.999643
32060,8,0.999644
32070,8,0.999644
32080,2,0.999645
32090,5,0.999645
32100,4,0.999645
32110,6,0.999646
32120,4,0.999647
32130,5,0.999647
32140,9,0.999648
32150,6,0.999649
32160,5,0.999649
32170,7,0.999650
32180,5,0.999650
32190,9,0.999651
32200,2,0.999652
32210,1,0.999652
32220,5,0.999652
32230,5,0.999653
32240,5,0.999653
32250,7,0.999654
32260,6,0.999655
32270,5,0.999655
32280,6,0.999656
32290,4,0.999656
32300,2,0.999656
32310,6,0.999657
32320,11,0.999658
32330,7,0.999659
32340,4,0.999659
32350,14,0.999661
32360,3,0.999661
32370,3,0.999662
32380,6,0.999662
32390,10,0.999663
32400,8,0.999664
32410,5,0.999665
32420,6,0.999665
32430,5,0.999666
32440,6,0.999666
32450,12,0.999668
32460,4,0.999668
32470,5,0.999669
32480,8,0.999669
32490,8,0.999670
32500,8,0.999671
32510,4,0.999671
32520,8,0.999672
32530,3,0.999673
32540,12,0.999674
32550,10,0.999675
32560,5,0.999675
32570,2,0.999676
32580,8,0.999677
32590,4,0.999677
32600,4,0.999677
32610,5,0.999678
32620,6,0.999679
32630,11,0.999680
32640,7,0.999680
32650,10,0.999681
32660,5,0.999682
32670,12,0.999683
32680,9,0.999684
32690,11,0.999685
32700,10,0.999686
32710,13,0.999688
32720,6,0.999688
32730,16,0.999690
32740,5,0.999691
32750,13,0.999692
32760,9,0.999693
32770,13,0.999694
32780,7,0.999695
32790,10,0.999696
32800,15,0.999698
32810,8,0.999699
32820,9,0.999699
32830,7,0.999700
32840,19,0.999702
32850,14,0.999704
32860,11,0.999705
32870,14,0.999706
32880,6,0.999707
32890,8,0.999708
32900,12,0.999709
32910,13,0.999710
32920,7,0.999711
32930,7,0.999712
32940,5,0.999712
32950,8,0.999713
32960,4,0.999714
32970,7,0.999714
32980,6,0.999715
32990,8,0.999716
33000,6,0.999717
33010,5,0.999717
33020,2,0.999717
33030,7,0.999718
33040,4,0.999718
33050,4,0.999719
33060,3,0.999719
33070,3,0.999720
33080,2,0.999720
33090,3,0.999720
33100,3,0.999720
33110,5,0.999721
33120,6,0.999721
33130,6,0.999722
33140,10,0.999723
33150,4,0.999724
33160,6,0.999724
33170,1,0.999724
33180,4,0.999725
33190,5,0.999725
33200,7,0.999726
33210,8,0.999727
33220,6,0.999727
33230,5,0.999728
33240,7,0.999729
33250,2,0.999729
33260,8,0.999730
33270,9,0.999731
33280,8,0.999732
33290,6,0.999732
33300,5,0.999733
33310,8,0.999734
33320,10,0.999735
33330,3,0.999735
33340,12,0.999736
33350,7,0.999737
33360,7,0.999738
33370,6,0.999738
33380,7,0.999739
33390,4,0.999739
33400,6,0.999740
33410,5,0.999741
33420,6,0.999741
33430,5,0.999742
33440,10,0.999743
33450,4,0.999743
33460,8,0.999744
33470,2,0.999744
33480,8,0.999745
33490,6,0.999746
33500,4,0.999746
33510,4,0.999747
33520,5,0.999747
33530,6,0.999748
33540,6,0.999748
33550,4,0.999749
33560,9,0.999750
33570,7,0.999751
33580,4,0.999751
33590,11,0.999752
33600,7,0.999753
33610,7,0.999754
33620,3,0.999754
33630,10,0.999755
33640,7,0.999756
33650,8,0.999757
33660,6,0.999757
33670,4,0.999758
33680,4,0.999758
33690,3,0.999758
33700,10,0.999759
33710,7,0.999760
33720,6,0.999761
33730,9,0.999762
33740,7,0.999762
33750,2,0.999763
33760,7,0.999763
33770,9,0.999764
33780,3,0.999765
33790,7,0.999765
33800,8,0.999766
33810,7,0.999767
33820,5,0.999767
33830,3,0.999768
33840,5,0.999768
33850,6,0.999769
33860,12,0.999770
33870,4,0.999771
33880,6,0.999771
33890,7,0.999772
33900,7,0.999773
33910,6,0.999773
33920,4,0.999774
33930,5,0.999774
33940,7,0.999775
33950,6,0.999776
33960,7,0.999776
33970,7,0.999777
33980,9,0.999778
33990,4,0.999779
34000,9,0.999779
34010,6,0.999780
34020,6,0.999781
34030,6,0.999781
34040,4,0.999782
34050,8,0.999783
34060,8,0.999783
34070,5,0.999784
34080,6,0.999785
34090,7,0.999785
34110,8,0.999786
34120,1,0.999786
34130,6,0.999787
34140,5,0.999787
34150,4,0.999788
34160,4,0.999788
34170,9,0.999789
34180,3,0.999790
34190,4,0.999790
34200,3,0.999790
34210,3,0.999791
34220,6,0.999791
34230,2,0.999792
34250,4,0.999792
34260,4,0.999792
34270,6,0.999793
34280,7,0.999794
34290,5,0.999794
34300,2,0.999794
34310,4,0.999795
34320,7,0.999796
34330,4,0.999796
34340,5,0.999797
34350,4,0.999797
34360,3,0.999797
34370,2,0.999797
34380,3,0.999798
34390,3,0.999798
34400,4,0.999799
34410,5,0.999799
34420,3,0.999799
34430,4,0.999800
34440,4,0.999800
34450,6,0.999801
34460,2,0.999801
34470,2,0.999801
34480,3,0.999802
34490,3,0.999802
34500,2,0.999802
34510,3,0.999802
34520,6,0.999803
34530,3,0.999803
34540,1,0.999803
34550,3,0.999804
34560,5,0.999804
34570,1,0.999804
34580,2,0.999805
34590,5,0.999805
34600,6,0.999806
34610,1,0.999806
34620,3,0.999806
34630,4,0.999807
34640,2,0.999807
34650,9,0.999808
34660,1,0.999808
34670,1,0.999808
34680,1,0.999808
34690,3,0.999808
34700,2,0.999809
34710,2,0.999809
34720,1,0.999809
34730,2,0.999809
34740,2,0.999809
34750,1,0.999810
34760,1,0.999810
34770,1,0.999810
34780,2,0.999810
34800,1,0.999810
34810,2,0.999810
34820,1,0.999810
34830,1,0.999810
34840,1,0.999811
34850,2,0.999811
34860,2,0.999811
34870,1,0.999811
34890,2,0.999811
34900,1,0.999811
34910,2,0.999812
34920,2,0.999812
34930,2,0.999812
34940,3,0.999812
34950,1,0.999812
34960,3,0.999813
34970,1,0.999813
34980,2,0.999813
34990,2,0.999813
35010,3,0.999814
35020,3,0.999814
35040,1,0.999814
35050,3,0.999814
35060,3,0.999815
35070,1,0.999815
35080,1,0.999815
35090,1,0.999815
35100,2,0.999815
35120,2,0.999815
35130,1,0.999815
35140,1,0.999816
35150,3,0.999816
35170,1,0.999816
35180,2,0.999816
35190,2,0.999816
35200,2,0.999817
35210,3,0.999817
35220,2,0.999817
35230,3,0.999817
35250,3,0.999818
35260,2,0.999818
35270,2,0.999818
35280,1,0.999818
35290,2,0.999819
35300,3,0.999819
35320,5,0.999819
35330,2,0.999820
35350,3,0.999820
35360,1,0.999820
35370,1,0.999820
35380,2,0.999820
35390,1,0.999820
35400,4,0.999821
35410,1,0.999821
35420,2,0.999821
35440,3,0.999821
35450,3,0.999822
35480,1,0.999822
35490,1,0.999822
35510,4,0.999822
35520,3,0.999823
35530,5,0.999823
35550,1,0.999823
35560,1,0.999823
35570,1,0.999824
35580,3,0.999824
35590,2,0.999824
35600,1,0.999824
35610,5,0.999825
35630,3,0.999825
35640,3,0.999825
35650,6,0.999826
35670,1,0.999826
35680,2,0.999826
35690,2,0.999827
35700,4,0.999827
35710,2,0.999827
35720,1,0.999827
35730,2,0.999828
35750,1,0.999828
35770,2,0.999828
35780,2,0.999828
35790,1,0.999828
35800,1,0.999828
35810,1,0.999828
35820,1,0.999828
35830,2,0.999829
35840,1,0.999829
35850,4,0.999829
35860,3,0.999829
35870,4,0.999830
35880,2,0.999830
35890,2,0.999830
35900,3,0.999831
35910,2,0.999831
35920,4,0.999831
35930,1,0.999831
35940,6,0.999832
35950,6,0.999833
35960,5,0.999833
35970,1,0.999833
35980,6,0.999834
35990,5,0.999834
36000,5,0.999835
36010,1,0.999835
36020,4,0.999835
36040,4,0.999836
36050,3,0.999836
36060,1,0.999836
36070,1,0.999836
36080,1,0.999837
36090,3,0.999837
36100,3,0.999837
36110,3,0.999837
36120,1,0.999838
36130,1,0.999838
36140,2,0.999838
36150,4,0.999838
36160,2,0.999839
36170,3,0.999839
36180,3,0.999839
36190,2,0.999839
36200,5,0.999840
36210,2,0.999840
36220,4,0.999841
36230,3,0.999841
36240,1,0.999841
36260,5,0.999841
36270,1,0.999842
36280,2,0.999842
36290,3,0.999842
36300,2,0.999842
36310,4,0.999843
36320,6,0.999843
36330,4,0.999844
36340,4,0.999844
36360,2,0.999844
36370,1,0.999845
36420,2,0.999845
36430,1,0.999845
36450,2,0.999845
36460,3,0.999845
36470,1,0.999846
36480,1,0.999846
36490,2,0.999846
36500,2,0.999846
36530,2,0.999846
36550,2,0.999846
36560,1,0.999847
36570,1,0.999847
36580,2,0.999847
36600,4,0.999847
36610,3,0.999848
36620,4,0.999848
36630,2,0.999848
36640,1,0.999848
36650,5,0.999849
36670,3,0.999849
36680,4,0.999850
36690,2,0.999850
36710,2,0.999850
36720,1,0.999850
36730,1,0.999850
36760,2,0.999850
36770,3,0.999851
36780,1,0.999851
36790,3,0.999851
36810,5,0.999852
36820,3,0.999852
36830,1,0.999852
36840,3,0.999852
36850,4,0.999853
36860,3,0.999853
36870,2,0.999853
36880,3,0.999854
36890,1,0.999854
36900,2,0.999854
36910,2,0.999854
36920,4,0.999855
36930,4,0.999855
36940,4,0.999855
36950,1,0.999856
36960,3,0.999856
36970,2,0.999856
36980,4,0.999857
36990,1,0.999857
37050,1,0.999857
37060,1,0.999857
37080,1,0.999857
37090,1,0.999857
37110,1,0.999857
37120,1,0.999857
37130,2,0.999857
37140,1,0.999858
37150,1,0.999858
37170,1,0.999858
37190,1,0.999858
37230,3,0.999858
37250,1,0.999858
37340,1,0.999858
37350,1,0.999859
37370,3,0.999859
37400,1,0.999859
37410,4,0.999859
37420,1,0.999859
37430,2,0.999860
37450,2,0.999860
37460,1,0.999860
37470,1,0.999860
37480,2,0.999860
37490,2,0.999861
37500,2,0.999861
37520,2,0.999861
37530,2,0.999861
37540,5,0.999862
37550,2,0.999862
37560,2,0.999862
37570,2,0.999862
37580,1,0.999862
37590,2,0.999863
37600,1,0.999863
37610,2,0.999863
37620,2,0.999863
37630,1,0.999863
37640,1,0.999863
37650,1,0.999864
37660,1,0.999864
37680,2,0.999864
37700,1,0.999864
37710,2,0.999864
37720,2,0.999864
37750,1,0.999864
37760,1,0.999865
37780,1,0.999865
37790,1,0.999865
37800,1,0.999865
37810,2,0.999865
37820,1,0.999865
37830,2,0.999865
37840,2,0.999866
37850,1,0.999866
37880,1,0.999866
37890,1,0.999866
37900,1,0.999866
37940,1,0.999866
37950,2,0.999866
37960,1,0.999866
37970,1,0.999867
37980,2,0.999867
38000,1,0.999867
38010,2,0.999867
38040,1,0.999867
38050,1,0.999867
38070,2,0.999867
38080,1,0.999868
38090,1,0.999868
38100,2,0.999868
38150,1,0.999868
38170,1,0.999868
38180,1,0.999868
38190,2,0.999868
38200,1,0.999869
38210,1,0.999869
38220,1,0.999869
38230,1,0.999869
38240,1,0.999869
38250,2,0.999869
38280,1,0.999869
38290,1,0.999869
38300,1,0.999869
38310,1,0.999870
38320,2,0.999870
38350,4,0.999870
38380,2,0.999870
38390,1,0.999871
38400,1,0.999871
38420,2,0.999871
38430,1,0.999871
38470,1,0.999871
38480,2,0.999871
38490,3,0.999872
38500,1,0.999872
38510,1,0.999872
38520,3,0.999872
38530,3,0.999872
38550,2,0.999873
38560,1,0.999873
38570,3,0.999873
38580,7,0.999874
38590,1,0.999874
38600,2,0.999874
38610,4,0.999875
38620,3,0.999875
38630,2,0.999875
38640,1,0.999875
38650,3,0.999875
38660,3,0.999876
38670,5,0.999876
38680,5,0.999877
38690,2,0.999877
38700,3,0.999877
38710,3,0.999878
38720,5,0.999878
38730,1,0.999878
38740,3,0.999879
38750,7,0.999879
38760,2,0.999880
38770,7,0.999880
38780,2,0.999881
38790,4,0.999881
38800,8,0.999882
38810,6,0.999882
38820,7,0.999883
38830,2,0.999883
38840,3,0.999884
38850,5,0.999884
38860,2,0.999884
38870,9,0.999885
38880,3,0.999886
38890,3,0.999886
38900,4,0.999886
38910,6,0.999887
38920,2,0.999887
38930,4,0.999888
38940,5,0.999888
38950,9,0.999889
38960,6,0.999890
38970,5,0.999890
38980,5,0.999891
38990,9,0.999892
39000,6,0.999892
39010,6,0.999893
39020,5,0.999894
39030,5,0.999894
39040,8,0.999895
39050,7,0.999896
39060,6,0.999896
39070,8,0.999897
39080,7,0.999898
39090,4,0.999898
39100,6,0.999899
39110,5,0.999899
39120,3,0.999900
39130,1,0.999900
39140,2,0.999900
39150,5,0.999901
39160,4,0.999901
39170,6,0.999902
39180,7,0.999902
39190,1,0.999903
39200,5,0.999903
39210,2,0.999903
39220,4,0.999904
39230,2,0.999904
39240,3,0.999904
39260,3,0.999905
39270,2,0.999905
39280,1,0.999905
39290,4,0.999905
39300,2,0.999905
39320,3,0.999906
39330,2,0.999906
39340,5,0.999907
39350,3,0.999907
39360,1,0.999907
39370,2,0.999907
39380,2,0.999907
39390,4,0.999908
39400,1,0.999908
39420,4,0.999908
39430,1,0.999908
39440,1,0.999909
39450,2,0.999909
39460,2,0.999909
39470,1,0.999909
39480,2,0.999909
39500,3,0.999910
39510,3,0.999910
39520,1,0.999910
39560,1,0.999910
39570,3,0.999910
39580,1,0.999911
39590,3,0.999911
39600,2,0.999911
39610,1,0.999911
39620,1,0.999911
39640,3,0.999912
39650,2,0.999912
39670,2,0.999912
39680,5,0.999913
39690,4,0.999913
39700,3,0.999913
39720,2,0.999913
39730,2,0.999914
39740,2,0.999914
39750,3,0.999914
39760,2,0.999914
39770,1,0.999915
39810,2,0.999915
39830,2,0.999915
39840,1,0.999915
39850,2,0.999915
39860,3,0.999916
39870,4,0.999916
39880,3,0.999916
39910,1,0.999916
39920,2,0.999917
39930,2,0.999917
39940,2,0.999917
39950,5,0.999918
39960,1,0.999918
39970,5,0.999918
39980,4,0.999919
39990,4,0.999919
40000,1,0.999919
40010,2,0.999919
40020,5,0.999920
40030,2,0.999920
40040,4,0.999921
40050,4,0.999921
40060,2,0.999921
40070,2,0.999921
40080,1,0.999922
40090,3,0.999922
40100,7,0.999923
40110,4,0.999923
40120,1,0.999923
40130,3,0.999923
40140,5,0.999924
40150,1,0.999924
40160,3,0.999924
40180,1,0.999924
40190,5,0.999925
40210,1,0.999925
40220,1,0.999925
40240,1,0.999925
40250,1,0.999925
40260,2,0.999926
40280,3,0.999926
40290,2,0.999926
40300,1,0.999926
40310,4,0.999927
40320,2,0.999927
40330,3,0.999927
40340,2,0.999927
40350,5,0.999928
40360,4,0.999928
40370,3,0.999929
40380,3,0.999929
40390,1,0.999929
40400,3,0.999929
40410,4,0.999930
40420,1,0.999930
40430,3,0.999930
40440,1,0.999930
40460,3,0.999931
40470,2,0.999931
40480,2,0.999931
40490,1,0.999931
40500,2,0.999931
40510,3,0.999932
40520,3,0.999932
40540,1,0.999932
40550,2,0.999932
40560,2,0.999933
40580,2,0.999933
40590,2,0.999933
40600,1,0.999933
40610,1,0.999933
40620,1,0.999933
40630,2,0.999933
40640,2,0.999934
40650,1,0.999934
40660,1,0.999934
40670,2,0.999934
40680,4,0.999935
40700,4,0.999935
40710,3,0.999935
40720,3,0.999936
40730,3,0.999936
40740,3,0.999936
40750,2,0.999936
40760,7,0.999937
40770,2,0.999937
40780,3,0.999938
40790,1,0.999938
40800,4,0.999938
40810,5,0.999939
40820,3,0.999939
40830,6,0.999940
40840,4,0.999940
40850,1,0.999940
40860,3,0.999941
40870,7,0.999941
40880,3,0.999942
40890,8,0.999942
40900,2,0.999943
40910,2,0.999943
40920,4,0.999943
40930,7,0.999944
40940,5,0.999945
40950,3,0.999945
40960,6,0.999945
40980,2,0.999946
40990,1,0.999946
41000,1,0.999946
41020,1,0.999946
41030,2,0.999946
41040,5,0.999947
41050,1,0.999947
41060,2,0.999947
41070,2,0.999947
41080,1,0.999947
41090,2,0.999948
41110,2,0.999948
41120,6,0.999948
41130,4,0.999949
41140,2,0.999949
41150,1,0.999949
41170,3,0.999949
41180,2,0.999950
41190,1,0.999950
41240,1,0.999950
41250,1,0.999950
41280,1,0.999950
41290,2,0.999950
41300,2,0.999951
41310,1,0.999951
41320,2,0.999951
41350,1,0.999951
41370,2,0.999951
41410,3,0.999951
41430,1,0.999952
41440,3,0.999952
41450,2,0.999952
41490,4,0.999953
41500,5,0.999953
41510,3,0.999953
41520,1,0.999953
41530,2,0.999954
41540,2,0.999954
41550,2,0.999954
41610,3,0.999954
41620,4,0.999955
41640,5,0.999955
41660,1,0.999955
41680,6,0.999956
41690,1,0.999956
41710,1,0.999956
41730,1,0.999956
41740,2,0.999957
41750,3,0.999957
41770,1,0.999957
41780,2,0.999957
41800,1,0.999957
41900,1,0.999958
42370,1,0.999958
42390,1,0.999958
42430,1,0.999958
42460,1,0.999958
42470,1,0.999958
42570,1,0.999958
42680,1,0.999958
42710,1,0.999958
42720,1,0.999958
42750,1,0.999959
42760,1,0.999959
42770,1,0.999959
42810,1,0.999959
42840,2,0.999959
42860,2,0.999959
42870,2,0.999959
42890,1,0.999960
42920,1,0.999960
42930,2,0.999960
42950,1,0.999960
42960,2,0.999960
42980,1,0.999960
42990,5,0.999961
43000,4,0.999961
43010,2,0.999961
43020,1,0.999962
43030,2,0.999962
43040,4,0.999962
43050,2,0.999962
43070,2,0.999963
43080,3,0.999963
43090,3,0.999963
43110,3,0.999964
43120,5,0.999964
43130,1,0.999964
43140,3,0.999965
43150,2,0.999965
43160,1,0.999965
43170,5,0.999965
43180,1,0.999965
43190,2,0.999966
43200,4,0.999966
43210,2,0.999966
43220,3,0.999967
43230,3,0.999967
43240,4,0.999967
43250,2,0.999968
43270,3,0.999968
43280,1,0.999968
43300,5,0.999969
43310,3,0.999969
43320,1,0.999969
43330,2,0.999969
43340,1,0.999969
43350,5,0.999970
43360,1,0.999970
43370,2,0.999970
43380,4,0.999971
43390,4,0.999971
43400,2,0.999971
43410,1,0.999971
43420,2,0.999971
43430,3,0.999972
43450,2,0.999972
43460,1,0.999972
43470,3,0.999972
43480,2,0.999973
43490,1,0.999973
43500,2,0.999973
43510,1,0.999973
43520,2,0.999973
43530,1,0.999973
43540,1,0.999973
43550,3,0.999974
43560,1,0.999974
43570,1,0.999974
43580,1,0.999974
43600,1,0.999974
43610,1,0.999974
43620,2,0.999975
43630,1,0.999975
43640,1,0.999975
43650,2,0.999975
43660,1,0.999975
43670,1,0.999975
43680,1,0.999975
43710,1,0.999975
43730,1,0.999976
43740,1,0.999976
43760,1,0.999976
43780,1,0.999976
43790,1,0.999976
43800,1,0.999976
43810,1,0.999976
43830,1,0.999976
43840,1,0.999976
43930,1,0.999976
44050,1,0.999977
44090,1,0.999977
44190,1,0.999977
44240,1,0.999977
44270,1,0.999977
44300,1,0.999977
44360,1,0.999977
44370,1,0.999977
44470,1,0.999977
44500,1,0.999977
44540,1,0.999978
44580,1,0.999978
44670,1,0.999978
44680,1,0.999978
44700,1,0.999978
45140,1,0.999978
45150,1,0.999978
45260,1,0.999978
45290,1,0.999978
45300,2,0.999979
45320,2,0.999979
45330,1,0.999979
45350,2,0.999979
45360,2,0.999979
45370,2,0.999980
45380,2,0.999980
45390,2,0.999980
45410,2,0.999980
45420,1,0.999980
45570,1,0.999980
45590,1,0.999981
45600,3,0.999981
45620,1,0.999981
45630,2,0.999981
45640,1,0.999981
45670,1,0.999981
45680,3,0.999982
45690,4,0.999982
45710,5,0.999983
45730,1,0.999983
45750,4,0.999983
45770,2,0.999983
45780,4,0.999984
45790,1,0.999984
45810,2,0.999984
45820,2,0.999984
45830,2,0.999985
45840,2,0.999985
45880,3,0.999985
45900,1,0.999985
45930,1,0.999985
45950,1,0.999985
45970,1,0.999985
46000,1,0.999986
46010,1,0.999986
46030,2,0.999986
46050,1,0.999986
46120,2,0.999986
46130,1,0.999986
47160,1,0.999986
47210,1,0.999987
47240,1,0.999987
47300,1,0.999987
47310,1,0.999987
47320,2,0.999987
47340,2,0.999987
47350,1,0.999987
47360,2,0.999988
47380,1,0.999988
47390,1,0.999988
47410,1,0.999988
47420,2,0.999988
47440,3,0.999988
47470,1,0.999989
47490,1,0.999989
47510,1,0.999989
49060,1,0.999989
49290,2,0.999989
49330,1,0.999989
49340,1,0.999989
49370,2,0.999989
49430,1,0.999990
49470,1,0.999990
49480,1,0.999990
49500,1,0.999990
49510,1,0.999990
49590,1,0.999990
49610,1,0.999990
49660,3,0.999991
49670,2,0.999991
49680,1,0.999991
49690,1,0.999991
49700,1,0.999991
49720,1,0.999991
49730,3,0.999991
49760,3,0.999992
49770,2,0.999992
49780,2,0.999992
49820,1,0.999992
49840,2,0.999993
49880,1,0.999993
50200,1,0.999993
50210,1,0.999993
50230,1,0.999993
50240,2,0.999993
50250,2,0.999993
50280,2,0.999994
50300,1,0.999994
50310,2,0.999994
50350,1,0.999994
50370,2,0.999994
50380,1,0.999994
50410,1,0.999994
50420,1,0.999995
50430,3,0.999995
50440,2,0.999995
50460,1,0.999995
50470,2,0.999995
50500,1,0.999995
50510,2,0.999996
50530,2,0.999996
50540,1,0.999996
50550,2,0.999996
50570,1,0.999996
50580,1,0.999996
50590,1,0.999997
50600,1,0.999997
50610,2,0.999997
50620,2,0.999997
50630,2,0.999997
50660,2,0.999997
50670,2,0.999998
50690,1,0.999998
50700,1,0.999998
50740,1,0.999998
50750,3,0.999998
50760,1,0.999998
50770,2,0.999999
50780,3,0.999999
50800,1,0.999999
50810,1,0.999999
50830,1,0.999999
50850,2,0.999999
50870,1,1.000000
50890,2,1.000000
50920,3,1.000000
51010,1,1.000000
