#latency,cnt,cdf
60,2,0.000000
70,1,0.000000
80,1,0.000000
110,1,0.000001
120,2,0.000001
160,1,0.000001
190,1,0.000001
210,1,0.000001
250,2,0.000001
270,1,0.000001
310,1,0.000001
350,1,0.000002
420,1,0.000002
500,1,0.000002
540,2,0.000002
560,2,0.000002
580,1,0.000002
640,1,0.000002
740,1,0.000003
810,2,0.000003
830,1,0.000003
840,1,0.000003
860,1,0.000003
880,1,0.000003
900,1,0.000003
920,1,0.000003
930,1,0.000003
940,1,0.000004
950,1,0.000004
970,1,0.000004
980,1,0.000004
990,1,0.000004
1000,1,0.000004
1090,4,0.000005
1100,3,0.000005
1110,2,0.000005
1120,3,0.000005
1130,3,0.000006
1210,1,0.000006
1220,2,0.000006
1230,3,0.000006
1240,3,0.000007
1250,1,0.000007
1260,2,0.000007
1270,1,0.000007
1280,2,0.000007
1310,1,0.000007
1330,1,0.000007
1350,1,0.000008
1400,1,0.000008
1420,1,0.000008
1460,1,0.000008
1480,1,0.000008
1500,1,0.000008
1530,1,0.000008
1570,1,0.000008
1580,1,0.000008
1590,1,0.000009
1620,2,0.000009
1640,1,0.000009
1650,1,0.000009
1680,1,0.000009
1690,1,0.000009
1710,1,0.000009
1720,2,0.000009
1960,1,0.000010
1990,1,0.000010
2020,1,0.000010
2040,1,0.000010
2070,1,0.000010
2120,3,0.000010
2130,1,0.000010
2140,2,0.000011
2150,2,0.000011
2180,2,0.000011
2190,2,0.000011
2200,1,0.000011
2210,1,0.000011
2240,2,0.000012
2260,1,0.000012
2280,1,0.000012
2290,2,0.000012
2310,3,0.000012
2340,1,0.000013
2350,2,0.000013
2360,1,0.000013
2370,2,0.000013
2400,1,0.000013
2410,1,0.000013
2420,1,0.000013
2430,1,0.000013
2440,2,0.000014
2450,3,0.000014
2470,4,0.000014
2480,4,0.000015
2490,6,0.000015
2500,5,0.000016
2510,1,0.000016
2520,6,0.000017
2530,10,0.000018
2540,3,0.000018
2550,4,0.000019
2560,7,0.000019
2570,3,0.000020
2580,15,0.000021
2590,11,0.000022
2600,6,0.000023
2610,11,0.000024
2620,9,0.000025
2630,13,0.000026
2640,13,0.000028
2650,7,0.000029
2660,11,0.000030
2670,9,0.000031
2680,7,0.000031
2690,13,0.000033
2700,14,0.000034
2710,13,0.000036
2720,16,0.000037
2730,21,0.000039
2740,20,0.000042
2750,18,0.000043
2760,27,0.000046
2770,25,0.000049
2780,23,0.000051
2790,25,0.000054
2800,32,0.000057
2810,28,0.000060
2820,25,0.000063
2830,31,0.000066
2840,32,0.000070
2850,28,0.000073
2860,27,0.000075
2870,25,0.000078
2880,34,0.000082
2890,31,0.000085
2900,41,0.000089
2910,34,0.000093
2920,32,0.000096
2930,29,0.000099
2940,42,0.000104
2950,50,0.000109
2960,42,0.000113
2970,46,0.000118
2980,37,0.000122
2990,43,0.000127
3000,61,0.000133
3010,43,0.000137
3020,63,0.000144
3030,64,0.000151
3040,56,0.000157
3050,71,0.000164
3060,57,0.000170
3070,75,0.000178
3080,82,0.000187
3090,78,0.000195
3100,83,0.000204
3110,79,0.000212
3120,73,0.000220
3130,83,0.000228
3140,90,0.000238
3150,81,0.000246
3160,87,0.000256
3170,113,0.000267
3180,95,0.000277
3190,107,0.000289
3200,115,0.000301
3210,125,0.000314
3220,109,0.000325
3230,127,0.000339
3240,115,0.000351
3250,124,0.000364
3260,152,0.000380
3270,148,0.000396
3280,155,0.000412
3290,136,0.000426
3300,153,0.000442
3310,163,0.000459
3320,160,0.000476
3330,159,0.000493
3340,172,0.000511
3350,167,0.000529
3360,179,0.000548
3370,166,0.000565
3380,196,0.000586
3390,188,0.000605
3400,203,0.000627
3410,173,0.000645
3420,210,0.000667
3430,215,0.000690
3440,204,0.000711
3450,182,0.000730
3460,191,0.000751
3470,212,0.000773
3480,216,0.000796
3490,238,0.000821
3500,203,0.000842
3510,226,0.000866
3520,267,0.000894
3530,220,0.000917
3540,282,0.000947
3550,290,0.000977
3560,273,0.001006
3570,264,0.001034
3580,292,0.001065
3590,283,0.001094
3600,307,0.001127
3610,345,0.001163
3620,331,0.001198
3630,361,0.001236
3640,355,0.001273
3650,327,0.001308
3660,378,0.001347
3670,357,0.001385
3680,355,0.001422
3690,369,0.001461
3700,345,0.001498
3710,404,0.001540
3720,381,0.001580
3730,379,0.001620
3740,424,0.001665
3750,431,0.001710
3760,381,0.001750
3770,444,0.001797
3780,415,0.001841
3790,450,0.001888
3800,447,0.001935
3810,457,0.001983
3820,466,0.002032
3830,512,0.002086
3840,483,0.002137
3850,525,0.002192
3860,480,0.002243
3870,543,0.002300
3880,567,0.002360
3890,538,0.002416
3900,547,0.002474
3910,600,0.002537
3920,590,0.002599
3930,545,0.002656
3940,599,0.002719
3950,633,0.002786
3960,668,0.002856
3970,676,0.002928
3980,647,0.002996
3990,610,0.003060
4000,654,0.003129
4010,683,0.003201
4020,706,0.003275
4030,656,0.003344
4040,693,0.003417
4050,706,0.003491
4060,745,0.003570
4070,688,0.003642
4080,735,0.003719
4090,755,0.003799
4100,757,0.003879
4110,763,0.003959
4120,809,0.004044
4130,826,0.004131
4140,784,0.004214
4150,830,0.004301
4160,840,0.004389
4170,886,0.004483
4180,851,0.004572
4190,846,0.004661
4200,886,0.004755
4210,945,0.004854
4220,833,0.004942
4230,996,0.005047
4240,905,0.005142
4250,974,0.005244
4260,950,0.005344
4270,1038,0.005454
4280,989,0.005558
4290,1033,0.005666
4300,1043,0.005776
4310,1037,0.005885
4320,1017,0.005993
4330,1093,0.006108
4340,1066,0.006220
4350,1043,0.006330
4360,1132,0.006449
4370,1055,0.006560
4380,1081,0.006674
4390,1109,0.006790
4400,1099,0.006906
4410,1138,0.007026
4420,1133,0.007145
4430,1187,0.007270
4440,1178,0.007394
4450,1219,0.007522
4460,1245,0.007653
4470,1181,0.007778
4480,1150,0.007899
4490,1192,0.008024
4500,1216,0.008152
4510,1271,0.008286
4520,1210,0.008413
4530,1299,0.008550
4540,1294,0.008686
4550,1327,0.008826
4560,1375,0.008971
4570,1322,0.009110
4580,1306,0.009247
4590,1265,0.009381
4600,1339,0.009522
4610,1358,0.009665
4620,1431,0.009815
4630,1389,0.009961
4640,1472,0.010116
4650,1455,0.010269
4660,1476,0.010425
4670,1403,0.010573
4680,1419,0.010722
4690,1488,0.010879
4700,1470,0.011033
4710,1431,0.011184
4720,1504,0.011342
4730,1456,0.011496
4740,1427,0.011646
4750,1523,0.011806
4760,1533,0.011967
4770,1445,0.012120
4780,1502,0.012278
4790,1455,0.012431
4800,1542,0.012593
4810,1560,0.012757
4820,1587,0.012924
4830,1597,0.013093
4840,1565,0.013257
4850,1677,0.013434
4860,1688,0.013611
4870,1636,0.013784
4880,1659,0.013958
4890,1598,0.014127
4900,1700,0.014306
4910,1625,0.014477
4920,1711,0.014657
4930,1579,0.014823
4940,1682,0.015000
4950,1721,0.015181
4960,1679,0.015358
4970,1678,0.015535
4980,1664,0.015710
4990,1645,0.015883
5000,1715,0.016063
5010,1596,0.016231
5020,1684,0.016409
5030,1712,0.016589
5040,1654,0.016763
5050,1695,0.016941
5060,1707,0.017121
5070,1670,0.017297
5080,1781,0.017484
5090,1711,0.017664
5100,1710,0.017844
5110,1696,0.018023
5120,1784,0.018211
5130,1775,0.018398
5140,1744,0.018581
5150,1754,0.018766
5160,1821,0.018958
5170,1844,0.019152
5180,1776,0.019339
5190,1751,0.019523
5200,1796,0.019712
5210,1760,0.019897
5220,1839,0.020091
5230,1781,0.020278
5240,1751,0.020463
5250,1787,0.020651
5260,1749,0.020835
5270,1833,0.021028
5280,1751,0.021212
5290,1763,0.021398
5300,1792,0.021586
5310,1821,0.021778
5320,1835,0.021971
5330,1834,0.022164
5340,1809,0.022355
5350,1852,0.022550
5360,1867,0.022746
5370,1931,0.022949
5380,1807,0.023140
5390,1807,0.023330
5400,1895,0.023529
5410,1898,0.023729
5420,1842,0.023923
5430,1816,0.024114
5440,1900,0.024314
5450,1914,0.024516
5460,1885,0.024714
5470,1861,0.024910
5480,1907,0.025111
5490,1866,0.025307
5500,1918,0.025509
5510,1867,0.025706
5520,2036,0.025920
5530,1924,0.026123
5540,1929,0.026326
5550,1876,0.026523
5560,1846,0.026717
5570,1942,0.026922
5580,1879,0.027120
5590,1947,0.027325
5600,1907,0.027525
5610,1908,0.027726
5620,1844,0.027920
5630,1969,0.028128
5640,2010,0.028339
5650,1999,0.028550
5660,1924,0.028752
5670,2037,0.028967
5680,2000,0.029177
5690,2005,0.029388
5700,1942,0.029593
5710,1979,0.029801
5720,2038,0.030015
5730,2017,0.030228
5740,1918,0.030430
5750,2083,0.030649
5760,2018,0.030861
5770,1980,0.031070
5780,2025,0.031283
5790,2031,0.031497
5800,1977,0.031705
5810,2013,0.031917
5820,1905,0.032117
5830,2012,0.032329
5840,2044,0.032544
5850,2041,0.032759
5860,2038,0.032974
5870,2036,0.033188
5880,2026,0.033401
5890,2072,0.033619
5900,2130,0.033844
5910,2069,0.034061
5920,2083,0.034281
5930,2098,0.034501
5940,2178,0.034731
5950,2149,0.034957
5960,2250,0.035194
5970,2196,0.035425
5980,2183,0.035655
5990,2268,0.035893
6000,2265,0.036132
6010,2230,0.036367
6020,2149,0.036593
6030,2245,0.036829
6040,2245,0.037066
6050,2270,0.037304
6060,2268,0.037543
6070,2230,0.037778
6080,2318,0.038022
6090,2341,0.038268
6100,2452,0.038527
6110,2339,0.038773
6120,2478,0.039034
6130,2473,0.039294
6140,2502,0.039557
6150,2505,0.039821
6160,2471,0.040081
6170,2532,0.040348
6180,2498,0.040611
6190,2506,0.040874
6200,2555,0.041143
6210,2475,0.041404
6220,2670,0.041685
6230,2529,0.041951
6240,2684,0.042234
6250,2643,0.042512
6260,2698,0.042796
6270,2752,0.043086
6280,2716,0.043372
6290,2725,0.043658
6300,2841,0.043957
6310,2801,0.044252
6320,2758,0.044543
6330,2738,0.044831
6340,2797,0.045125
6350,2791,0.045419
6360,2770,0.045711
6370,2874,0.046013
6380,2929,0.046322
6390,2943,0.046631
6400,3056,0.046953
6410,3003,0.047269
6420,3001,0.047585
6430,3068,0.047908
6440,3093,0.048234
6450,3231,0.048574
6460,3152,0.048905
6470,3125,0.049234
6480,3263,0.049578
6490,3235,0.049918
6500,3360,0.050272
6510,3328,0.050622
6520,3250,0.050965
6530,3307,0.051313
6540,3381,0.051669
6550,3404,0.052027
6560,3487,0.052394
6570,3421,0.052754
6580,3519,0.053125
6590,3556,0.053499
6600,3638,0.053882
6610,3750,0.054277
6620,3622,0.054658
6630,3791,0.055057
6640,3734,0.055450
6650,3762,0.055846
6660,3803,0.056246
6670,3945,0.056662
6680,3858,0.057068
6690,3973,0.057486
6700,4098,0.057917
6710,4055,0.058344
6720,4181,0.058784
6730,4050,0.059211
6740,4291,0.059662
6750,4281,0.060113
6760,4274,0.060563
6770,4283,0.061014
6780,4282,0.061465
6790,4368,0.061924
6800,4571,0.062405
6810,4682,0.062898
6820,4698,0.063393
6830,4748,0.063893
6840,4804,0.064398
6850,4771,0.064901
6860,4882,0.065415
6870,5090,0.065950
6880,5056,0.066483
6890,5134,0.067023
6900,5155,0.067566
6910,5383,0.068132
6920,5392,0.068700
6930,5440,0.069273
6940,5453,0.069847
6950,5658,0.070442
6960,5580,0.071030
6970,5774,0.071637
6980,6070,0.072276
6990,5984,0.072906
7000,6042,0.073542
7010,6175,0.074192
7020,6158,0.074841
7030,6162,0.075489
7040,6377,0.076160
7050,6427,0.076837
7060,6550,0.077527
7070,6651,0.078227
7080,6877,0.078951
7090,6950,0.079682
7100,6924,0.080411
7110,7098,0.081158
7120,7265,0.081923
7130,7275,0.082689
7140,7373,0.083465
7150,7615,0.084267
7160,7776,0.085085
7170,7811,0.085907
7180,7760,0.086724
7190,7876,0.087553
7200,8207,0.088417
7210,8307,0.089292
7220,8300,0.090165
7230,8441,0.091054
7240,8529,0.091952
7250,8732,0.092871
7260,8894,0.093807
7270,8951,0.094749
7280,9068,0.095704
7290,9030,0.096655
7300,9303,0.097634
7310,9595,0.098644
7320,9669,0.099662
7330,9806,0.100694
7340,9976,0.101744
7350,10116,0.102809
7360,10199,0.103883
7370,10222,0.104959
7380,10481,0.106062
7390,10769,0.107195
7400,10805,0.108333
7410,10921,0.109482
7420,11182,0.110660
7430,11282,0.111847
7440,11299,0.113037
7450,11685,0.114267
7460,11771,0.115506
7470,11910,0.116759
7480,12025,0.118025
7490,12252,0.119315
7500,12420,0.120622
7510,12776,0.121967
7520,12831,0.123318
7530,13185,0.124706
7540,13397,0.126116
7550,13428,0.127530
7560,13650,0.128967
7570,14065,0.130447
7580,14413,0.131964
7590,14138,0.133453
7600,14499,0.134979
7610,14957,0.136553
7620,15044,0.138137
7630,15312,0.139749
7640,15433,0.141373
7650,15593,0.143015
7660,15991,0.144698
7670,16231,0.146407
7680,16524,0.148146
7690,16764,0.149911
7700,16793,0.151679
7710,17078,0.153476
7720,17365,0.155304
7730,17589,0.157156
7740,17872,0.159037
7750,18138,0.160946
7760,18042,0.162846
7770,18584,0.164802
7780,18824,0.166784
7790,19017,0.168785
7800,19295,0.170816
7810,19313,0.172850
7820,19729,0.174926
7830,19561,0.176985
7840,20009,0.179092
7850,20701,0.181271
7860,20713,0.183451
7870,21058,0.185668
7880,21082,0.187887
7890,21390,0.190139
7900,21642,0.192417
7910,21707,0.194702
7920,21938,0.197011
7930,22335,0.199362
7940,22691,0.201751
7950,23142,0.204187
7960,22801,0.206587
7970,23203,0.209030
7980,23531,0.211507
7990,23833,0.214016
8000,24334,0.216577
8010,24381,0.219144
8020,24771,0.221751
8030,24853,0.224367
8040,24830,0.226981
8050,25143,0.229628
8060,25264,0.232287
8070,25767,0.235000
8080,26101,0.237747
8090,26107,0.240496
8100,26723,0.243309
8110,26578,0.246106
8120,26894,0.248937
8130,27740,0.251858
8140,27648,0.254768
8150,27658,0.257679
8160,27893,0.260616
8170,28008,0.263564
8180,28206,0.266533
8190,28628,0.269547
8200,28970,0.272596
8210,28971,0.275646
8220,29238,0.278724
8230,29458,0.281825
8240,29747,0.284956
8250,29742,0.288087
8260,29933,0.291238
8270,30233,0.294420
8280,30328,0.297613
8290,30565,0.300830
8300,30893,0.304082
8310,31258,0.307373
8320,31170,0.310654
8330,31359,0.313955
8340,31443,0.317265
8350,32105,0.320644
8360,32122,0.324026
8370,32177,0.327413
8380,32175,0.330800
8390,32598,0.334231
8400,32874,0.337692
8410,32712,0.341135
8420,32731,0.344581
8430,33090,0.348064
8440,33122,0.351551
8450,33152,0.355041
8460,33622,0.358580
8470,33688,0.362126
8480,33797,0.365684
8490,34157,0.369279
8500,33662,0.372823
8510,34051,0.376407
8520,34507,0.380040
8530,34556,0.383677
8540,34343,0.387292
8550,34714,0.390947
8560,34494,0.394578
8570,35016,0.398264
8580,35261,0.401976
8590,35051,0.405665
8600,34802,0.409329
8610,35135,0.413027
8620,35265,0.416740
8630,35323,0.420458
8640,35682,0.424214
8650,35557,0.427957
8660,35818,0.431727
8670,35728,0.435488
8680,35593,0.439235
8690,35472,0.442969
8700,35373,0.446693
8710,35452,0.450425
8720,35625,0.454175
8730,35713,0.457934
8740,35744,0.461697
8750,35696,0.465454
8760,35817,0.469225
8770,35628,0.472975
8780,35668,0.476730
8790,35513,0.480468
8800,35841,0.484241
8810,35599,0.487988
8820,35344,0.491709
8830,35684,0.495465
8840,35413,0.499193
8850,35556,0.502936
8860,36179,0.506744
8870,35641,0.510496
8880,35375,0.514220
8890,35517,0.517959
8900,35320,0.521677
8910,35204,0.525383
8920,35337,0.529102
8930,35065,0.532793
8940,34780,0.536455
8950,34840,0.540122
8960,34608,0.543765
8970,34718,0.547420
8980,34466,0.551048
8990,34021,0.554629
9000,34303,0.558240
9010,34287,0.561849
9020,34313,0.565462
9030,33928,0.569033
9040,33974,0.572609
9050,33776,0.576165
9060,33627,0.579705
9070,33650,0.583247
9080,33442,0.586767
9090,32922,0.590233
9100,32956,0.593702
9110,32838,0.597159
9120,32412,0.600570
9130,32266,0.603967
9140,32183,0.607355
9150,32330,0.610758
9160,32155,0.614143
9170,31961,0.617507
9180,32027,0.620879
9190,31442,0.624189
9200,31538,0.627508
9210,31054,0.630777
9220,30799,0.634019
9230,30442,0.637224
9240,30338,0.640418
9250,29982,0.643574
9260,29776,0.646708
9270,30161,0.649883
9280,29830,0.653023
9290,29453,0.656124
9300,29094,0.659186
9310,29030,0.662242
9320,28763,0.665270
9330,28773,0.668299
9340,28610,0.671310
9350,28405,0.674300
9360,28139,0.677263
9370,28022,0.680212
9380,27655,0.683124
9390,27498,0.686018
9400,27019,0.688862
9410,27200,0.691726
9420,26624,0.694528
9430,26576,0.697326
9440,26245,0.700089
9450,26494,0.702877
9460,25853,0.705599
9470,25914,0.708327
9480,25595,0.711021
9490,25268,0.713681
9500,25302,0.716344
9510,24941,0.718970
9520,24749,0.721575
9530,24280,0.724131
9540,24257,0.726684
9550,24270,0.729239
9560,23959,0.731761
9570,23922,0.734280
9580,23296,0.736732
9590,23254,0.739180
9600,23178,0.741620
9610,22809,0.744021
9620,22520,0.746391
9630,22340,0.748743
9640,22286,0.751089
9650,21903,0.753394
9660,21938,0.755704
9670,21782,0.757997
9680,21024,0.760210
9690,20892,0.762409
9700,21065,0.764627
9710,20523,0.766787
9720,20401,0.768934
9730,20069,0.771047
9740,19844,0.773136
9750,19795,0.775220
9760,19454,0.777268
9770,19097,0.779278
9780,19155,0.781294
9790,18835,0.783277
9800,18665,0.785242
9810,18518,0.787191
9820,18046,0.789091
9830,17981,0.790983
9840,17935,0.792871
9850,17644,0.794729
9860,17364,0.796557
9870,17064,0.798353
9880,16873,0.800129
9890,16683,0.801885
9900,16423,0.803614
9910,16157,0.805315
9920,16142,0.807014
9930,15812,0.808678
9940,15696,0.810331
9950,15255,0.811937
9960,15248,0.813542
9970,15128,0.815134
9980,14652,0.816676
9990,14644,0.818218
10000,14263,0.819719
10010,14141,0.821208
10020,13980,0.822680
10030,13899,0.824143
10040,13451,0.825559
10050,13808,0.827012
10060,13328,0.828415
10070,13302,0.829815
10080,13020,0.831186
10090,12775,0.832531
10100,12818,0.833880
10110,12577,0.835204
10120,12476,0.836517
10130,12496,0.837833
10140,12030,0.839099
10150,12050,0.840368
10160,11823,0.841612
10170,11476,0.842820
10180,11648,0.844046
10190,11435,0.845250
10200,11229,0.846432
10210,11057,0.847596
10220,10913,0.848745
10230,10711,0.849872
10240,10720,0.851001
10250,10490,0.852105
10260,10489,0.853209
10270,10267,0.854290
10280,10247,0.855369
10290,10133,0.856435
10300,9993,0.857487
10310,9804,0.858519
10320,9909,0.859562
10330,9668,0.860580
10340,9449,0.861575
10350,9489,0.862574
10360,9333,0.863556
10370,9341,0.864539
10380,9269,0.865515
10390,9095,0.866472
10400,8995,0.867419
10410,8857,0.868352
10420,8872,0.869286
10430,8532,0.870184
10440,8525,0.871081
10450,8326,0.871958
10460,8342,0.872836
10470,8276,0.873707
10480,8216,0.874572
10490,8094,0.875424
10500,7872,0.876252
10510,7857,0.877079
10520,7853,0.877906
10530,7598,0.878706
10540,7538,0.879499
10550,7585,0.880298
10560,7299,0.881066
10570,7349,0.881840
10580,7277,0.882606
10590,7178,0.883361
10600,7037,0.884102
10610,6977,0.884837
10620,6979,0.885571
10630,6932,0.886301
10640,6733,0.887010
10650,6925,0.887739
10660,6778,0.888452
10670,6750,0.889163
10680,6750,0.889873
10690,6560,0.890564
10700,6519,0.891250
10710,6475,0.891932
10720,6447,0.892610
10730,6216,0.893265
10740,6229,0.893920
10750,6254,0.894579
10760,6306,0.895243
10770,6125,0.895887
10780,6126,0.896532
10790,5981,0.897162
10800,6036,0.897797
10810,6096,0.898439
10820,5941,0.899064
10830,5870,0.899682
10840,5820,0.900295
10850,5803,0.900906
10860,5607,0.901496
10870,5554,0.902081
10880,5605,0.902671
10890,5617,0.903262
10900,5489,0.903840
10910,5441,0.904413
10920,5556,0.904997
10930,5418,0.905568
10940,5423,0.906139
10950,5329,0.906699
10960,5232,0.907250
10970,5260,0.907804
10980,5083,0.908339
10990,5203,0.908887
11000,5289,0.909443
11010,5155,0.909986
11020,5053,0.910518
11030,5019,0.911046
11040,5033,0.911576
11050,5087,0.912112
11060,4914,0.912629
11070,4907,0.913145
11080,4945,0.913666
11090,4896,0.914181
11100,4757,0.914682
11110,4861,0.915194
11120,4876,0.915707
11130,5022,0.916236
11140,4746,0.916735
11150,4752,0.917236
11160,4769,0.917738
11170,4784,0.918241
11180,4893,0.918756
11190,4731,0.919254
11200,4709,0.919750
11210,4591,0.920233
11220,4623,0.920720
11230,4515,0.921195
11240,4636,0.921683
11250,4544,0.922162
11260,4536,0.922639
11270,4519,0.923115
11280,4499,0.923588
11290,4455,0.924057
11300,4465,0.924527
11310,4519,0.925003
11320,4400,0.925466
11330,4338,0.925923
11340,4300,0.926376
11350,4406,0.926839
11360,4393,0.927302
11370,4290,0.927753
11380,4358,0.928212
11390,4391,0.928674
11400,4318,0.929129
11410,4318,0.929583
11420,4224,0.930028
11430,4278,0.930478
11440,4175,0.930918
11450,4198,0.931360
11460,4162,0.931798
11470,4109,0.932230
11480,4135,0.932666
11490,4221,0.933110
11500,4224,0.933555
11510,3988,0.933975
11520,4178,0.934414
11530,4161,0.934852
11540,4073,0.935281
11550,4161,0.935719
11560,4130,0.936154
11570,3999,0.936575
11580,3974,0.936993
11590,3945,0.937408
11600,3995,0.937829
11610,3894,0.938239
11620,4109,0.938671
11630,4002,0.939093
11640,3996,0.939513
11650,4036,0.939938
11660,3939,0.940353
11670,3874,0.940761
11680,3933,0.941175
11690,3907,0.941586
11700,3895,0.941996
11710,3799,0.942396
11720,3849,0.942801
11730,3779,0.943199
11740,3757,0.943594
11750,3890,0.944004
11760,3840,0.944408
11770,3792,0.944807
11780,3783,0.945205
11790,3691,0.945594
11800,3781,0.945992
11810,3702,0.946382
11820,3873,0.946789
11830,3822,0.947192
11840,3726,0.947584
11850,3833,0.947987
11860,3786,0.948386
11870,3787,0.948785
11880,3747,0.949179
11890,3773,0.949576
11900,3806,0.949977
11910,3656,0.950362
11920,3727,0.950754
11930,3689,0.951142
11940,3644,0.951526
11950,3720,0.951917
11960,3707,0.952308
11970,3544,0.952681
11980,3615,0.953061
11990,3629,0.953443
12000,3567,0.953819
12010,3580,0.954196
12020,3576,0.954572
12030,3501,0.954941
12040,3505,0.955310
12050,3511,0.955679
12060,3488,0.956046
12070,3384,0.956403
12080,3520,0.956773
12090,3552,0.957147
12100,3398,0.957505
12110,3413,0.957864
12120,3475,0.958230
12130,3440,0.958592
12140,3428,0.958953
12150,3331,0.959303
12160,3424,0.959664
12170,3437,0.960026
12180,3285,0.960371
12190,3381,0.960727
12200,3389,0.961084
12210,3245,0.961426
12220,3326,0.961776
12230,3229,0.962116
12240,3390,0.962473
12250,3326,0.962823
12260,3225,0.963162
12270,3240,0.963503
12280,3198,0.963840
12290,3195,0.964176
12300,3259,0.964519
12310,3204,0.964857
12320,3154,0.965189
12330,3062,0.965511
12340,3033,0.965830
12350,3140,0.966161
12360,3044,0.966481
12370,3114,0.966809
12380,3055,0.967131
12390,3066,0.967453
12400,3006,0.967770
12410,3038,0.968090
12420,2928,0.968398
12430,2941,0.968707
12440,2942,0.969017
12450,3022,0.969335
12460,2948,0.969645
12470,2730,0.969933
12480,2912,0.970239
12490,2896,0.970544
12500,2783,0.970837
12510,2832,0.971135
12520,2860,0.971436
12530,2773,0.971728
12540,2777,0.972021
12550,2587,0.972293
12560,2762,0.972584
12570,2556,0.972853
12580,2689,0.973136
12590,2492,0.973398
12600,2601,0.973672
12610,2647,0.973951
12620,2629,0.974227
12630,2627,0.974504
12640,2506,0.974768
12650,2628,0.975044
12660,2492,0.975307
12670,2425,0.975562
12680,2454,0.975820
12690,2497,0.976083
12700,2517,0.976348
12710,2439,0.976605
12720,2398,0.976857
12730,2359,0.977105
12740,2319,0.977350
12750,2391,0.977601
12760,2473,0.977862
12770,2441,0.978119
12780,2279,0.978358
12790,2366,0.978608
12800,2186,0.978838
12810,2204,0.979070
12820,2193,0.979300
12830,2232,0.979535
12840,2114,0.979758
12850,2180,0.979987
12860,2201,0.980219
12870,2092,0.980439
12880,2083,0.980659
12890,2095,0.980879
12900,2026,0.981092
12910,1994,0.981302
12920,2054,0.981519
12930,2000,0.981729
12940,1973,0.981937
12950,1955,0.982143
12960,1872,0.982340
12970,1959,0.982546
12980,1857,0.982741
12990,1872,0.982938
13000,1889,0.983137
13010,1828,0.983330
13020,1817,0.983521
13030,1785,0.983709
13040,1663,0.983884
13050,1788,0.984072
13060,1652,0.984246
13070,1594,0.984414
13080,1622,0.984585
13090,1639,0.984757
13100,1636,0.984929
13110,1591,0.985097
13120,1541,0.985259
13130,1570,0.985424
13140,1525,0.985585
13150,1531,0.985746
13160,1523,0.985906
13170,1497,0.986064
13180,1530,0.986225
13190,1407,0.986373
13200,1418,0.986522
13210,1365,0.986666
13220,1391,0.986812
13230,1381,0.986958
13240,1371,0.987102
13250,1340,0.987243
13260,1358,0.987386
13270,1278,0.987521
13280,1325,0.987660
13290,1320,0.987799
13300,1267,0.987932
13310,1227,0.988062
13320,1219,0.988190
13330,1191,0.988315
13340,1229,0.988445
13350,1123,0.988563
13360,1209,0.988690
13370,1185,0.988815
13380,1197,0.988941
13390,1159,0.989063
13400,1142,0.989183
13410,1084,0.989297
13420,1081,0.989411
13430,1107,0.989528
13440,1075,0.989641
13450,1020,0.989748
13460,1002,0.989854
13470,1079,0.989967
13480,1044,0.990077
13490,1040,0.990187
13500,947,0.990286
13510,968,0.990388
13520,970,0.990490
13530,958,0.990591
13540,924,0.990688
13550,976,0.990791
13560,880,0.990884
13570,892,0.990978
13580,909,0.991073
13590,935,0.991172
13600,887,0.991265
13610,858,0.991355
13620,824,0.991442
13630,844,0.991531
13640,812,0.991616
13650,802,0.991701
13660,730,0.991778
13670,769,0.991859
13680,753,0.991938
13690,789,0.992021
13700,778,0.992103
13710,728,0.992180
13720,672,0.992250
13730,678,0.992322
13740,660,0.992391
13750,671,0.992462
13760,617,0.992527
13770,651,0.992595
13780,628,0.992661
13790,650,0.992730
13800,607,0.992794
13810,625,0.992859
13820,603,0.992923
13830,569,0.992983
13840,592,0.993045
13850,601,0.993108
13860,548,0.993166
13870,530,0.993222
13880,525,0.993277
13890,568,0.993337
13900,548,0.993395
13910,522,0.993450
13920,479,0.993500
13930,512,0.993554
13940,484,0.993605
13950,504,0.993658
13960,480,0.993708
13970,451,0.993756
13980,470,0.993805
13990,451,0.993853
14000,456,0.993901
14010,439,0.993947
14020,410,0.993990
14030,424,0.994035
14040,408,0.994078
14050,422,0.994122
14060,423,0.994167
14070,410,0.994210
14080,397,0.994252
14090,400,0.994294
14100,377,0.994334
14110,366,0.994372
14120,343,0.994408
14130,398,0.994450
14140,344,0.994486
14150,353,0.994523
14160,387,0.994564
14170,326,0.994598
14180,344,0.994635
14190,338,0.994670
14200,331,0.994705
14210,326,0.994739
14220,306,0.994772
14230,324,0.994806
14240,295,0.994837
14250,254,0.994864
14260,284,0.994893
14270,313,0.994926
14280,281,0.994956
14290,275,0.994985
14300,252,0.995011
14310,313,0.995044
14320,250,0.995071
14330,230,0.995095
14340,285,0.995125
14350,244,0.995151
14360,250,0.995177
14370,223,0.995200
14380,212,0.995223
14390,227,0.995247
14400,228,0.995271
14410,217,0.995293
14420,254,0.995320
14430,218,0.995343
14440,191,0.995363
14450,211,0.995385
14460,189,0.995405
14470,192,0.995426
14480,198,0.995446
14490,197,0.995467
14500,201,0.995488
14510,192,0.995508
14520,185,0.995528
14530,174,0.995546
14540,157,0.995563
14550,173,0.995581
14560,161,0.995598
14570,152,0.995614
14580,163,0.995631
14590,169,0.995649
14600,158,0.995666
14610,167,0.995683
14620,131,0.995697
14630,133,0.995711
14640,152,0.995727
14650,161,0.995744
14660,145,0.995759
14670,150,0.995775
14680,149,0.995791
14690,147,0.995806
14700,127,0.995819
14710,126,0.995833
14720,126,0.995846
14730,119,0.995858
14740,126,0.995872
14750,146,0.995887
14760,142,0.995902
14770,117,0.995914
14780,138,0.995929
14790,110,0.995941
14800,119,0.995953
14810,118,0.995965
14820,117,0.995978
14830,103,0.995989
14840,132,0.996002
14850,143,0.996018
14860,143,0.996033
14870,107,0.996044
14880,131,0.996058
14890,134,0.996072
14900,136,0.996086
14910,116,0.996098
14920,106,0.996109
14930,129,0.996123
14940,115,0.996135
14950,101,0.996146
14960,97,0.996156
14970,110,0.996168
14980,90,0.996177
14990,108,0.996188
15000,103,0.996199
15010,96,0.996209
15020,106,0.996221
15030,119,0.996233
15040,91,0.996243
15050,85,0.996252
15060,81,0.996260
15070,112,0.996272
15080,80,0.996280
15090,77,0.996288
15100,92,0.996298
15110,95,0.996308
15120,101,0.996319
15130,85,0.996328
15140,85,0.996337
15150,79,0.996345
15160,79,0.996353
15170,71,0.996361
15180,93,0.996370
15190,85,0.996379
15200,80,0.996388
15210,81,0.996396
15220,86,0.996405
15230,78,0.996414
15240,62,0.996420
15250,74,0.996428
15260,87,0.996437
15270,63,0.996444
15280,94,0.996454
15290,69,0.996461
15300,80,0.996469
15310,61,0.996476
15320,90,0.996485
15330,83,0.996494
15340,74,0.996502
15350,76,0.996510
15360,68,0.996517
15370,74,0.996525
15380,76,0.996533
15390,71,0.996540
15400,85,0.996549
15410,73,0.996557
15420,74,0.996565
15430,66,0.996572
15440,84,0.996580
15450,76,0.996588
15460,87,0.996598
15470,85,0.996607
15480,79,0.996615
15490,97,0.996625
15500,76,0.996633
15510,106,0.996644
15520,82,0.996653
15530,103,0.996664
15540,87,0.996673
15550,78,0.996681
15560,82,0.996690
15570,68,0.996697
15580,92,0.996707
15590,108,0.996718
15600,76,0.996726
15610,63,0.996733
15620,67,0.996740
15630,73,0.996747
15640,62,0.996754
15650,81,0.996762
15660,52,0.996768
15670,64,0.996775
15680,73,0.996782
15690,57,0.996788
15700,69,0.996795
15710,78,0.996804
15720,56,0.996810
15730,62,0.996816
15740,74,0.996824
15750,58,0.996830
15760,67,0.996837
15770,53,0.996843
15780,63,0.996849
15790,71,0.996857
15800,60,0.996863
15810,58,0.996869
15820,54,0.996875
15830,56,0.996881
15840,66,0.996888
15850,67,0.996895
15860,63,0.996901
15870,46,0.996906
15880,56,0.996912
15890,59,0.996918
15900,43,0.996923
15910,46,0.996928
15920,50,0.996933
15930,64,0.996940
15940,50,0.996945
15950,57,0.996951
15960,45,0.996956
15970,54,0.996961
15980,60,0.996968
15990,37,0.996972
16000,39,0.996976
16010,60,0.996982
16020,58,0.996988
16030,46,0.996993
16040,58,0.996999
16050,52,0.997005
16060,59,0.997011
16070,61,0.997017
16080,70,0.997025
16090,49,0.997030
16100,47,0.997035
16110,61,0.997041
16120,43,0.997046
16130,57,0.997052
16140,44,0.997056
16150,55,0.997062
16160,50,0.997067
16170,53,0.997073
16180,57,0.997079
16190,41,0.997083
16200,32,0.997087
16210,46,0.997091
16220,46,0.997096
16230,34,0.997100
16240,39,0.997104
16250,43,0.997108
16260,39,0.997113
16270,38,0.997117
16280,24,0.997119
16290,38,0.997123
16300,33,0.997127
16310,46,0.997131
16320,44,0.997136
16330,40,0.997140
16340,50,0.997145
16350,36,0.997149
16360,43,0.997154
16370,35,0.997158
16380,37,0.997161
16390,37,0.997165
16400,44,0.997170
16410,46,0.997175
16420,40,0.997179
16430,33,0.997182
16440,38,0.997186
16450,48,0.997191
16460,49,0.997197
16470,34,0.997200
16480,50,0.997205
16490,42,0.997210
16500,41,0.997214
16510,28,0.997217
16520,28,0.997220
16530,29,0.997223
16540,32,0.997227
16550,38,0.997231
16560,33,0.997234
16570,40,0.997238
16580,34,0.997242
16590,34,0.997245
16600,35,0.997249
16610,23,0.997252
16620,27,0.997254
16630,35,0.997258
16640,33,0.997261
16650,32,0.997265
16660,20,0.997267
16670,31,0.997270
16680,38,0.997274
16690,28,0.997277
16700,23,0.997280
16710,28,0.997283
16720,29,0.997286
16730,29,0.997289
16740,33,0.997292
16750,35,0.997296
16760,31,0.997299
16770,39,0.997303
16780,37,0.997307
16790,27,0.997310
16800,23,0.997312
16810,32,0.997316
16820,39,0.997320
16830,26,0.997323
16840,28,0.997325
16850,29,0.997329
16860,20,0.997331
16870,40,0.997335
16880,26,0.997338
16890,31,0.997341
16900,27,0.997344
16910,38,0.997348
16920,29,0.997351
16930,34,0.997354
16940,21,0.997357
16950,22,0.997359
16960,25,0.997361
16970,29,0.997365
16980,23,0.997367
16990,29,0.997370
17000,25,0.997373
17010,20,0.997375
17020,23,0.997377
17030,17,0.997379
17040,28,0.997382
17050,20,0.997384
17060,20,0.997386
17070,26,0.997389
17080,16,0.997391
17090,28,0.997393
17100,21,0.997396
17110,23,0.997398
17120,31,0.997401
17130,20,0.997404
17140,20,0.997406
17150,13,0.997407
17160,22,0.997409
17170,27,0.997412
17180,14,0.997414
17190,31,0.997417
17200,22,0.997419
17210,22,0.997422
17220,17,0.997423
17230,22,0.997426
17240,21,0.997428
17250,11,0.997429
17260,25,0.997432
17270,22,0.997434
17280,23,0.997436
17290,20,0.997438
17300,26,0.997441
17310,20,0.997443
17320,28,0.997446
17330,23,0.997449
17340,23,0.997451
17350,22,0.997453
17360,20,0.997455
17370,29,0.997459
17380,19,0.997461
17390,26,0.997463
17400,18,0.997465
17410,28,0.997468
17420,24,0.997471
17430,21,0.997473
17440,21,0.997475
17450,23,0.997477
17460,32,0.997481
17470,27,0.997484
17480,20,0.997486
17490,23,0.997488
17500,6,0.997489
17510,15,0.997490
17520,30,0.997494
17530,21,0.997496
17540,26,0.997499
17550,19,0.997501
17560,29,0.997504
17570,26,0.997506
17580,24,0.997509
17590,22,0.997511
17600,27,0.997514
17610,19,0.997516
17620,18,0.997518
17630,24,0.997520
17640,20,0.997523
17650,12,0.997524
17660,18,0.997526
17670,18,0.997528
17680,18,0.997530
17690,25,0.997532
17700,18,0.997534
17710,12,0.997535
17720,21,0.997537
17730,11,0.997539
17740,18,0.997541
17750,19,0.997543
17760,20,0.997545
17770,24,0.997547
17780,19,0.997549
17790,18,0.997551
17800,14,0.997553
17810,19,0.997555
17820,14,0.997556
17830,12,0.997557
17840,20,0.997559
17850,21,0.997562
17860,17,0.997563
17870,16,0.997565
17880,17,0.997567
17890,15,0.997568
17900,19,0.997570
17910,16,0.997572
17920,19,0.997574
17930,14,0.997576
17940,15,0.997577
17950,19,0.997579
17960,24,0.997582
17970,17,0.997584
17980,18,0.997585
17990,18,0.997587
18000,18,0.997589
18010,12,0.997590
18020,18,0.997592
18030,18,0.997594
18040,17,0.997596
18050,12,0.997597
18060,16,0.997599
18070,14,0.997600
18080,11,0.997602
18090,11,0.997603
18100,13,0.997604
18110,9,0.997605
18120,8,0.997606
18130,9,0.997607
18140,12,0.997608
18150,11,0.997609
18160,11,0.997610
18170,6,0.997611
18180,9,0.997612
18190,13,0.997613
18200,10,0.997614
18210,10,0.997616
18220,8,0.997616
18230,11,0.997617
18240,8,0.997618
18250,9,0.997619
18260,10,0.997620
18270,7,0.997621
18280,8,0.997622
18290,7,0.997623
18300,7,0.997623
18310,5,0.997624
18320,13,0.997625
18330,8,0.997626
18340,6,0.997627
18350,8,0.997628
18360,6,0.997628
18370,8,0.997629
18380,8,0.997630
18390,9,0.997631
18400,11,0.997632
18410,9,0.997633
18420,5,0.997634
18430,6,0.997634
18440,4,0.997635
18450,7,0.997635
18460,8,0.997636
18470,8,0.997637
18480,9,0.997638
18490,9,0.997639
18500,8,0.997640
18510,6,0.997640
18520,9,0.997641
18530,5,0.997642
18540,6,0.997642
18550,10,0.997644
18560,10,0.997645
18570,10,0.997646
18580,4,0.997646
18590,9,0.997647
18600,10,0.997648
18610,8,0.997649
18620,10,0.997650
18630,12,0.997651
18640,12,0.997652
18650,6,0.997653
18660,13,0.997654
18670,5,0.997655
18680,6,0.997656
18690,10,0.997657
18700,9,0.997658
18710,6,0.997658
18720,7,0.997659
18730,6,0.997660
18740,10,0.997661
18750,9,0.997662
18760,13,0.997663
18770,9,0.997664
18780,4,0.997664
18790,10,0.997665
18800,9,0.997666
18810,7,0.997667
18820,4,0.997667
18830,16,0.997669
18840,10,0.997670
18850,9,0.997671
18860,7,0.997672
18870,5,0.997672
18880,8,0.997673
18890,13,0.997675
18900,10,0.997676
18910,9,0.997677
18920,4,0.997677
18930,6,0.997678
18940,8,0.997679
18950,7,0.997679
18960,4,0.997680
18970,9,0.997681
18980,1,0.997681
18990,10,0.997682
19000,3,0.997682
19010,8,0.997683
19020,10,0.997684
19030,6,0.997685
19040,7,0.997685
19050,5,0.997686
19060,13,0.997687
19070,7,0.997688
19080,8,0.997689
19090,7,0.997690
19100,10,0.997691
19110,4,0.997691
19120,8,0.997692
19130,4,0.997692
19140,2,0.997693
19150,6,0.997693
19160,3,0.997693
19170,11,0.997695
19180,2,0.997695
19190,5,0.997695
19200,4,0.997696
19210,11,0.997697
19220,3,0.997697
19230,4,0.997698
19240,1,0.997698
19250,6,0.997698
19260,5,0.997699
19270,4,0.997699
19280,9,0.997700
19290,3,0.997701
19300,4,0.997701
19310,5,0.997702
19320,4,0.997702
19330,3,0.997702
19340,2,0.997703
19350,9,0.997703
19360,4,0.997704
19370,4,0.997704
19380,5,0.997705
19390,9,0.997706
19400,3,0.997706
19410,4,0.997707
19420,5,0.997707
19430,5,0.997708
19440,10,0.997709
19450,14,0.997710
19460,7,0.997711
19470,7,0.997712
19480,11,0.997713
19490,7,0.997714
19500,11,0.997715
19510,8,0.997716
19520,6,0.997716
19530,8,0.997717
19540,6,0.997718
19550,7,0.997718
19560,11,0.997720
19570,7,0.997720
19580,13,0.997722
19590,5,0.997722
19600,7,0.997723
19610,9,0.997724
19620,7,0.997725
19630,7,0.997725
19640,6,0.997726
19650,6,0.997727
19660,3,0.997727
19670,7,0.997728
19680,10,0.997729
19690,5,0.997729
19700,5,0.997730
19710,8,0.997731
19720,6,0.997731
19730,7,0.997732
19740,8,0.997733
19750,7,0.997734
19760,6,0.997734
19770,8,0.997735
19780,10,0.997736
19790,8,0.997737
19800,6,0.997738
19810,5,0.997738
19820,9,0.997739
19830,10,0.997740
19840,12,0.997741
19850,8,0.997742
19860,6,0.997743
19870,3,0.997743
19880,6,0.997744
19890,4,0.997744
19900,6,0.997745
19910,6,0.997745
19920,11,0.997747
19930,4,0.997747
19940,3,0.997747
19950,6,0.997748
19960,6,0.997749
19970,11,0.997750
19980,3,0.997750
19990,4,0.997750
20000,4,0.997751
20010,10,0.997752
20020,4,0.997752
20030,4,0.997753
20040,4,0.997753
20050,5,0.997754
20060,3,0.997754
20070,3,0.997754
20080,5,0.997755
20090,3,0.997755
20100,2,0.997755
20110,4,0.997756
20120,8,0.997757
20130,1,0.997757
20140,2,0.997757
20150,5,0.997757
20160,3,0.997758
20170,4,0.997758
20180,4,0.997759
20190,2,0.997759
20200,2,0.997759
20210,2,0.997759
20220,4,0.997760
20230,1,0.997760
20240,4,0.997760
20250,2,0.997760
20260,4,0.997761
20270,3,0.997761
20280,5,0.997762
20290,3,0.997762
20300,7,0.997763
20310,2,0.997763
20320,5,0.997764
20330,7,0.997764
20340,5,0.997765
20350,5,0.997765
20360,6,0.997766
20370,4,0.997766
20380,4,0.997767
20390,5,0.997767
20400,5,0.997768
20410,5,0.997768
20420,2,0.997769
20430,2,0.997769
20440,5,0.997769
20450,5,0.997770
20460,7,0.997771
20470,7,0.997771
20480,7,0.997772
20490,3,0.997772
20500,4,0.997773
20510,6,0.997773
20520,5,0.997774
20530,11,0.997775
20540,2,0.997775
20550,7,0.997776
20560,1,0.997776
20570,12,0.997777
20580,4,0.997778
20590,7,0.997779
20600,6,0.997779
20610,7,0.997780
20620,1,0.997780
20630,3,0.997780
20640,7,0.997781
20650,4,0.997782
20660,2,0.997782
20670,5,0.997782
20680,2,0.997782
20690,3,0.997783
20700,9,0.997784
20710,4,0.997784
20720,5,0.997785
20730,9,0.997786
20740,2,0.997786
20750,7,0.997787
20760,4,0.997787
20770,4,0.997787
20780,8,0.997788
20790,9,0.997789
20800,8,0.997790
20810,4,0.997790
20820,7,0.997791
20830,7,0.997792
20840,6,0.997793
20850,8,0.997793
20860,6,0.997794
20870,4,0.997794
20880,5,0.997795
20890,2,0.997795
20900,2,0.997795
20910,13,0.997797
20920,5,0.997797
20930,6,0.997798
20940,7,0.997799
20950,4,0.997799
20960,10,0.997800
20970,2,0.997800
20980,8,0.997801
20990,11,0.997802
21000,8,0.997803
21010,3,0.997804
21020,11,0.997805
21030,7,0.997805
21040,10,0.997806
21050,4,0.997807
21060,6,0.997808
21070,7,0.997808
21080,6,0.997809
21090,6,0.997810
21100,5,0.997810
21110,8,0.997811
21120,7,0.997812
21130,8,0.997812
21140,7,0.997813
21150,11,0.997814
21160,7,0.997815
21170,6,0.997816
21180,7,0.997816
21190,9,0.997817
21200,7,0.997818
21210,11,0.997819
21220,7,0.997820
21230,4,0.997820
21240,5,0.997821
21250,8,0.997822
21260,9,0.997823
21270,5,0.997823
21280,2,0.997824
21290,14,0.997825
21300,9,0.997826
21310,15,0.997828
21320,9,0.997828
21330,10,0.997829
21340,12,0.997831
21350,8,0.997832
21360,6,0.997832
21370,13,0.997834
21380,4,0.997834
21390,9,0.997835
21400,5,0.997836
21410,12,0.997837
21420,7,0.997837
21430,7,0.997838
21440,7,0.997839
21450,6,0.997840
21460,9,0.997841
21470,8,0.997841
21480,5,0.997842
21490,9,0.997843
21500,7,0.997844
21510,13,0.997845
21520,10,0.997846
21530,9,0.997847
21540,6,0.997848
21550,8,0.997848
21560,13,0.997850
21570,4,0.997850
21580,6,0.997851
21590,5,0.997851
21600,4,0.997852
21610,13,0.997853
21620,9,0.997854
21630,7,0.997855
21640,7,0.997856
21650,4,0.997856
21660,3,0.997856
21670,5,0.997857
21680,3,0.997857
21690,8,0.997858
21700,14,0.997860
21710,6,0.997860
21720,5,0.997861
21730,6,0.997861
21740,5,0.997862
21750,7,0.997863
21760,11,0.997864
21770,6,0.997864
21780,2,0.997865
21790,4,0.997865
21800,10,0.997866
21810,10,0.997867
21820,8,0.997868
21830,4,0.997868
21840,7,0.997869
21850,7,0.997870
21860,4,0.997870
21870,4,0.997871
21880,8,0.997872
21890,5,0.997872
21900,7,0.997873
21910,8,0.997874
21920,4,0.997874
21930,9,0.997875
21940,2,0.997875
21950,5,0.997876
21960,7,0.997876
21970,4,0.997877
21980,5,0.997877
21990,2,0.997878
22000,1,0.997878
22010,4,0.997878
22020,2,0.997878
22030,2,0.997879
22040,2,0.997879
22050,1,0.997879
22060,1,0.997879
22070,3,0.997879
22080,7,0.997880
22090,6,0.997881
22100,2,0.997881
22110,9,0.997882
22120,3,0.997882
22130,4,0.997883
22140,3,0.997883
22150,5,0.997883
22160,4,0.997884
22170,6,0.997884
22180,4,0.997885
22190,4,0.997885
22200,5,0.997886
22210,6,0.997886
22220,14,0.997888
22230,10,0.997889
22240,8,0.997890
22250,15,0.997891
22260,6,0.997892
22270,12,0.997893
22280,6,0.997894
22290,7,0.997895
22300,4,0.997895
22310,18,0.997897
22320,9,0.997898
22330,5,0.997898
22340,13,0.997900
22350,12,0.997901
22360,6,0.997902
22370,5,0.997902
22380,14,0.997904
22390,6,0.997904
22400,12,0.997906
22410,5,0.997906
22420,15,0.997908
22430,11,0.997909
22440,13,0.997910
22450,8,0.997911
22460,9,0.997912
22470,12,0.997913
22480,10,0.997914
22490,12,0.997916
22500,7,0.997916
22510,10,0.997917
22520,12,0.997919
22530,8,0.997919
22540,10,0.997921
22550,11,0.997922
22560,10,0.997923
22570,12,0.997924
22580,16,0.997926
22590,10,0.997927
22600,9,0.997928
22610,11,0.997929
22620,15,0.997930
22630,10,0.997932
22640,10,0.997933
22650,10,0.997934
22660,12,0.997935
22670,13,0.997936
22680,15,0.997938
22690,13,0.997939
22700,13,0.997941
22710,13,0.997942
22720,10,0.997943
22730,14,0.997944
22740,13,0.997946
22750,10,0.997947
22760,19,0.997949
22770,13,0.997950
22780,7,0.997951
22790,11,0.997952
22800,17,0.997954
22810,12,0.997955
22820,10,0.997956
22830,24,0.997959
22840,15,0.997960
22850,10,0.997961
22860,12,0.997963
22870,16,0.997964
22880,15,0.997966
22890,13,0.997967
22900,19,0.997969
22910,19,0.997971
22920,21,0.997974
22930,10,0.997975
22940,15,0.997976
22950,19,0.997978
22960,13,0.997980
22970,11,0.997981
22980,14,0.997982
22990,7,0.997983
23000,8,0.997984
23010,5,0.997984
23020,4,0.997985
23030,17,0.997986
23040,10,0.997988
23050,17,0.997989
23060,9,0.997990
23070,8,0.997991
23080,15,0.997993
23090,7,0.997993
23100,18,0.997995
23110,14,0.997997
23120,10,0.997998
23130,12,0.997999
23140,17,0.998001
23150,11,0.998002
23160,16,0.998004
23170,12,0.998005
23180,18,0.998007
23190,14,0.998008
23200,9,0.998009
23210,11,0.998010
23220,13,0.998012
23230,13,0.998013
23240,11,0.998014
23250,9,0.998015
23260,11,0.998016
23270,10,0.998017
23280,14,0.998019
23290,12,0.998020
23300,8,0.998021
23310,6,0.998022
23320,9,0.998023
23330,16,0.998024
23340,13,0.998026
23350,17,0.998028
23360,11,0.998029
23370,12,0.998030
23380,16,0.998032
23390,9,0.998033
23400,9,0.998034
23410,18,0.998035
23420,14,0.998037
23430,19,0.998039
23440,8,0.998040
23450,14,0.998041
23460,7,0.998042
23470,11,0.998043
23480,16,0.998045
23490,14,0.998046
23500,6,0.998047
23510,8,0.998048
23520,14,0.998049
23530,17,0.998051
23540,13,0.998052
23550,16,0.998054
23560,15,0.998056
23570,14,0.998057
23580,7,0.998058
23590,8,0.998059
23600,17,0.998060
23610,13,0.998062
23620,13,0.998063
23630,14,0.998065
23640,18,0.998067
23650,18,0.998068
23660,6,0.998069
23670,12,0.998070
23680,10,0.998071
23690,9,0.998072
23700,7,0.998073
23710,7,0.998074
23720,17,0.998076
23730,16,0.998077
23740,7,0.998078
23750,13,0.998079
23760,11,0.998081
23770,16,0.998082
23780,9,0.998083
23790,7,0.998084
23800,7,0.998085
23810,6,0.998085
23820,12,0.998087
23830,12,0.998088
23840,12,0.998089
23850,6,0.998090
23860,7,0.998090
23870,6,0.998091
23880,7,0.998092
23890,10,0.998093
23900,10,0.998094
23910,11,0.998095
23920,9,0.998096
23930,14,0.998098
23940,9,0.998098
23950,18,0.998100
23960,14,0.998102
23970,11,0.998103
23980,18,0.998105
23990,8,0.998106
24000,10,0.998107
24010,13,0.998108
24020,8,0.998109
24030,12,0.998110
24040,13,0.998112
24050,17,0.998113
24060,10,0.998114
24070,6,0.998115
24080,21,0.998117
24090,15,0.998119
24100,11,0.998120
24110,14,0.998122
24120,9,0.998122
24130,12,0.998124
24140,12,0.998125
24150,14,0.998126
24160,14,0.998128
24170,22,0.998130
24180,15,0.998132
24190,16,0.998134
24200,11,0.998135
24210,12,0.998136
24220,16,0.998138
24230,17,0.998139
24240,15,0.998141
24250,20,0.998143
24260,17,0.998145
24270,15,0.998146
24280,9,0.998147
24290,14,0.998149
24300,18,0.998151
24310,14,0.998152
24320,15,0.998154
24330,14,0.998155
24340,14,0.998157
24350,28,0.998160
24360,16,0.998161
24370,20,0.998164
24380,20,0.998166
24390,21,0.998168
24400,20,0.998170
24410,22,0.998172
24420,14,0.998174
24430,22,0.998176
24440,20,0.998178
24450,20,0.998180
24460,17,0.998182
24470,17,0.998184
24480,17,0.998186
24490,20,0.998188
24500,14,0.998189
24510,17,0.998191
24520,25,0.998194
24530,21,0.998196
24540,19,0.998198
24550,29,0.998201
24560,25,0.998204
24570,25,0.998206
24580,18,0.998208
24590,22,0.998210
24600,29,0.998213
24610,26,0.998216
24620,17,0.998218
24630,30,0.998221
24640,17,0.998223
24650,29,0.998226
24660,12,0.998227
24670,23,0.998230
24680,23,0.998232
24690,20,0.998234
24700,21,0.998236
24710,21,0.998239
24720,24,0.998241
24730,27,0.998244
24740,27,0.998247
24750,33,0.998250
24760,27,0.998253
24770,18,0.998255
24780,21,0.998257
24790,24,0.998260
24800,29,0.998263
24810,19,0.998265
24820,27,0.998268
24830,21,0.998270
24840,22,0.998272
24850,24,0.998275
24860,16,0.998276
24870,27,0.998279
24880,10,0.998280
24890,23,0.998283
24900,15,0.998284
24910,19,0.998286
24920,20,0.998288
24930,15,0.998290
24940,19,0.998292
24950,27,0.998295
24960,19,0.998297
24970,17,0.998299
24980,21,0.998301
24990,17,0.998303
25000,23,0.998305
25010,16,0.998307
25020,15,0.998308
25030,12,0.998310
25040,26,0.998312
25050,25,0.998315
25060,18,0.998317
25070,9,0.998318
25080,21,0.998320
25090,20,0.998322
25100,12,0.998323
25110,15,0.998325
25120,14,0.998326
25130,8,0.998327
25140,22,0.998330
25150,13,0.998331
25160,19,0.998333
25170,7,0.998334
25180,18,0.998336
25190,15,0.998337
25200,19,0.998339
25210,16,0.998341
25220,10,0.998342
25230,14,0.998343
25240,16,0.998345
25250,7,0.998346
25260,15,0.998347
25270,16,0.998349
25280,15,0.998351
25290,18,0.998352
25300,18,0.998354
25310,19,0.998356
25320,14,0.998358
25330,22,0.998360
25340,18,0.998362
25350,16,0.998364
25360,25,0.998366
25370,20,0.998369
25380,20,0.998371
25390,15,0.998372
25400,22,0.998374
25410,18,0.998376
25420,19,0.998378
25430,16,0.998380
25440,23,0.998382
25450,15,0.998384
25460,16,0.998386
25470,13,0.998387
25480,22,0.998389
25490,19,0.998391
25500,27,0.998394
25510,22,0.998397
25520,18,0.998398
25530,21,0.998401
25540,17,0.998402
25550,19,0.998405
25560,33,0.998408
25570,26,0.998411
25580,26,0.998413
25590,25,0.998416
25600,19,0.998418
25610,17,0.998420
25620,18,0.998422
25630,21,0.998424
25640,20,0.998426
25650,27,0.998429
25660,28,0.998432
25670,17,0.998434
25680,20,0.998436
25690,14,0.998437
25700,20,0.998439
25710,10,0.998440
25720,20,0.998442
25730,21,0.998445
25740,32,0.998448
25750,18,0.998450
25760,18,0.998452
25770,21,0.998454
25780,14,0.998456
25790,19,0.998458
25800,10,0.998459
25810,17,0.998460
25820,26,0.998463
25830,22,0.998465
25840,18,0.998467
25850,21,0.998470
25860,18,0.998471
25870,16,0.998473
25880,13,0.998474
25890,28,0.998477
25900,12,0.998479
25910,28,0.998482
25920,29,0.998485
25930,19,0.998487
25940,13,0.998488
25950,17,0.998490
25960,15,0.998491
25970,18,0.998493
25980,22,0.998496
25990,21,0.998498
26000,26,0.998501
26010,24,0.998503
26020,23,0.998506
26030,22,0.998508
26040,20,0.998510
26050,22,0.998512
26060,19,0.998514
26070,31,0.998518
26080,17,0.998519
26090,25,0.998522
26100,23,0.998524
26110,19,0.998526
26120,25,0.998529
26130,28,0.998532
26140,30,0.998535
26150,26,0.998538
26160,30,0.998541
26170,31,0.998544
26180,24,0.998547
26190,17,0.998549
26200,30,0.998552
26210,36,0.998556
26220,19,0.998558
26230,17,0.998559
26240,32,0.998563
26250,26,0.998565
26260,23,0.998568
26270,19,0.998570
26280,25,0.998572
26290,29,0.998576
26300,30,0.998579
26310,25,0.998581
26320,15,0.998583
26330,26,0.998586
26340,34,0.998589
26350,32,0.998593
26360,19,0.998595
26370,23,0.998597
26380,21,0.998599
26390,20,0.998601
26400,25,0.998604
26410,18,0.998606
26420,21,0.998608
26430,31,0.998611
26440,22,0.998614
26450,19,0.998616
26460,21,0.998618
26470,16,0.998620
26480,18,0.998621
26490,30,0.998625
26500,30,0.998628
26510,23,0.998630
26520,21,0.998632
26530,28,0.998635
26540,33,0.998639
26550,32,0.998642
26560,33,0.998646
26570,20,0.998648
26580,27,0.998651
26590,23,0.998653
26600,15,0.998655
26610,35,0.998658
26620,22,0.998661
26630,23,0.998663
26640,35,0.998667
26650,19,0.998669
26660,28,0.998672
26670,33,0.998675
26680,21,0.998677
26690,34,0.998681
26700,33,0.998684
26710,34,0.998688
26720,37,0.998692
26730,28,0.998695
26740,34,0.998698
26750,34,0.998702
26760,28,0.998705
26770,28,0.998708
26780,39,0.998712
26790,36,0.998716
26800,27,0.998719
26810,30,0.998722
26820,25,0.998724
26830,41,0.998729
26840,23,0.998731
26850,31,0.998734
26860,35,0.998738
26870,29,0.998741
26880,28,0.998744
26890,39,0.998748
26900,32,0.998752
26910,21,0.998754
26920,29,0.998757
26930,33,0.998760
26940,29,0.998763
26950,30,0.998766
26960,36,0.998770
26970,28,0.998773
26980,31,0.998776
26990,37,0.998780
27000,37,0.998784
27010,32,0.998788
27020,39,0.998792
27030,43,0.998796
27040,33,0.998800
27050,20,0.998802
27060,29,0.998805
27070,28,0.998808
27080,43,0.998812
27090,34,0.998816
27100,36,0.998820
27110,34,0.998823
27120,33,0.998827
27130,45,0.998832
27140,30,0.998835
27150,31,0.998838
27160,27,0.998841
27170,43,0.998845
27180,42,0.998850
27190,26,0.998852
27200,35,0.998856
27210,25,0.998859
27220,28,0.998862
27230,39,0.998866
27240,30,0.998869
27250,36,0.998873
27260,27,0.998876
27270,33,0.998879
27280,38,0.998883
27290,36,0.998887
27300,30,0.998890
27310,29,0.998893
27320,34,0.998897
27330,33,0.998900
27340,24,0.998903
27350,33,0.998906
27360,25,0.998909
27370,25,0.998911
27380,31,0.998915
27390,18,0.998917
27400,31,0.998920
27410,20,0.998922
27420,28,0.998925
27430,30,0.998928
27440,31,0.998931
27450,21,0.998934
27460,26,0.998936
27470,27,0.998939
27480,28,0.998942
27490,20,0.998944
27500,17,0.998946
27510,16,0.998948
27520,31,0.998951
27530,24,0.998953
27540,22,0.998956
27550,18,0.998958
27560,31,0.998961
27570,21,0.998963
27580,19,0.998965
27590,15,0.998967
27600,19,0.998969
27610,20,0.998971
27620,16,0.998972
27630,16,0.998974
27640,26,0.998977
27650,25,0.998980
27660,29,0.998983
27670,23,0.998985
27680,19,0.998987
27690,20,0.998989
27700,16,0.998991
27710,20,0.998993
27720,24,0.998995
27730,26,0.998998
27740,22,0.999000
27750,23,0.999003
27760,17,0.999005
27770,28,0.999008
27780,19,0.999010
27790,31,0.999013
27800,26,0.999016
27810,17,0.999017
27820,23,0.999020
27830,27,0.999023
27840,21,0.999025
27850,19,0.999027
27860,20,0.999029
27870,17,0.999031
27880,28,0.999034
27890,14,0.999035
27900,29,0.999038
27910,29,0.999041
27920,28,0.999044
27930,21,0.999047
27940,19,0.999048
27950,18,0.999050
27960,20,0.999053
27970,26,0.999055
27980,15,0.999057
27990,15,0.999058
28000,19,0.999060
28010,21,0.999063
28020,20,0.999065
28030,21,0.999067
28040,12,0.999068
28050,26,0.999071
28060,20,0.999073
28070,23,0.999075
28080,20,0.999078
28090,19,0.999080
28100,26,0.999082
28110,33,0.999086
28120,18,0.999088
28130,19,0.999090
28140,26,0.999092
28150,21,0.999095
28160,11,0.999096
28170,18,0.999098
28180,13,0.999099
28190,13,0.999100
28200,16,0.999102
28210,23,0.999104
28220,18,0.999106
28230,16,0.999108
28240,25,0.999111
28250,17,0.999112
28260,13,0.999114
28270,16,0.999116
28280,12,0.999117
28290,17,0.999119
28300,16,0.999120
28310,19,0.999122
28320,21,0.999125
28330,11,0.999126
28340,15,0.999127
28350,16,0.999129
28360,16,0.999131
28370,18,0.999133
28380,23,0.999135
28390,14,0.999136
28400,29,0.999139
28410,19,0.999141
28420,21,0.999144
28430,19,0.999146
28440,22,0.999148
28450,21,0.999150
28460,16,0.999152
28470,16,0.999154
28480,19,0.999156
28490,25,0.999158
28500,18,0.999160
28510,14,0.999162
28520,24,0.999164
28530,12,0.999165
28540,20,0.999167
28550,16,0.999169
28560,19,0.999171
28570,12,0.999172
28580,21,0.999175
28590,15,0.999176
28600,12,0.999177
28610,17,0.999179
28620,14,0.999181
28630,17,0.999183
28640,17,0.999184
28650,16,0.999186
28660,16,0.999188
28670,17,0.999189
28680,19,0.999191
28690,24,0.999194
28700,14,0.999195
28710,18,0.999197
28720,15,0.999199
28730,25,0.999202
28740,19,0.999204
28750,15,0.999205
28760,28,0.999208
28770,21,0.999210
28780,16,0.999212
28790,23,0.999214
28800,29,0.999217
28810,24,0.999220
28820,29,0.999223
28830,18,0.999225
28840,27,0.999228
28850,19,0.999230
28860,16,0.999231
28870,24,0.999234
28880,17,0.999236
28890,19,0.999238
28900,33,0.999241
28910,13,0.999243
28920,17,0.999244
28930,20,0.999246
28940,13,0.999248
28950,16,0.999250
28960,24,0.999252
28970,22,0.999254
28980,21,0.999257
28990,19,0.999259
29000,22,0.999261
29010,22,0.999263
29020,26,0.999266
29030,16,0.999268
29040,17,0.999269
29050,26,0.999272
29060,22,0.999274
29070,17,0.999276
29080,20,0.999278
29090,17,0.999280
29100,17,0.999282
29110,20,0.999284
29120,25,0.999287
29130,18,0.999289
29140,16,0.999290
29150,25,0.999293
29160,19,0.999295
29170,16,0.999297
29180,26,0.999299
29190,27,0.999302
29200,28,0.999305
29210,28,0.999308
29220,29,0.999311
29230,18,0.999313
29240,26,0.999316
29250,17,0.999318
29260,18,0.999319
29270,20,0.999322
29280,21,0.999324
29290,19,0.999326
29300,20,0.999328
29310,16,0.999330
29320,25,0.999332
29330,26,0.999335
29340,20,0.999337
29350,29,0.999340
29360,24,0.999343
29370,11,0.999344
29380,17,0.999346
29390,17,0.999347
29400,25,0.999350
29410,16,0.999352
29420,17,0.999353
29430,17,0.999355
29440,24,0.999358
29450,17,0.999360
29460,12,0.999361
29470,21,0.999363
29480,18,0.999365
29490,22,0.999367
29500,22,0.999370
29510,20,0.999372
29520,16,0.999373
29530,15,0.999375
29540,18,0.999377
29550,20,0.999379
29560,15,0.999381
29570,19,0.999382
29580,16,0.999384
29590,18,0.999386
29600,21,0.999388
29610,19,0.999390
29620,10,0.999391
29630,16,0.999393
29640,21,0.999395
29650,10,0.999396
29660,20,0.999398
29670,21,0.999401
29680,13,0.999402
29690,17,0.999404
29700,12,0.999405
29710,15,0.999407
29720,16,0.999408
29730,9,0.999409
29740,9,0.999410
29750,11,0.999411
29760,12,0.999413
29770,13,0.999414
29780,12,0.999415
29790,19,0.999417
29800,5,0.999418
29810,22,0.999420
29820,6,0.999421
29830,17,0.999422
29840,3,0.999423
29850,8,0.999424
29860,14,0.999425
29870,10,0.999426
29880,12,0.999427
29890,7,0.999428
29900,11,0.999429
29910,10,0.999430
29920,8,0.999431
29930,9,0.999432
29940,7,0.999433
29950,4,0.999433
29960,13,0.999435
29970,10,0.999436
29980,8,0.999437
29990,13,0.999438
30000,16,0.999440
30010,5,0.999440
30020,13,0.999442
30030,6,0.999442
30040,14,0.999444
30050,13,0.999445
30060,12,0.999446
30070,16,0.999448
30080,11,0.999449
30090,18,0.999451
30100,17,0.999453
30110,12,0.999454
30120,7,0.999455
30130,13,0.999456
30140,18,0.999458
30150,18,0.999460
30160,18,0.999462
30170,14,0.999463
30180,11,0.999465
30190,14,0.999466
30200,15,0.999468
30210,7,0.999468
30220,12,0.999470
30230,13,0.999471
30240,15,0.999472
30250,10,0.999474
30260,10,0.999475
30270,10,0.999476
30280,8,0.999476
30290,12,0.999478
30300,5,0.999478
30310,10,0.999479
30320,4,0.999480
30330,12,0.999481
30340,18,0.999483
30350,11,0.999484
30360,6,0.999485
30370,8,0.999486
30380,4,0.999486
30390,9,0.999487
30400,7,0.999488
30410,2,0.999488
30420,10,0.999489
30430,7,0.999490
30440,13,0.999491
30450,10,0.999492
30460,9,0.999493
30470,6,0.999494
30480,8,0.999494
30490,8,0.999495
30500,12,0.999497
30510,11,0.999498
30520,9,0.999499
30530,4,0.999499
30540,10,0.999500
30550,7,0.999501
30560,5,0.999501
30570,10,0.999503
30580,11,0.999504
30590,8,0.999505
30600,11,0.999506
30610,7,0.999506
30620,7,0.999507
30630,7,0.999508
30640,7,0.999509
30650,8,0.999509
30660,11,0.999511
30670,9,0.999512
30680,9,0.999512
30690,8,0.999513
30700,12,0.999515
30710,7,0.999515
30720,8,0.999516
30730,8,0.999517
30740,6,0.999518
30750,11,0.999519
30760,7,0.999520
30770,8,0.999520
30780,12,0.999522
30790,8,0.999523
30800,10,0.999524
30810,11,0.999525
30820,7,0.999525
30830,6,0.999526
30840,7,0.999527
30850,7,0.999528
30860,5,0.999528
30870,5,0.999529
30880,11,0.999530
30890,9,0.999531
30900,7,0.999531
30910,11,0.999533
30920,8,0.999533
30930,12,0.999535
30940,9,0.999536
30950,7,0.999536
30960,7,0.999537
30970,6,0.999538
30980,6,0.999538
30990,7,0.999539
31000,5,0.999540
31010,15,0.999541
31020,5,0.999542
31030,7,0.999543
31040,8,0.999543
31050,4,0.999544
31060,8,0.999545
31070,5,0.999545
31080,2,0.999545
31090,8,0.999546
31100,8,0.999547
31110,6,0.999548
31120,8,0.999548
31130,7,0.999549
31140,9,0.999550
31150,7,0.999551
31160,6,0.999552
31170,6,0.999552
31180,8,0.999553
31190,7,0.999554
31200,8,0.999555
31210,9,0.999556
31220,5,0.999556
31230,6,0.999557
31240,4,0.999557
31250,6,0.999558
31260,4,0.999558
31270,9,0.999559
31280,8,0.999560
31290,8,0.999561
31300,5,0.999561
31310,6,0.999562
31320,4,0.999562
31330,7,0.999563
31340,5,0.999564
31350,5,0.999564
31360,8,0.999565
31370,5,0.999566
31380,7,0.999566
31390,9,0.999567
31400,10,0.999568
31410,9,0.999569
31420,10,0.999570
31430,10,0.999571
31440,10,0.999572
31450,7,0.999573
31460,6,0.999574
31470,10,0.999575
31480,14,0.999576
31490,8,0.999577
31500,6,0.999578
31510,9,0.999579
31520,13,0.999580
31530,5,0.999581
31540,9,0.999582
31550,12,0.999583
31560,9,0.999584
31570,7,0.999584
31580,6,0.999585
31590,7,0.999586
31600,10,0.999587
31610,5,0.999587
31620,6,0.999588
31630,11,0.999589
31640,6,0.999590
31650,5,0.999590
31660,2,0.999591
31670,5,0.999591
31680,5,0.999592
31690,8,0.999593
31700,14,0.999594
31710,10,0.999595
31720,7,0.999596
31730,9,0.999597
31740,11,0.999598
31750,9,0.999599
31760,6,0.999599
31770,7,0.999600
31780,3,0.999601
31790,13,0.999602
31800,8,0.999603
31810,8,0.999604
31820,7,0.999604
31830,6,0.999605
31840,5,0.999605
31850,4,0.999606
31860,5,0.999606
31870,6,0.999607
31880,8,0.999608
31890,12,0.999609
31900,13,0.999611
31910,3,0.999611
31920,3,0.999611
31930,9,0.999612
31940,4,0.999613
31950,9,0.999613
31960,6,0.999614
31970,12,0.999615
31980,13,0.999617
31990,11,0.999618
32000,10,0.999619
32010,6,0.999620
32020,8,0.999620
32030,13,0.999622
32040,6,0.999622
32050,7,0.999623
32060,6,0.999624
32070,10,0.999625
32080,8,0.999626
32090,7,0.999626
32100,7,0.999627
32110,11,0.999628
32120,4,0.999629
32130,9,0.999630
32140,6,0.999630
32150,6,0.999631
32160,9,0.999632
32170,5,0.999632
32180,5,0.999633
32190,7,0.999634
32200,10,0.999635
32210,7,0.999635
32220,9,0.999636
32230,14,0.999638
32240,10,0.999639
32250,12,0.999640
32260,4,0.999641
32270,13,0.999642
32280,9,0.999643
32290,10,0.999644
32300,9,0.999645
32310,15,0.999647
32320,13,0.999648
32330,14,0.999649
32340,13,0.999651
32350,13,0.999652
32360,13,0.999653
32370,17,0.999655
32380,9,0.999656
32390,10,0.999657
32400,11,0.999658
32410,13,0.999660
32420,12,0.999661
32430,9,0.999662
32440,8,0.999663
32450,8,0.999664
32460,14,0.999665
32470,6,0.999666
32480,9,0.999667
32490,10,0.999668
32500,7,0.999669
32510,10,0.999670
32520,11,0.999671
32530,6,0.999671
32540,7,0.999672
32550,11,0.999673
32560,7,0.999674
32570,11,0.999675
32580,10,0.999676
32590,9,0.999677
32600,3,0.999677
32610,5,0.999678
32620,5,0.999678
32630,7,0.999679
32640,5,0.999680
32650,6,0.999680
32660,6,0.999681
32670,4,0.999681
32680,10,0.999683
32690,5,0.999683
32700,8,0.999684
32710,5,0.999684
32720,3,0.999685
32730,11,0.999686
32740,8,0.999687
32750,14,0.999688
32760,8,0.999689
32770,14,0.999691
32780,12,0.999692
32790,10,0.999693
32800,8,0.999694
32810,9,0.999695
32820,10,0.999696
32830,11,0.999697
32840,7,0.999698
32850,8,0.999698
32860,13,0.999700
32870,14,0.999701
32880,8,0.999702
32890,3,0.999702
32900,8,0.999703
32910,12,0.999705
32920,10,0.999706
32930,9,0.999707
32940,7,0.999707
32950,11,0.999708
32960,7,0.999709
32970,6,0.999710
32980,15,0.999711
32990,8,0.999712
33000,11,0.999713
33010,11,0.999714
33020,9,0.999715
33030,7,0.999716
33040,6,0.999717
33050,12,0.999718
33060,12,0.999719
33070,11,0.999721
33080,9,0.999721
33090,11,0.999723
33100,7,0.999723
33110,8,0.999724
33120,11,0.999725
33130,10,0.999726
33140,8,0.999727
33150,9,0.999728
33160,6,0.999729
33170,11,0.999730
33180,8,0.999731
33190,6,0.999731
33200,13,0.999733
33210,4,0.999733
33220,9,0.999734
33230,7,0.999735
33240,14,0.999736
33250,8,0.999737
33260,14,0.999739
33270,8,0.999740
33280,9,0.999741
33290,3,0.999741
33300,7,0.999742
33310,2,0.999742
33320,7,0.999743
33330,11,0.999744
33340,7,0.999744
33350,8,0.999745
33360,11,0.999746
33370,11,0.999748
33380,3,0.999748
33390,7,0.999749
33400,10,0.999750
33410,5,0.999750
33420,7,0.999751
33430,13,0.999752
33440,10,0.999753
33450,7,0.999754
33460,5,0.999755
33470,11,0.999756
33480,10,0.999757
33490,9,0.999758
33500,10,0.999759
33510,4,0.999759
33520,8,0.999760
33530,7,0.999761
33540,4,0.999761
33550,5,0.999762
33560,10,0.999763
33570,11,0.999764
33580,7,0.999765
33590,11,0.999766
33600,17,0.999768
33610,10,0.999769
33620,9,0.999770
33630,6,0.999770
33640,11,0.999771
33650,7,0.999772
33660,3,0.999773
33670,10,0.999774
33680,5,0.999774
33690,4,0.999775
33700,8,0.999775
33710,5,0.999776
33720,9,0.999777
33730,8,0.999778
33740,6,0.999778
33750,9,0.999779
33760,7,0.999780
33770,11,0.999781
33780,5,0.999782
33790,7,0.999782
33800,2,0.999783
33810,4,0.999783
33820,4,0.999783
33830,9,0.999784
33840,6,0.999785
33850,5,0.999786
33860,9,0.999786
33870,3,0.999787
33880,9,0.999788
33890,5,0.999788
33900,3,0.999789
33910,6,0.999789
33920,7,0.999790
33930,4,0.999790
33940,8,0.999791
33950,10,0.999792
33960,6,0.999793
33970,5,0.999793
33980,3,0.999794
33990,4,0.999794
34000,7,0.999795
34010,5,0.999795
34020,10,0.999797
34030,7,0.999797
34040,7,0.999798
34050,6,0.999799
34060,7,0.999799
34070,8,0.999800
34080,8,0.999801
34090,5,0.999802
34100,6,0.999802
34110,9,0.999803
34130,8,0.999804
34140,3,0.999804
34150,2,0.999804
34160,7,0.999805
34170,5,0.999806
34180,5,0.999806
34190,10,0.999807
34200,3,0.999808
34210,5,0.999808
34220,3,0.999809
34230,8,0.999809
34240,1,0.999809
34250,4,0.999810
34260,8,0.999811
34270,4,0.999811
34280,5,0.999812
34290,3,0.999812
34300,11,0.999813
34310,6,0.999814
34320,4,0.999814
34330,6,0.999815
34340,5,0.999815
34350,15,0.999817
34360,10,0.999818
34370,9,0.999819
34380,6,0.999820
34390,6,0.999820
34400,11,0.999821
34410,12,0.999823
34420,11,0.999824
34430,5,0.999824
34440,5,0.999825
34450,11,0.999826
34460,7,0.999827
34470,8,0.999828
34480,6,0.999828
34490,9,0.999829
34500,6,0.999830
34510,10,0.999831
34520,4,0.999831
34530,7,0.999832
34540,9,0.999833
34550,4,0.999833
34560,10,0.999834
34570,9,0.999835
34580,9,0.999836
34590,6,0.999837
34600,6,0.999838
34610,11,0.999839
34620,10,0.999840
34630,12,0.999841
34640,9,0.999842
34650,10,0.999843
34660,12,0.999844
34670,9,0.999845
34680,7,0.999846
34690,10,0.999847
34700,7,0.999848
34710,11,0.999849
34720,8,0.999850
34730,5,0.999850
34740,7,0.999851
34750,10,0.999852
34760,9,0.999853
34770,6,0.999854
34780,9,0.999855
34790,11,0.999856
34800,4,0.999856
34810,13,0.999858
34820,2,0.999858
34830,7,0.999858
34840,8,0.999859
34850,15,0.999861
34860,9,0.999862
34870,6,0.999862
34880,5,0.999863
34890,9,0.999864
34900,5,0.999865
34910,10,0.999866
34920,12,0.999867
34930,4,0.999867
34940,4,0.999868
34950,7,0.999868
34960,3,0.999869
34970,3,0.999869
34980,3,0.999869
34990,5,0.999870
35000,5,0.999870
35010,5,0.999871
35020,5,0.999871
35030,2,0.999872
35040,3,0.999872
35050,5,0.999873
35060,5,0.999873
35070,6,0.999874
35080,6,0.999874
35090,7,0.999875
35100,6,0.999876
35110,2,0.999876
35120,6,0.999876
35130,7,0.999877
35140,7,0.999878
35150,2,0.999878
35160,5,0.999879
35170,7,0.999879
35180,7,0.999880
35190,3,0.999880
35200,9,0.999881
35210,8,0.999882
35220,5,0.999883
35230,6,0.999883
35240,8,0.999884
35250,9,0.999885
35260,7,0.999886
35270,5,0.999887
35280,6,0.999887
35290,5,0.999888
35300,5,0.999888
35310,10,0.999889
35320,4,0.999890
35330,7,0.999890
35340,7,0.999891
35350,4,0.999892
35360,4,0.999892
35370,5,0.999893
35380,5,0.999893
35390,2,0.999893
35400,5,0.999894
35410,3,0.999894
35420,11,0.999895
35430,9,0.999896
35440,7,0.999897
35450,7,0.999898
35460,3,0.999898
35470,6,0.999899
35480,10,0.999900
35490,8,0.999901
35500,3,0.999901
35510,6,0.999901
35520,11,0.999903
35530,2,0.999903
35540,9,0.999904
35550,3,0.999904
35560,6,0.999905
35570,1,0.999905
35580,6,0.999905
35590,4,0.999906
35600,3,0.999906
35610,3,0.999907
35620,7,0.999907
35630,5,0.999908
35640,2,0.999908
35650,4,0.999908
35660,5,0.999909
35670,2,0.999909
35680,2,0.999909
35690,5,0.999910
35700,6,0.999911
35710,6,0.999911
35720,5,0.999912
35730,2,0.999912
35740,10,0.999913
35750,4,0.999913
35760,1,0.999913
35770,6,0.999914
35780,3,0.999914
35790,2,0.999915
35800,3,0.999915
35810,2,0.999915
35820,3,0.999915
35830,5,0.999916
35840,1,0.999916
35850,2,0.999916
35860,1,0.999916
35870,2,0.999917
35880,4,0.999917
35890,3,0.999917
35900,1,0.999917
35920,1,0.999918
35930,1,0.999918
35940,2,0.999918
35960,3,0.999918
35980,1,0.999918
35990,1,0.999918
36000,2,0.999919
36010,4,0.999919
36020,2,0.999919
36030,4,0.999920
36060,2,0.999920
36100,2,0.999920
36110,5,0.999921
36120,1,0.999921
36150,2,0.999921
36180,1,0.999921
36190,1,0.999921
36240,2,0.999921
36250,3,0.999922
36260,4,0.999922
36270,1,0.999922
36280,1,0.999922
36300,2,0.999923
36310,2,0.999923
36320,2,0.999923
36330,3,0.999923
36340,3,0.999924
36350,4,0.999924
36360,1,0.999924
36370,3,0.999924
36380,5,0.999925
36400,4,0.999925
36410,2,0.999926
36420,6,0.999926
36430,5,0.999927
36440,6,0.999927
36450,6,0.999928
36460,3,0.999928
36470,4,0.999929
36480,3,0.999929
36490,6,0.999930
36500,5,0.999930
36510,3,0.999931
36520,3,0.999931
36530,2,0.999931
36540,2,0.999931
36550,5,0.999932
36560,8,0.999933
36570,1,0.999933
36580,3,0.999933
36590,3,0.999933
36600,5,0.999934
36610,3,0.999934
36630,1,0.999934
36640,3,0.999935
36650,1,0.999935
36660,3,0.999935
36670,3,0.999935
36680,3,0.999936
36690,1,0.999936
36700,2,0.999936
36710,2,0.999936
36720,1,0.999936
36750,1,0.999936
36760,3,0.999937
36790,2,0.999937
36800,4,0.999937
36810,2,0.999938
36820,2,0.999938
36830,2,0.999938
36850,4,0.999938
36870,3,0.999939
36880,2,0.999939
36900,1,0.999939
36910,1,0.999939
36920,2,0.999939
36940,2,0.999940
36970,2,0.999940
36980,1,0.999940
37070,1,0.999940
37100,2,0.999940
37150,2,0.999940
37170,3,0.999941
37180,2,0.999941
37190,1,0.999941
37200,3,0.999941
37230,2,0.999942
37240,1,0.999942
37250,1,0.999942
37260,1,0.999942
37280,1,0.999942
37310,2,0.999942
37320,2,0.999942
37340,2,0.999943
37390,1,0.999943
37400,2,0.999943
37410,3,0.999943
37420,1,0.999943
37430,2,0.999944
37440,1,0.999944
37450,1,0.999944
37460,1,0.999944
37470,2,0.999944
37480,2,0.999944
37490,1,0.999944
37500,2,0.999945
37510,2,0.999945
37520,3,0.999945
37530,2,0.999945
37540,3,0.999946
37550,4,0.999946
37560,1,0.999946
37590,2,0.999946
37610,2,0.999947
37630,1,0.999947
37640,1,0.999947
37650,3,0.999947
37660,3,0.999947
37670,2,0.999948
37680,1,0.999948
37690,1,0.999948
37700,1,0.999948
37710,3,0.999948
37720,1,0.999948
37730,1,0.999949
37740,2,0.999949
37760,1,0.999949
37780,2,0.999949
37790,2,0.999949
37800,2,0.999949
37810,4,0.999950
37820,1,0.999950
37830,5,0.999951
37840,6,0.999951
37850,2,0.999951
37860,4,0.999952
37870,1,0.999952
37880,1,0.999952
37890,5,0.999952
37900,1,0.999953
37910,7,0.999953
37920,4,0.999954
37930,2,0.999954
37940,2,0.999954
37950,4,0.999955
37960,7,0.999955
37970,2,0.999956
37980,1,0.999956
38000,4,0.999956
38010,5,0.999957
38020,3,0.999957
38030,4,0.999957
38040,3,0.999958
38050,3,0.999958
38060,3,0.999958
38070,10,0.999959
38080,3,0.999960
38090,6,0.999960
38100,5,0.999961
38110,9,0.999962
38120,4,0.999962
38130,2,0.999962
38140,3,0.999963
38150,2,0.999963
38160,2,0.999963
38170,3,0.999963
38180,3,0.999964
38190,1,0.999964
38200,1,0.999964
38210,5,0.999965
38220,5,0.999965
38230,6,0.999966
38240,1,0.999966
38250,4,0.999966
38270,1,0.999966
38280,8,0.999967
38290,4,0.999968
38300,13,0.999969
38310,5,0.999969
38320,2,0.999970
38330,5,0.999970
38340,7,0.999971
38350,6,0.999972
38360,2,0.999972
38370,6,0.999972
38380,3,0.999973
38390,2,0.999973
38410,3,0.999973
38420,2,0.999973
38440,1,0.999974
38450,3,0.999974
38460,2,0.999974
38470,7,0.999975
38480,2,0.999975
38490,2,0.999975
38500,2,0.999976
38510,3,0.999976
38520,1,0.999976
38530,1,0.999976
38540,2,0.999976
38550,3,0.999977
38560,3,0.999977
38570,1,0.999977
38580,1,0.999977
38590,2,0.999977
38600,2,0.999977
38610,2,0.999978
38620,2,0.999978
38630,1,0.999978
38640,1,0.999978
38660,2,0.999978
38670,1,0.999978
38690,2,0.999979
38720,4,0.999979
38760,1,0.999979
38810,2,0.999979
38820,2,0.999980
38830,1,0.999980
38850,1,0.999980
38870,1,0.999980
38910,2,0.999980
38970,1,0.999980
40290,2,0.999980
40300,1,0.999981
40310,1,0.999981
40320,2,0.999981
40340,1,0.999981
40350,2,0.999981
40370,2,0.999981
40380,1,0.999981
40400,1,0.999982
40410,2,0.999982
40440,2,0.999982
40460,1,0.999982
40480,2,0.999982
40490,1,0.999982
40510,1,0.999983
40550,3,0.999983
40580,2,0.999983
40590,1,0.999983
40660,1,0.999983
40670,2,0.999983
40680,1,0.999984
40710,1,0.999984
40720,1,0.999984
40730,1,0.999984
40740,1,0.999984
40750,1,0.999984
40760,2,0.999984
40780,1,0.999984
40790,1,0.999985
40800,1,0.999985
40810,1,0.999985
40830,1,0.999985
40850,1,0.999985
40860,1,0.999985
40870,1,0.999985
40890,1,0.999985
40900,1,0.999985
40910,2,0.999986
40920,1,0.999986
40950,4,0.999986
40990,1,0.999986
41000,2,0.999986
41050,1,0.999987
41060,1,0.999987
41090,2,0.999987
41120,2,0.999987
41130,1,0.999987
41140,2,0.999987
41170,1,0.999987
41190,1,0.999988
41200,1,0.999988
41230,1,0.999988
41250,1,0.999988
41320,1,0.999988
41350,1,0.999988
41380,1,0.999988
41510,2,0.999988
41570,1,0.999988
41620,1,0.999989
41660,1,0.999989
41710,1,0.999989
41720,1,0.999989
42050,1,0.999989
42180,1,0.999989
42210,2,0.999989
43520,2,0.999990
43540,1,0.999990
43560,1,0.999990
43620,3,0.999990
52080,1,0.999990
52160,1,0.999990
52200,1,0.999990
52310,1,0.999991
52330,1,0.999991
52350,1,0.999991
52370,1,0.999991
52530,1,0.999991
52580,1,0.999991
52590,1,0.999991
52620,1,0.999991
52650,1,0.999991
52660,2,0.999992
52680,1,0.999992
52720,3,0.999992
52730,1,0.999992
52740,1,0.999992
52750,1,0.999992
52760,1,0.999992
52790,1,0.999993
52820,1,0.999993
52830,1,0.999993
52840,1,0.999993
52880,1,0.999993
52890,1,0.999993
52910,1,0.999993
52940,1,0.999993
52950,1,0.999993
52980,1,0.999994
53010,1,0.999994
53050,1,0.999994
53070,1,0.999994
53110,1,0.999994
53130,1,0.999994
53150,1,0.999994
53170,1,0.999994
53200,1,0.999994
53210,1,0.999994
53220,1,0.999995
53230,3,0.999995
53240,1,0.999995
53260,1,0.999995
53270,3,0.999995
53280,2,0.999996
53290,1,0.999996
53300,1,0.999996
53330,2,0.999996
53340,3,0.999996
53350,1,0.999996
53360,3,0.999997
53390,2,0.999997
53410,3,0.999997
53430,2,0.999997
53440,2,0.999998
53460,2,0.999998
53470,2,0.999998
53480,1,0.999998
53540,1,0.999998
53600,1,0.999998
53630,1,0.999999
53640,1,0.999999
53650,1,0.999999
53660,1,0.999999
53710,2,0.999999
53720,2,0.999999
53730,1,0.999999
53750,1,0.999999
53760,1,1.000000
53810,2,1.000000
53820,1,1.000000
53860,1,1.000000
