#latency,cnt,cdf
0,611,0.000122
10,237,0.000170
20,130,0.000196
30,83,0.000212
40,56,0.000224
50,6875,0.001600
60,17978,0.005198
70,24336,0.010070
80,27920,0.015659
90,26180,0.020899
100,29069,0.026718
110,39352,0.034595
120,39286,0.042459
130,40292,0.050524
140,37404,0.058011
150,35697,0.065157
160,36251,0.072413
170,37424,0.079905
180,42925,0.088497
190,42187,0.096942
200,40804,0.105109
210,40536,0.113223
220,40894,0.121409
230,41149,0.129646
240,40567,0.137766
250,40743,0.145922
260,41503,0.154230
270,41017,0.162440
280,40429,0.170533
290,40835,0.178707
300,39772,0.186668
310,39762,0.194627
320,39611,0.202556
330,38980,0.210359
340,38965,0.218159
350,38130,0.225791
360,37992,0.233396
370,37586,0.240920
380,36724,0.248271
390,36239,0.255525
400,35728,0.262676
410,35772,0.269837
420,34835,0.276810
430,34318,0.283679
440,33836,0.290452
450,33102,0.297078
460,32680,0.303620
470,32212,0.310068
480,31952,0.316464
490,31527,0.322775
500,31048,0.328990
510,30853,0.335165
520,30136,0.341198
530,30084,0.347220
540,29379,0.353101
550,28837,0.358873
560,28619,0.364602
570,28304,0.370267
580,27953,0.375863
590,27501,0.381368
600,27362,0.386845
610,27191,0.392287
620,26941,0.397680
630,26503,0.402985
640,25981,0.408186
650,25879,0.413366
660,25675,0.418506
670,25269,0.423564
680,25123,0.428593
690,24506,0.433498
700,24431,0.438388
710,24510,0.443295
720,24200,0.448139
730,23823,0.452908
740,23622,0.457636
750,23305,0.462301
760,23229,0.466951
770,23094,0.471574
780,23094,0.476196
790,22529,0.480706
800,22318,0.485173
810,22258,0.489629
820,21944,0.494021
830,21729,0.498371
840,21609,0.502696
850,21486,0.506997
860,21114,0.511224
870,21151,0.515457
880,21012,0.519663
890,20840,0.523835
900,20519,0.527942
910,20105,0.531967
920,19893,0.535949
930,19802,0.539913
940,19280,0.543772
950,19372,0.547650
960,19151,0.551483
970,19143,0.555315
980,18970,0.559112
990,18701,0.562856
1000,18570,0.566573
1010,18328,0.570241
1020,18359,0.573916
1030,18024,0.577524
1040,17923,0.581112
1050,17713,0.584658
1060,17777,0.588216
1070,17454,0.591710
1080,17456,0.595204
1090,17202,0.598647
1100,17267,0.602104
1110,16958,0.605498
1120,16628,0.608827
1130,16578,0.612145
1140,16508,0.615450
1150,16455,0.618743
1160,16188,0.621984
1170,16291,0.625245
1180,15892,0.628426
1190,15856,0.631600
1200,15695,0.634741
1210,15836,0.637911
1220,15576,0.641029
1230,15456,0.644123
1240,15155,0.647157
1250,15187,0.650197
1260,15083,0.653216
1270,15124,0.656243
1280,14913,0.659228
1290,14813,0.662194
1300,14627,0.665121
1310,14581,0.668040
1320,14518,0.670946
1330,14265,0.673802
1340,14000,0.676604
1350,14112,0.679429
1360,13964,0.682224
1370,13695,0.684965
1380,13534,0.687675
1390,13536,0.690384
1400,13634,0.693113
1410,13067,0.695729
1420,12917,0.698314
1430,12904,0.700897
1440,12795,0.703459
1450,12449,0.705951
1460,12400,0.708433
1470,12068,0.710848
1480,12096,0.713270
1490,11800,0.715632
1500,11733,0.717980
1510,11530,0.720288
1520,11460,0.722582
1530,11237,0.724831
1540,11362,0.727106
1550,10986,0.729305
1560,10856,0.731478
1570,10835,0.733647
1580,10414,0.735731
1590,10395,0.737812
1600,10374,0.739889
1610,10273,0.741945
1620,10132,0.743973
1630,9930,0.745961
1640,9940,0.747951
1650,9782,0.749909
1660,9611,0.751833
1670,9659,0.753766
1680,9447,0.755657
1690,9312,0.757521
1700,9363,0.759395
1710,9222,0.761241
1720,9116,0.763066
1730,9001,0.764868
1740,8959,0.766661
1750,8785,0.768420
1760,8812,0.770183
1770,8641,0.771913
1780,8647,0.773644
1790,8428,0.775331
1800,8364,0.777005
1810,8293,0.778665
1820,8142,0.780295
1830,8115,0.781919
1840,8395,0.783600
1850,8063,0.785214
1860,7954,0.786806
1870,8049,0.788417
1880,7838,0.789986
1890,7832,0.791554
1900,7792,0.793114
1910,7488,0.794613
1920,7449,0.796104
1930,7437,0.797592
1940,7433,0.799080
1950,7261,0.800534
1960,7306,0.801996
1970,7371,0.803472
1980,7155,0.804904
1990,7144,0.806334
2000,7010,0.807737
2010,6997,0.809138
2020,7096,0.810558
2030,6695,0.811898
2040,6847,0.813269
2050,6680,0.814606
2060,6577,0.815922
2070,6491,0.817222
2080,6490,0.818521
2090,6351,0.819792
2100,6359,0.821065
2110,6316,0.822329
2120,6224,0.823575
2130,6195,0.824815
2140,6023,0.826021
2150,6115,0.827245
2160,6025,0.828451
2170,5974,0.829647
2180,5918,0.830831
2190,5937,0.832020
2200,5789,0.833179
2210,5652,0.834310
2220,5682,0.835447
2230,5647,0.836578
2240,5605,0.837700
2250,5473,0.838795
2260,5479,0.839892
2270,5383,0.840969
2280,5393,0.842049
2290,5300,0.843110
2300,5284,0.844168
2310,5237,0.845216
2320,5358,0.846288
2330,5050,0.847299
2340,5039,0.848308
2350,5163,0.849341
2360,5025,0.850347
2370,5009,0.851350
2380,5061,0.852363
2390,5080,0.853380
2400,4899,0.854360
2410,4921,0.855345
2420,4839,0.856314
2430,4784,0.857272
2440,4782,0.858229
2450,4657,0.859161
2460,4618,0.860086
2470,4626,0.861012
2480,4594,0.861931
2490,4547,0.862841
2500,4566,0.863755
2510,4552,0.864666
2520,4547,0.865577
2530,4553,0.866488
2540,4398,0.867368
2550,4398,0.868249
2560,4362,0.869122
2570,4332,0.869989
2580,4329,0.870856
2590,4358,0.871728
2600,4284,0.872585
2610,4252,0.873437
2620,4276,0.874292
2630,4168,0.875127
2640,4221,0.875972
2650,4168,0.876806
2660,4110,0.877629
2670,4104,0.878450
2680,4021,0.879255
2690,4202,0.880096
2700,4154,0.880928
2710,4050,0.881738
2720,3976,0.882534
2730,3951,0.883325
2740,3931,0.884112
2750,3969,0.884907
2760,3832,0.885674
2770,3760,0.886426
2780,3744,0.887176
2790,3751,0.887927
2800,3684,0.888664
2810,3669,0.889398
2820,3698,0.890139
2830,3687,0.890877
2840,3611,0.891599
2850,3794,0.892359
2860,3810,0.893122
2870,3618,0.893846
2880,3723,0.894591
2890,3632,0.895318
2900,3631,0.896045
2910,3461,0.896738
2920,3548,0.897448
2930,3475,0.898143
2940,3408,0.898826
2950,3448,0.899516
2960,3356,0.900188
2970,3327,0.900854
2980,3346,0.901523
2990,3374,0.902199
3000,3325,0.902864
3010,3524,0.903570
3020,3289,0.904228
3030,3411,0.904911
3040,3361,0.905584
3050,3290,0.906242
3060,3319,0.906907
3070,3426,0.907592
3080,3232,0.908239
3090,3173,0.908874
3100,3178,0.909511
3110,3241,0.910159
3120,3177,0.910795
3130,3145,0.911425
3140,3167,0.912059
3150,3227,0.912705
3160,3200,0.913345
3170,3130,0.913972
3180,3062,0.914585
3190,3033,0.915192
3200,3106,0.915814
3210,3090,0.916432
3220,3021,0.917037
3230,3003,0.917638
3240,3104,0.918259
3250,3053,0.918870
3260,3013,0.919474
3270,3022,0.920078
3280,3003,0.920680
3290,2991,0.921278
3300,3103,0.921899
3310,3101,0.922520
3320,2896,0.923100
3330,3005,0.923701
3340,3065,0.924315
3350,2953,0.924906
3360,3025,0.925511
3370,3015,0.926115
3380,2949,0.926705
3390,2945,0.927295
3400,3020,0.927899
3410,2899,0.928480
3420,2928,0.929066
3430,2930,0.929652
3440,2987,0.930250
3450,3001,0.930851
3460,2941,0.931440
3470,2876,0.932015
3480,3003,0.932616
3490,2776,0.933172
3500,2849,0.933742
3510,2914,0.934326
3520,2871,0.934900
3530,2833,0.935467
3540,2788,0.936026
3550,2817,0.936589
3560,2735,0.937137
3570,2720,0.937681
3580,2828,0.938247
3590,2817,0.938811
3600,2741,0.939360
3610,2783,0.939917
3620,2774,0.940472
3630,2701,0.941013
3640,2783,0.941570
3650,2671,0.942105
3660,2760,0.942657
3670,2743,0.943206
3680,2676,0.943742
3690,2761,0.944295
3700,2530,0.944801
3710,2613,0.945324
3720,2569,0.945838
3730,2432,0.946325
3740,2497,0.946825
3750,2549,0.947335
3760,2433,0.947822
3770,2384,0.948299
3780,2367,0.948773
3790,2311,0.949236
3800,2333,0.949703
3810,2232,0.950150
3820,2282,0.950606
3830,2221,0.951051
3840,2107,0.951473
3850,2129,0.951899
3860,2145,0.952328
3870,2161,0.952761
3880,2052,0.953172
3890,2114,0.953595
3900,1997,0.953994
3910,1984,0.954392
3920,1912,0.954774
3930,1936,0.955162
3940,1912,0.955545
3950,1868,0.955918
3960,1769,0.956273
3970,1866,0.956646
3980,1787,0.957004
3990,1744,0.957353
4000,1698,0.957693
4010,1605,0.958014
4020,1665,0.958347
4030,1658,0.958679
4040,1618,0.959003
4050,1562,0.959316
4060,1585,0.959633
4070,1532,0.959940
4080,1561,0.960252
4090,1461,0.960545
4100,1499,0.960845
4110,1453,0.961136
4120,1370,0.961410
4130,1427,0.961695
4140,1450,0.961986
4150,1432,0.962272
4160,1427,0.962558
4170,1360,0.962830
4180,1385,0.963107
4190,1377,0.963383
4200,1321,0.963647
4210,1365,0.963921
4220,1342,0.964189
4230,1285,0.964447
4240,1277,0.964702
4250,1300,0.964962
4260,1246,0.965212
4270,1285,0.965469
4280,1304,0.965730
4290,1226,0.965976
4300,1234,0.966223
4310,1294,0.966482
4320,1217,0.966725
4330,1243,0.966974
4340,1183,0.967211
4350,1200,0.967451
4360,1199,0.967691
4370,1135,0.967918
4380,1203,0.968159
4390,1191,0.968397
4400,1245,0.968647
4410,1153,0.968877
4420,1120,0.969102
4430,1166,0.969335
4440,1180,0.969571
4450,1145,0.969800
4460,1045,0.970010
4470,1094,0.970229
4480,1085,0.970446
4490,1098,0.970666
4500,1026,0.970871
4510,1101,0.971091
4520,1063,0.971304
4530,1076,0.971519
4540,1041,0.971728
4550,1065,0.971941
4560,1066,0.972154
4570,1057,0.972366
4580,1019,0.972570
4590,1036,0.972777
4600,993,0.972976
4610,1026,0.973181
4620,1035,0.973389
4630,995,0.973588
4640,996,0.973787
4650,985,0.973984
4660,1072,0.974199
4670,957,0.974391
4680,997,0.974590
4690,933,0.974777
4700,951,0.974967
4710,919,0.975151
4720,977,0.975347
4730,948,0.975536
4740,886,0.975714
4750,898,0.975894
4760,940,0.976082
4770,852,0.976252
4780,914,0.976435
4790,921,0.976620
4800,894,0.976799
4810,853,0.976969
4820,914,0.977152
4830,841,0.977321
4840,812,0.977483
4850,812,0.977646
4860,848,0.977815
4870,925,0.978001
4880,848,0.978170
4890,790,0.978328
4900,813,0.978491
4910,804,0.978652
4920,782,0.978809
4930,760,0.978961
4940,782,0.979117
4950,783,0.979274
4960,764,0.979427
4970,727,0.979573
4980,777,0.979728
4990,740,0.979876
5000,755,0.980027
5010,682,0.980164
5020,744,0.980313
5030,704,0.980454
5040,614,0.980577
5050,705,0.980718
5060,714,0.980861
5070,718,0.981004
5080,764,0.981157
5090,682,0.981294
5100,636,0.981421
5110,660,0.981553
5120,723,0.981698
5130,647,0.981827
5140,633,0.981954
5150,655,0.982085
5160,659,0.982217
5170,657,0.982349
5180,621,0.982473
5190,627,0.982599
5200,643,0.982727
5210,663,0.982860
5220,612,0.982982
5230,642,0.983111
5240,634,0.983238
5250,687,0.983375
5260,599,0.983495
5270,589,0.983613
5280,623,0.983738
5290,630,0.983864
5300,606,0.983985
5310,571,0.984100
5320,582,0.984216
5330,573,0.984331
5340,596,0.984450
5350,539,0.984558
5360,571,0.984672
5370,565,0.984785
5380,568,0.984899
5390,548,0.985009
5400,532,0.985115
5410,554,0.985226
5420,568,0.985340
5430,534,0.985447
5440,494,0.985546
5450,560,0.985658
5460,575,0.985773
5470,519,0.985877
5480,504,0.985978
5490,513,0.986080
5500,508,0.986182
5510,569,0.986296
5520,503,0.986397
5530,543,0.986505
5540,532,0.986612
5550,531,0.986718
5560,504,0.986819
5570,495,0.986918
5580,490,0.987016
5590,505,0.987117
5600,500,0.987217
5610,496,0.987317
5620,492,0.987415
5630,482,0.987512
5640,466,0.987605
5650,455,0.987696
5660,467,0.987789
5670,491,0.987888
5680,467,0.987981
5690,433,0.988068
5700,462,0.988160
5710,475,0.988255
5720,459,0.988347
5730,436,0.988434
5740,439,0.988522
5750,428,0.988608
5760,392,0.988687
5770,453,0.988777
5780,437,0.988865
5790,456,0.988956
5800,437,0.989043
5810,430,0.989129
5820,424,0.989214
5830,417,0.989298
5840,419,0.989382
5850,424,0.989467
5860,392,0.989545
5870,428,0.989631
5880,367,0.989704
5890,385,0.989781
5900,384,0.989858
5910,411,0.989940
5920,348,0.990010
5930,383,0.990087
5940,369,0.990161
5950,425,0.990246
5960,400,0.990326
5970,366,0.990399
5980,420,0.990483
5990,368,0.990557
6000,380,0.990633
6010,379,0.990709
6020,377,0.990784
6030,359,0.990856
6040,345,0.990925
6050,412,0.991008
6060,337,0.991075
6070,345,0.991144
6080,378,0.991220
6090,356,0.991291
6100,339,0.991359
6110,304,0.991420
6120,327,0.991485
6130,322,0.991550
6140,332,0.991616
6150,348,0.991686
6160,346,0.991755
6170,279,0.991811
6180,345,0.991880
6190,341,0.991948
6200,277,0.992004
6210,295,0.992063
6220,346,0.992132
6230,291,0.992190
6240,299,0.992250
6250,311,0.992312
6260,281,0.992368
6270,291,0.992427
6280,315,0.992490
6290,302,0.992550
6300,309,0.992612
6310,262,0.992665
6320,316,0.992728
6330,288,0.992785
6340,274,0.992840
6350,270,0.992894
6360,280,0.992950
6370,249,0.993000
6380,270,0.993054
6390,269,0.993108
6400,292,0.993167
6410,283,0.993223
6420,300,0.993283
6430,260,0.993335
6440,267,0.993389
6450,277,0.993444
6460,286,0.993501
6470,296,0.993561
6480,291,0.993619
6490,286,0.993676
6500,240,0.993724
6510,266,0.993777
6520,267,0.993831
6530,266,0.993884
6540,268,0.993938
6550,275,0.993993
6560,266,0.994046
6570,233,0.994093
6580,260,0.994145
6590,248,0.994194
6600,253,0.994245
6610,261,0.994297
6620,262,0.994350
6630,218,0.994393
6640,248,0.994443
6650,241,0.994491
6660,245,0.994540
6670,241,0.994589
6680,219,0.994632
6690,221,0.994677
6700,202,0.994717
6710,235,0.994764
6720,221,0.994808
6730,219,0.994852
6740,223,0.994897
6750,207,0.994938
6760,212,0.994981
6770,204,0.995022
6780,183,0.995058
6790,198,0.995098
6800,209,0.995140
6810,212,0.995182
6820,212,0.995225
6830,223,0.995269
6840,183,0.995306
6850,180,0.995342
6860,213,0.995384
6870,184,0.995421
6880,188,0.995459
6890,185,0.995496
6900,167,0.995529
6910,191,0.995568
6920,174,0.995602
6930,196,0.995642
6940,198,0.995681
6950,177,0.995717
6960,188,0.995754
6970,202,0.995795
6980,189,0.995833
6990,179,0.995868
7000,187,0.995906
7010,183,0.995943
7020,193,0.995981
7030,188,0.996019
7040,167,0.996052
7050,158,0.996084
7060,187,0.996121
7070,185,0.996158
7080,173,0.996193
7090,152,0.996223
7100,189,0.996261
7110,157,0.996293
7120,163,0.996325
7130,173,0.996360
7140,173,0.996395
7150,169,0.996428
7160,172,0.996463
7170,144,0.996492
7180,174,0.996526
7190,147,0.996556
7200,128,0.996581
7210,147,0.996611
7220,143,0.996640
7230,136,0.996667
7240,131,0.996693
7250,131,0.996719
7260,158,0.996751
7270,125,0.996776
7280,125,0.996801
7290,158,0.996832
7300,145,0.996862
7310,139,0.996889
7320,141,0.996918
7330,120,0.996942
7340,124,0.996966
7350,125,0.996991
7360,137,0.997019
7370,138,0.997046
7380,121,0.997071
7390,114,0.997093
7400,131,0.997120
7410,151,0.997150
7420,138,0.997178
7430,116,0.997201
7440,133,0.997227
7450,111,0.997250
7460,135,0.997277
7470,106,0.997298
7480,93,0.997316
7490,106,0.997338
7500,108,0.997359
7510,126,0.997385
7520,123,0.997409
7530,120,0.997433
7540,114,0.997456
7550,113,0.997479
7560,93,0.997497
7570,129,0.997523
7580,102,0.997544
7590,93,0.997562
7600,110,0.997584
7610,99,0.997604
7620,94,0.997623
7630,116,0.997646
7640,119,0.997670
7650,108,0.997691
7660,91,0.997710
7670,106,0.997731
7680,79,0.997747
7690,89,0.997764
7700,104,0.997785
7710,89,0.997803
7720,87,0.997821
7730,85,0.997838
7740,80,0.997854
7750,85,0.997871
7760,98,0.997890
7770,103,0.997911
7780,84,0.997928
7790,110,0.997950
7800,87,0.997967
7810,104,0.997988
7820,86,0.998005
7830,97,0.998025
7840,87,0.998042
7850,79,0.998058
7860,94,0.998077
7870,88,0.998094
7880,80,0.998110
7890,73,0.998125
7900,96,0.998144
7910,74,0.998159
7920,73,0.998173
7930,73,0.998188
7940,82,0.998204
7950,84,0.998221
7960,81,0.998237
7970,77,0.998253
7980,71,0.998267
7990,97,0.998287
8000,64,0.998299
8010,82,0.998316
8020,101,0.998336
8030,73,0.998351
8040,80,0.998367
8050,79,0.998382
8060,74,0.998397
8070,84,0.998414
8080,70,0.998428
8090,86,0.998445
8100,66,0.998459
8110,82,0.998475
8120,74,0.998490
8130,69,0.998504
8140,80,0.998520
8150,75,0.998535
8160,53,0.998545
8170,68,0.998559
8180,65,0.998572
8190,52,0.998582
8200,48,0.998592
8210,58,0.998603
8220,62,0.998616
8230,56,0.998627
8240,50,0.998637
8250,50,0.998647
8260,52,0.998657
8270,60,0.998669
8280,60,0.998681
8290,59,0.998693
8300,58,0.998705
8310,73,0.998720
8320,65,0.998733
8330,56,0.998744
8340,46,0.998753
8350,66,0.998766
8360,54,0.998777
8370,48,0.998787
8380,60,0.998799
8390,64,0.998811
8400,45,0.998820
8410,57,0.998832
8420,63,0.998844
8430,61,0.998857
8440,50,0.998867
8450,48,0.998876
8460,50,0.998886
8470,43,0.998895
8480,54,0.998906
8490,46,0.998915
8500,46,0.998924
8510,42,0.998932
8520,52,0.998943
8530,59,0.998955
8540,53,0.998965
8550,41,0.998974
8560,56,0.998985
8570,51,0.998995
8580,46,0.999004
8590,52,0.999015
8600,48,0.999024
8610,36,0.999031
8620,41,0.999040
8630,47,0.999049
8640,35,0.999056
8650,55,0.999067
8660,31,0.999073
8670,36,0.999080
8680,41,0.999089
8690,32,0.999095
8700,42,0.999103
8710,41,0.999112
8720,51,0.999122
8730,44,0.999131
8740,46,0.999140
8750,34,0.999147
8760,34,0.999153
8770,48,0.999163
8780,29,0.999169
8790,49,0.999179
8800,40,0.999187
8810,34,0.999193
8820,46,0.999203
8830,33,0.999209
8840,35,0.999216
8850,31,0.999223
8860,34,0.999229
8870,35,0.999236
8880,26,0.999242
8890,21,0.999246
8900,38,0.999253
8910,32,0.999260
8920,26,0.999265
8930,22,0.999269
8940,33,0.999276
8950,30,0.999282
8960,29,0.999288
8970,31,0.999294
8980,31,0.999300
8990,31,0.999306
9000,31,0.999313
9010,31,0.999319
9020,32,0.999325
9030,19,0.999329
9040,30,0.999335
9050,27,0.999340
9060,25,0.999345
9070,38,0.999353
9080,23,0.999358
9090,37,0.999365
9100,15,0.999368
9110,22,0.999372
9120,29,0.999378
9130,22,0.999383
9140,20,0.999387
9150,19,0.999390
9160,27,0.999396
9170,36,0.999403
9180,23,0.999408
9190,28,0.999413
9200,21,0.999417
9210,30,0.999424
9220,27,0.999429
9230,29,0.999435
9240,27,0.999440
9250,30,0.999446
9260,27,0.999452
9270,27,0.999457
9280,28,0.999463
9290,30,0.999469
9300,23,0.999473
9310,17,0.999477
9320,28,0.999482
9330,28,0.999488
9340,25,0.999493
9350,20,0.999497
9360,24,0.999502
9370,23,0.999506
9380,24,0.999511
9390,20,0.999515
9400,24,0.999520
9410,23,0.999524
9420,30,0.999530
9430,23,0.999535
9440,15,0.999538
9450,15,0.999541
9460,22,0.999545
9470,17,0.999549
9480,18,0.999552
9490,16,0.999556
9500,14,0.999558
9510,17,0.999562
9520,16,0.999565
9530,18,0.999569
9540,22,0.999573
9550,16,0.999576
9560,20,0.999580
9570,10,0.999582
9580,19,0.999586
9590,23,0.999591
9600,16,0.999594
9610,24,0.999599
9620,14,0.999601
9630,24,0.999606
9640,14,0.999609
9650,8,0.999611
9660,17,0.999614
9670,22,0.999618
9680,22,0.999623
9690,11,0.999625
9700,24,0.999630
9710,14,0.999633
9720,16,0.999636
9730,15,0.999639
9740,10,0.999641
9750,19,0.999645
9760,14,0.999647
9770,20,0.999651
9780,18,0.999655
9790,17,0.999659
9800,11,0.999661
9810,22,0.999665
9820,12,0.999668
9830,12,0.999670
9840,17,0.999673
9850,18,0.999677
9860,19,0.999681
9870,10,0.999683
9880,9,0.999685
9890,15,0.999688
9900,12,0.999690
9910,17,0.999693
9920,16,0.999697
9930,13,0.999699
9940,16,0.999702
9950,7,0.999704
9960,18,0.999707
9970,11,0.999710
9980,13,0.999712
9990,13,0.999715
10000,14,0.999718
10010,15,0.999721
10020,9,0.999722
10030,10,0.999724
10040,10,0.999726
10050,14,0.999729
10060,8,0.999731
10070,15,0.999734
10080,9,0.999736
10090,16,0.999739
10100,5,0.999740
10110,9,0.999742
10120,11,0.999744
10130,17,0.999747
10140,14,0.999750
10150,9,0.999752
10160,16,0.999755
10170,14,0.999758
10180,8,0.999759
10190,7,0.999761
10200,11,0.999763
10210,8,0.999765
10220,13,0.999767
10230,10,0.999769
10240,8,0.999771
10250,11,0.999773
10260,13,0.999776
10270,7,0.999777
10280,5,0.999778
10290,11,0.999780
10300,7,0.999782
10310,13,0.999784
10320,13,0.999787
10330,10,0.999789
10340,5,0.999790
10350,7,0.999791
10360,9,0.999793
10370,9,0.999795
10380,13,0.999797
10390,5,0.999798
10400,11,0.999801
10410,9,0.999802
10420,7,0.999804
10430,11,0.999806
10440,15,0.999809
10450,9,0.999811
10460,6,0.999812
10470,14,0.999815
10480,10,0.999817
10490,9,0.999819
10500,6,0.999820
10510,12,0.999822
10520,13,0.999825
10530,7,0.999826
10540,5,0.999827
10550,14,0.999830
10560,2,0.999830
10570,9,0.999832
10580,5,0.999833
10590,7,0.999835
10600,8,0.999836
10610,12,0.999839
10620,11,0.999841
10630,5,0.999842
10640,8,0.999843
10650,8,0.999845
10660,10,0.999847
10670,11,0.999849
10680,6,0.999850
10690,10,0.999852
10700,8,0.999854
10710,10,0.999856
10720,3,0.999857
10730,6,0.999858
10740,2,0.999858
10750,11,0.999860
10760,5,0.999861
10770,7,0.999863
10780,5,0.999864
10790,5,0.999865
10800,6,0.999866
10810,8,0.999868
10820,6,0.999869
10840,9,0.999871
10850,7,0.999872
10860,5,0.999873
10870,11,0.999875
10880,10,0.999877
10890,7,0.999879
10900,4,0.999879
10910,6,0.999881
10920,8,0.999882
10930,8,0.999884
10940,3,0.999884
10950,4,0.999885
10960,9,0.999887
10970,6,0.999888
10980,5,0.999889
10990,2,0.999890
11000,4,0.999891
11010,4,0.999891
11020,4,0.999892
11030,3,0.999893
11040,3,0.999893
11050,9,0.999895
11060,5,0.999896
11070,3,0.999897
11080,3,0.999897
11090,6,0.999898
11100,5,0.999900
11110,3,0.999900
11120,6,0.999901
11130,5,0.999902
11140,5,0.999903
11150,5,0.999904
11160,3,0.999905
11170,2,0.999905
11180,4,0.999906
11190,7,0.999907
11200,7,0.999909
11220,3,0.999910
11230,2,0.999910
11240,2,0.999910
11250,2,0.999911
11260,5,0.999912
11270,8,0.999913
11280,7,0.999915
11290,7,0.999916
11300,2,0.999917
11310,5,0.999918
11320,8,0.999919
11330,5,0.999920
11340,5,0.999921
11350,3,0.999922
11360,1,0.999922
11370,4,0.999923
11380,2,0.999923
11390,3,0.999924
11400,3,0.999924
11410,3,0.999925
11420,4,0.999926
11440,1,0.999926
11450,3,0.999927
11460,2,0.999927
11470,1,0.999927
11480,4,0.999928
11490,2,0.999928
11510,4,0.999929
11520,1,0.999929
11530,6,0.999931
11540,3,0.999931
11550,1,0.999931
11560,3,0.999932
11570,7,0.999933
11580,2,0.999934
11590,5,0.999935
11600,2,0.999935
11610,7,0.999937
11620,2,0.999937
11630,2,0.999937
11640,1,0.999938
11650,4,0.999938
11660,2,0.999939
11670,2,0.999939
11680,1,0.999939
11690,4,0.999940
11700,3,0.999941
11710,1,0.999941
11720,2,0.999941
11730,1,0.999942
11760,2,0.999942
11770,4,0.999943
11780,1,0.999943
11790,2,0.999943
11800,1,0.999944
11810,4,0.999944
11830,1,0.999945
11840,2,0.999945
11850,3,0.999946
11860,1,0.999946
11870,2,0.999946
11880,4,0.999947
11890,6,0.999948
11900,3,0.999949
11910,3,0.999949
11920,4,0.999950
11930,5,0.999951
11940,3,0.999952
11950,5,0.999953
11960,1,0.999953
11970,3,0.999954
11980,3,0.999954
11990,3,0.999955
12000,2,0.999955
12010,3,0.999956
12020,3,0.999956
12030,3,0.999957
12040,1,0.999957
12050,1,0.999957
12060,4,0.999958
12070,2,0.999959
12080,1,0.999959
12100,3,0.999959
12110,2,0.999960
12120,2,0.999960
12130,1,0.999960
12140,2,0.999961
12150,1,0.999961
12160,1,0.999961
12170,1,0.999961
12180,2,0.999962
12190,4,0.999963
12200,1,0.999963
12220,2,0.999963
12240,1,0.999963
12250,1,0.999964
12280,1,0.999964
12300,2,0.999964
12310,1,0.999964
12320,1,0.999965
12350,1,0.999965
12380,1,0.999965
12390,1,0.999965
12400,2,0.999966
12410,1,0.999966
12420,2,0.999966
12450,2,0.999967
12460,1,0.999967
12480,1,0.999967
12490,1,0.999967
12500,1,0.999967
12510,1,0.999968
12530,2,0.999968
12550,1,0.999968
12560,1,0.999968
12570,1,0.999969
12590,1,0.999969
12600,2,0.999969
12610,1,0.999969
12620,2,0.999970
12630,1,0.999970
12640,1,0.999970
12650,2,0.999971
12660,1,0.999971
12670,1,0.999971
12680,4,0.999972
12690,1,0.999972
12710,2,0.999972
12730,2,0.999973
12740,1,0.999973
12760,2,0.999973
12780,2,0.999974
12790,1,0.999974
12800,2,0.999974
12820,2,0.999975
12830,1,0.999975
12850,1,0.999975
12860,1,0.999975
12910,1,0.999976
12920,1,0.999976
12930,2,0.999976
12960,1,0.999976
12980,2,0.999977
12990,1,0.999977
13020,1,0.999977
13030,2,0.999978
13070,2,0.999978
13080,3,0.999979
13100,3,0.999979
13120,3,0.999980
13140,2,0.999980
13150,1,0.999980
13160,1,0.999981
13170,2,0.999981
13190,1,0.999981
13230,2,0.999982
13240,2,0.999982
13260,1,0.999982
13310,1,0.999982
13320,1,0.999983
13330,1,0.999983
13350,1,0.999983
13360,2,0.999983
13380,1,0.999984
13400,1,0.999984
13410,1,0.999984
13450,3,0.999985
13470,1,0.999985
13480,1,0.999985
13490,1,0.999985
13500,2,0.999986
13510,1,0.999986
13530,1,0.999986
13550,1,0.999986
13590,2,0.999987
13640,1,0.999987
13650,1,0.999987
13660,2,0.999987
13670,2,0.999988
13680,1,0.999988
13690,1,0.999988
13700,1,0.999988
13720,1,0.999989
13740,1,0.999989
13760,1,0.999989
13800,1,0.999989
13830,2,0.999990
13850,1,0.999990
13870,1,0.999990
13960,1,0.999990
13970,1,0.999990
13980,1,0.999991
14110,1,0.999991
14130,1,0.999991
14170,1,0.999991
14210,1,0.999991
14260,1,0.999992
14280,3,0.999992
14320,2,0.999993
14410,2,0.999993
14460,1,0.999993
14480,1,0.999993
14510,1,0.999994
14530,3,0.999994
14640,1,0.999994
14670,2,0.999995
14690,1,0.999995
14730,1,0.999995
14800,1,0.999995
14820,1,0.999996
14860,1,0.999996
14890,1,0.999996
14900,1,0.999996
14910,1,0.999996
15000,1,0.999997
15010,1,0.999997
15220,1,0.999997
15230,1,0.999997
15320,1,0.999997
15350,1,0.999998
15680,1,0.999998
15710,1,0.999998
15720,1,0.999998
15870,1,0.999998
15880,1,0.999999
15990,1,0.999999
16140,1,0.999999
16190,1,0.999999
16280,1,0.999999
16540,1,1.000000
16690,1,1.000000
16950,1,1.000000
