#latency,cnt,cdf
0,10108,0.002022
10,4,0.002022
20,11,0.002025
30,2382,0.002501
40,20,0.002505
50,5175,0.003540
60,652535,0.134045
70,15468,0.137138
80,607491,0.258634
90,10202,0.260675
100,798913,0.420455
110,502385,0.520930
120,161009,0.553131
130,766495,0.706428
140,23172,0.711062
150,59231,0.722908
160,4554,0.723819
170,202916,0.764401
180,507724,0.865944
190,374123,0.940768
200,55629,0.951893
210,5057,0.952905
220,4394,0.953783
230,173235,0.988430
240,30520,0.994534
250,1917,0.994917
260,1709,0.995259
270,2848,0.995828
280,674,0.995963
290,3002,0.996564
300,1317,0.996827
310,1420,0.997111
320,1630,0.997437
330,2418,0.997921
340,151,0.997951
350,204,0.997992
360,108,0.998013
370,197,0.998053
380,1700,0.998393
390,94,0.998411
400,78,0.998427
410,97,0.998446
420,74,0.998461
430,79,0.998477
440,78,0.998493
450,80,0.998509
460,64,0.998521
470,83,0.998538
480,72,0.998552
490,79,0.998568
500,80,0.998584
510,77,0.998600
520,80,0.998616
530,87,0.998633
540,83,0.998650
550,90,0.998668
560,78,0.998683
570,80,0.998699
580,97,0.998719
590,96,0.998738
600,76,0.998753
610,76,0.998768
620,61,0.998780
630,73,0.998795
640,74,0.998810
650,65,0.998823
660,54,0.998834
670,58,0.998845
680,65,0.998858
690,72,0.998873
700,52,0.998883
710,61,0.998895
720,52,0.998906
730,61,0.998918
740,66,0.998931
750,43,0.998940
760,56,0.998951
770,52,0.998961
780,55,0.998972
790,45,0.998981
800,50,0.998991
810,48,0.999001
820,42,0.999009
830,49,0.999019
840,52,0.999029
850,53,0.999040
860,50,0.999050
870,58,0.999062
880,61,0.999074
890,54,0.999085
900,52,0.999095
910,52,0.999105
920,53,0.999116
930,52,0.999126
940,46,0.999136
950,43,0.999144
960,40,0.999152
970,52,0.999163
980,49,0.999172
990,48,0.999182
1000,50,0.999192
1010,60,0.999204
1020,46,0.999213
1030,34,0.999220
1040,38,0.999228
1050,32,0.999234
1060,44,0.999243
1070,47,0.999252
1080,36,0.999259
1090,39,0.999267
1100,15,0.999270
1110,32,0.999277
1120,27,0.999282
1130,35,0.999289
1140,30,0.999295
1150,24,0.999300
1160,23,0.999304
1170,18,0.999308
1180,21,0.999312
1190,20,0.999316
1200,22,0.999321
1210,20,0.999325
1220,10,0.999327
1230,17,0.999330
1240,15,0.999333
1250,19,0.999337
1260,14,0.999340
1270,9,0.999341
1280,17,0.999345
1290,21,0.999349
1300,14,0.999352
1310,10,0.999354
1320,14,0.999357
1330,16,0.999360
1340,10,0.999362
1350,17,0.999365
1360,8,0.999367
1370,7,0.999368
1380,11,0.999370
1390,13,0.999373
1400,17,0.999376
1410,19,0.999380
1420,16,0.999383
1430,17,0.999387
1440,12,0.999389
1450,11,0.999391
1460,18,0.999395
1470,13,0.999398
1480,15,0.999401
1490,14,0.999403
1500,17,0.999407
1510,7,0.999408
1520,7,0.999410
1530,15,0.999413
1540,19,0.999416
1550,7,0.999418
1560,4,0.999419
1570,10,0.999421
1580,11,0.999423
1590,9,0.999425
1600,15,0.999428
1610,13,0.999430
1620,10,0.999432
1630,16,0.999435
1640,11,0.999438
1650,9,0.999439
1660,12,0.999442
1670,15,0.999445
1680,7,0.999446
1690,12,0.999449
1700,14,0.999451
1710,13,0.999454
1720,11,0.999456
1730,6,0.999457
1740,12,0.999460
1750,14,0.999463
1760,8,0.999464
1770,16,0.999467
1780,22,0.999472
1790,25,0.999477
1800,37,0.999484
1810,37,0.999492
1820,29,0.999497
1830,32,0.999504
1840,27,0.999509
1850,17,0.999513
1860,15,0.999516
1870,13,0.999518
1880,9,0.999520
1890,17,0.999523
1900,12,0.999526
1910,20,0.999530
1920,17,0.999533
1930,11,0.999535
1940,19,0.999539
1950,27,0.999545
1960,22,0.999549
1970,9,0.999551
1980,17,0.999554
1990,23,0.999559
2000,14,0.999562
2010,13,0.999564
2020,10,0.999566
2030,8,0.999568
2040,9,0.999570
2050,9,0.999571
2060,11,0.999574
2070,11,0.999576
2080,14,0.999579
2090,12,0.999581
2100,7,0.999582
2110,12,0.999585
2120,11,0.999587
2130,10,0.999589
2140,16,0.999592
2150,8,0.999594
2160,14,0.999597
2170,10,0.999599
2180,13,0.999601
2190,8,0.999603
2200,12,0.999605
2210,13,0.999608
2220,11,0.999610
2230,12,0.999612
2240,15,0.999615
2250,10,0.999617
2260,12,0.999620
2270,20,0.999624
2280,16,0.999627
2290,13,0.999630
2300,21,0.999634
2310,10,0.999636
2320,21,0.999640
2330,13,0.999643
2340,16,0.999646
2350,20,0.999650
2360,14,0.999653
2370,12,0.999655
2380,16,0.999658
2390,10,0.999660
2400,19,0.999664
2410,14,0.999667
2420,13,0.999669
2430,15,0.999672
2440,11,0.999675
2450,22,0.999679
2460,10,0.999681
2470,16,0.999684
2480,13,0.999687
2490,14,0.999690
2500,15,0.999693
2510,10,0.999695
2520,21,0.999699
2530,14,0.999702
2540,11,0.999704
2550,11,0.999706
2560,14,0.999709
2570,14,0.999712
2580,14,0.999714
2590,19,0.999718
2600,17,0.999722
2610,14,0.999724
2620,10,0.999726
2630,9,0.999728
2640,10,0.999730
2650,12,0.999733
2660,12,0.999735
2670,10,0.999737
2680,5,0.999738
2690,11,0.999740
2700,17,0.999744
2710,10,0.999746
2720,12,0.999748
2730,5,0.999749
2740,14,0.999752
2750,8,0.999753
2760,9,0.999755
2770,9,0.999757
2780,15,0.999760
2790,16,0.999763
2800,8,0.999765
2810,17,0.999768
2820,12,0.999771
2830,20,0.999775
2840,9,0.999776
2850,10,0.999778
2860,11,0.999781
2870,16,0.999784
2880,9,0.999786
2890,13,0.999788
2900,11,0.999790
2910,13,0.999793
2920,12,0.999795
2930,12,0.999798
2940,10,0.999800
2950,16,0.999803
2960,11,0.999805
2970,15,0.999808
2980,10,0.999810
2990,19,0.999814
3000,17,0.999817
3010,16,0.999821
3020,12,0.999823
3030,6,0.999824
3040,16,0.999827
3050,13,0.999830
3060,16,0.999833
3070,16,0.999836
3080,15,0.999839
3090,10,0.999841
3100,14,0.999844
3110,15,0.999847
3120,10,0.999849
3130,3,0.999850
3140,13,0.999852
3150,14,0.999855
3160,11,0.999857
3170,12,0.999860
3180,11,0.999862
3190,10,0.999864
3200,10,0.999866
3210,11,0.999868
3220,13,0.999871
3230,6,0.999872
3240,18,0.999876
3250,9,0.999877
3260,15,0.999880
3270,11,0.999883
3280,10,0.999885
3290,12,0.999887
3300,8,0.999889
3310,13,0.999891
3320,7,0.999893
3330,11,0.999895
3340,9,0.999897
3350,8,0.999898
3360,11,0.999900
3370,10,0.999902
3380,8,0.999904
3390,15,0.999907
3400,8,0.999909
3410,6,0.999910
3420,3,0.999910
3430,8,0.999912
3440,7,0.999913
3450,10,0.999915
3460,9,0.999917
3470,5,0.999918
3480,7,0.999920
3490,8,0.999921
3500,4,0.999922
3510,8,0.999924
3520,6,0.999925
3530,7,0.999926
3540,9,0.999928
3550,7,0.999929
3560,7,0.999931
3570,7,0.999932
3580,5,0.999933
3590,5,0.999934
3600,9,0.999936
3610,11,0.999938
3620,9,0.999940
3630,9,0.999942
3640,9,0.999944
3650,5,0.999945
3660,6,0.999946
3670,9,0.999948
3680,8,0.999949
3690,10,0.999951
3700,2,0.999952
3710,2,0.999952
3720,2,0.999952
3730,4,0.999953
3740,8,0.999955
3750,5,0.999956
3760,2,0.999956
3770,2,0.999957
3780,2,0.999957
3790,6,0.999958
3800,2,0.999959
3810,3,0.999959
3820,1,0.999959
3830,2,0.999960
3840,1,0.999960
3850,2,0.999960
3860,1,0.999961
3870,1,0.999961
3880,5,0.999962
3890,4,0.999963
3900,3,0.999963
3910,3,0.999964
3920,2,0.999964
3930,1,0.999964
3940,2,0.999965
3950,2,0.999965
3970,4,0.999966
3980,1,0.999966
3990,2,0.999967
4000,1,0.999967
4020,1,0.999967
4030,2,0.999967
4040,2,0.999968
4050,3,0.999968
4060,2,0.999969
4070,1,0.999969
4100,1,0.999969
4110,2,0.999970
4140,1,0.999970
4150,1,0.999970
4170,2,0.999970
4180,1,0.999971
4190,1,0.999971
4210,1,0.999971
4270,1,0.999971
4290,2,0.999972
4310,4,0.999972
4330,1,0.999973
4350,7,0.999974
4360,2,0.999974
4370,1,0.999975
4380,1,0.999975
4390,1,0.999975
4430,1,0.999975
4450,1,0.999975
4480,2,0.999976
4500,1,0.999976
4510,1,0.999976
4540,1,0.999976
4550,1,0.999977
4560,1,0.999977
4580,1,0.999977
4590,3,0.999978
4600,1,0.999978
4610,4,0.999979
4620,1,0.999979
4630,2,0.999979
4640,2,0.999980
4650,2,0.999980
4660,1,0.999980
4670,1,0.999980
4680,5,0.999981
4690,2,0.999982
4710,2,0.999982
4730,2,0.999983
4750,1,0.999983
4760,1,0.999983
4770,4,0.999984
4780,3,0.999984
4790,5,0.999985
4800,1,0.999986
4810,2,0.999986
4820,1,0.999986
4830,4,0.999987
4840,3,0.999988
4850,3,0.999988
4860,1,0.999988
4870,5,0.999989
4880,2,0.999990
4890,1,0.999990
4900,5,0.999991
4910,2,0.999991
4920,1,0.999992
4930,2,0.999992
4940,2,0.999992
4950,2,0.999993
4960,4,0.999994
4970,1,0.999994
4980,1,0.999994
5000,1,0.999994
5010,2,0.999995
5020,1,0.999995
5030,1,0.999995
5050,1,0.999995
5060,2,0.999996
5070,1,0.999996
5090,1,0.999996
5100,1,0.999996
5120,1,0.999996
5140,1,0.999997
5150,1,0.999997
5180,1,0.999997
5190,1,0.999997
5200,1,0.999997
5220,1,0.999998
5240,1,0.999998
5280,1,0.999998
5410,1,0.999998
5480,1,0.999998
5500,1,0.999999
5540,1,0.999999
5750,1,0.999999
5830,1,0.999999
5920,1,0.999999
6610,1,1.000000
6620,1,1.000000
9310,1,1.000000
