#latency,cnt,cdf
0,1728800,0.181971
10,1103,0.182087
20,718,0.182163
30,33897,0.185730
40,260,0.185758
50,39983,0.189966
60,1829024,0.382487
70,79073,0.390810
80,1713980,0.571221
90,23946,0.573741
100,406723,0.616552
110,966365,0.718270
120,721154,0.794178
130,303172,0.826089
140,21212,0.828322
150,1575,0.828488
160,8618,0.829395
170,465940,0.878439
180,217906,0.901376
190,474158,0.951285
200,3453,0.951648
210,813,0.951734
220,7416,0.952514
230,435445,0.998349
240,7687,0.999158
250,539,0.999215
260,271,0.999243
270,183,0.999262
280,168,0.999280
290,136,0.999294
300,190,0.999314
310,98,0.999325
320,92,0.999334
330,100,0.999345
340,73,0.999353
350,82,0.999361
360,65,0.999368
370,64,0.999375
380,84,0.999384
390,55,0.999389
400,59,0.999396
410,53,0.999401
420,54,0.999407
430,65,0.999414
440,56,0.999420
450,64,0.999426
460,56,0.999432
470,43,0.999437
480,45,0.999442
490,46,0.999446
500,42,0.999451
510,44,0.999455
520,41,0.999460
530,36,0.999463
540,38,0.999467
550,50,0.999473
560,36,0.999477
570,36,0.999480
580,29,0.999483
590,37,0.999487
600,30,0.999490
610,24,0.999493
620,32,0.999496
630,20,0.999498
640,29,0.999501
650,26,0.999504
660,40,0.999508
670,25,0.999511
680,34,0.999515
690,27,0.999518
700,35,0.999521
710,36,0.999525
720,26,0.999528
730,29,0.999531
740,24,0.999533
750,31,0.999537
760,28,0.999539
770,30,0.999543
780,25,0.999545
790,36,0.999549
800,33,0.999553
810,37,0.999556
820,28,0.999559
830,17,0.999561
840,29,0.999564
850,20,0.999566
860,25,0.999569
870,21,0.999571
880,22,0.999573
890,24,0.999576
900,26,0.999579
910,32,0.999582
920,30,0.999585
930,18,0.999587
940,19,0.999589
950,18,0.999591
960,20,0.999593
970,19,0.999595
980,12,0.999596
990,21,0.999599
1000,11,0.999600
1010,27,0.999603
1020,21,0.999605
1030,15,0.999606
1040,21,0.999609
1050,5,0.999609
1060,19,0.999611
1070,10,0.999612
1080,18,0.999614
1090,11,0.999615
1100,16,0.999617
1110,12,0.999618
1120,7,0.999619
1130,6,0.999620
1140,8,0.999620
1150,15,0.999622
1160,15,0.999624
1170,20,0.999626
1180,9,0.999627
1190,13,0.999628
1200,16,0.999630
1210,15,0.999631
1220,10,0.999632
1230,13,0.999634
1240,8,0.999635
1250,12,0.999636
1260,10,0.999637
1270,10,0.999638
1280,5,0.999638
1290,11,0.999640
1300,17,0.999641
1310,14,0.999643
1320,13,0.999644
1330,8,0.999645
1340,15,0.999647
1350,7,0.999647
1360,17,0.999649
1370,15,0.999651
1380,14,0.999652
1390,9,0.999653
1400,11,0.999654
1410,6,0.999655
1420,15,0.999657
1430,14,0.999658
1440,7,0.999659
1450,6,0.999659
1460,18,0.999661
1470,8,0.999662
1480,8,0.999663
1490,10,0.999664
1500,9,0.999665
1510,13,0.999666
1520,5,0.999667
1530,6,0.999667
1540,12,0.999669
1550,9,0.999670
1560,7,0.999670
1570,7,0.999671
1580,5,0.999672
1590,8,0.999673
1600,7,0.999673
1610,4,0.999674
1620,10,0.999675
1630,12,0.999676
1640,4,0.999676
1650,10,0.999677
1660,9,0.999678
1670,9,0.999679
1680,6,0.999680
1690,6,0.999681
1700,7,0.999681
1710,9,0.999682
1720,15,0.999684
1730,10,0.999685
1740,6,0.999686
1750,13,0.999687
1760,7,0.999688
1770,15,0.999689
1780,9,0.999690
1790,10,0.999691
1800,14,0.999693
1810,14,0.999694
1820,24,0.999697
1830,15,0.999698
1840,9,0.999699
1850,23,0.999702
1860,31,0.999705
1870,45,0.999710
1880,65,0.999717
1890,36,0.999720
1900,12,0.999722
1910,9,0.999723
1920,14,0.999724
1930,11,0.999725
1940,13,0.999727
1950,19,0.999729
1960,30,0.999732
1970,40,0.999736
1980,38,0.999740
1990,43,0.999744
2000,17,0.999746
2010,35,0.999750
2020,26,0.999753
2030,20,0.999755
2040,10,0.999756
2050,6,0.999756
2060,12,0.999758
2070,14,0.999759
2080,7,0.999760
2090,13,0.999761
2100,8,0.999762
2110,7,0.999763
2120,10,0.999764
2130,3,0.999764
2140,9,0.999765
2150,9,0.999766
2160,9,0.999767
2170,14,0.999769
2180,6,0.999769
2190,9,0.999770
2200,8,0.999771
2210,8,0.999772
2220,1,0.999772
2230,10,0.999773
2240,15,0.999775
2250,8,0.999775
2260,17,0.999777
2270,11,0.999778
2280,19,0.999780
2290,11,0.999781
2300,12,0.999783
2310,8,0.999784
2320,13,0.999785
2330,10,0.999786
2340,7,0.999787
2350,12,0.999788
2360,13,0.999789
2370,14,0.999791
2380,10,0.999792
2390,21,0.999794
2400,14,0.999796
2410,13,0.999797
2420,11,0.999798
2430,14,0.999800
2440,6,0.999800
2450,14,0.999802
2460,10,0.999803
2470,13,0.999804
2480,14,0.999806
2490,12,0.999807
2500,13,0.999808
2510,21,0.999810
2520,16,0.999812
2530,14,0.999814
2540,16,0.999815
2550,14,0.999817
2560,10,0.999818
2570,8,0.999819
2580,22,0.999821
2590,14,0.999822
2600,6,0.999823
2610,9,0.999824
2620,12,0.999825
2630,14,0.999827
2640,13,0.999828
2650,15,0.999830
2660,20,0.999832
2670,16,0.999833
2680,7,0.999834
2690,21,0.999836
2700,15,0.999838
2710,15,0.999840
2720,11,0.999841
2730,20,0.999843
2740,15,0.999844
2750,13,0.999846
2760,15,0.999847
2770,18,0.999849
2780,17,0.999851
2790,9,0.999852
2800,15,0.999854
2810,11,0.999855
2820,11,0.999856
2830,20,0.999858
2840,17,0.999860
2850,11,0.999861
2860,6,0.999862
2870,13,0.999863
2880,13,0.999864
2890,6,0.999865
2900,8,0.999866
2910,13,0.999867
2920,10,0.999868
2930,8,0.999869
2940,4,0.999869
2950,8,0.999870
2960,5,0.999871
2970,9,0.999872
2980,3,0.999872
2990,12,0.999873
3000,4,0.999874
3010,8,0.999875
3020,12,0.999876
3030,6,0.999877
3040,6,0.999877
3050,10,0.999878
3060,7,0.999879
3070,8,0.999880
3080,6,0.999880
3090,10,0.999882
3100,5,0.999882
3110,7,0.999883
3120,7,0.999883
3130,6,0.999884
3140,6,0.999885
3150,7,0.999885
3160,4,0.999886
3170,6,0.999887
3180,9,0.999887
3190,4,0.999888
3200,8,0.999889
3210,10,0.999890
3220,9,0.999891
3230,7,0.999891
3240,8,0.999892
3250,3,0.999893
3260,5,0.999893
3270,7,0.999894
3280,5,0.999894
3290,7,0.999895
3300,7,0.999896
3310,9,0.999897
3320,7,0.999898
3330,2,0.999898
3340,7,0.999899
3350,6,0.999899
3360,5,0.999900
3370,6,0.999900
3380,6,0.999901
3390,17,0.999903
3400,7,0.999904
3410,11,0.999905
3420,8,0.999905
3430,4,0.999906
3440,3,0.999906
3450,3,0.999907
3460,3,0.999907
3470,7,0.999908
3480,2,0.999908
3490,6,0.999908
3500,4,0.999909
3510,11,0.999910
3520,9,0.999911
3530,8,0.999912
3540,6,0.999912
3550,5,0.999913
3560,3,0.999913
3570,4,0.999914
3580,5,0.999914
3590,4,0.999915
3600,6,0.999915
3610,7,0.999916
3620,4,0.999916
3630,3,0.999917
3640,8,0.999918
3650,5,0.999918
3660,5,0.999919
3670,4,0.999919
3680,2,0.999919
3690,2,0.999919
3700,2,0.999920
3710,3,0.999920
3720,4,0.999920
3730,4,0.999921
3740,7,0.999922
3750,2,0.999922
3760,5,0.999922
3770,4,0.999923
3780,2,0.999923
3810,3,0.999923
3820,3,0.999924
3830,4,0.999924
3840,4,0.999924
3850,4,0.999925
3860,3,0.999925
3870,2,0.999925
3880,5,0.999926
3900,1,0.999926
3910,1,0.999926
3920,3,0.999926
3970,1,0.999927
3980,1,0.999927
3990,1,0.999927
4020,1,0.999927
4060,1,0.999927
4070,2,0.999927
4160,1,0.999927
4260,1,0.999927
4320,1,0.999927
4410,1,0.999928
4440,2,0.999928
4450,1,0.999928
4470,1,0.999928
4480,3,0.999928
4490,1,0.999928
4500,2,0.999929
4510,1,0.999929
4530,3,0.999929
4540,2,0.999929
4550,1,0.999929
4560,3,0.999930
4580,6,0.999930
4590,8,0.999931
4600,7,0.999932
4610,10,0.999933
4620,14,0.999934
4630,16,0.999936
4640,14,0.999938
4650,9,0.999939
4660,7,0.999939
4670,8,0.999940
4680,4,0.999941
4690,7,0.999941
4700,9,0.999942
4710,9,0.999943
4720,8,0.999944
4730,5,0.999945
4740,10,0.999946
4750,10,0.999947
4760,6,0.999947
4770,12,0.999949
4780,9,0.999949
4790,2,0.999950
4800,11,0.999951
4810,13,0.999952
4820,14,0.999954
4830,21,0.999956
4840,29,0.999959
4850,16,0.999961
4860,11,0.999962
4870,8,0.999963
4880,19,0.999965
4890,19,0.999967
4900,10,0.999968
4910,11,0.999969
4920,18,0.999971
4930,15,0.999972
4940,15,0.999974
4950,11,0.999975
4960,11,0.999976
4970,8,0.999977
4980,16,0.999979
4990,5,0.999979
5000,5,0.999980
5010,5,0.999980
5020,13,0.999982
5030,11,0.999983
5040,7,0.999984
5050,14,0.999985
5060,14,0.999987
5070,18,0.999988
5080,9,0.999989
5090,6,0.999990
5100,8,0.999991
5120,9,0.999992
5130,1,0.999992
5140,4,0.999992
5150,3,0.999993
5160,4,0.999993
5170,7,0.999994
5180,1,0.999994
5190,4,0.999994
5200,1,0.999994
5210,1,0.999995
5220,2,0.999995
5230,2,0.999995
5240,1,0.999995
5250,3,0.999995
5260,2,0.999996
5270,1,0.999996
5310,2,0.999996
5330,1,0.999996
5360,1,0.999996
5370,1,0.999996
5410,1,0.999996
5420,1,0.999996
5430,2,0.999997
5450,1,0.999997
5470,1,0.999997
5500,1,0.999997
5520,1,0.999997
5560,2,0.999997
5570,1,0.999997
5600,1,0.999997
5660,2,0.999998
5670,1,0.999998
5700,1,0.999998
5720,1,0.999998
5740,1,0.999998
5760,1,0.999998
5800,1,0.999998
5820,1,0.999998
5890,1,0.999999
5930,2,0.999999
5950,1,0.999999
5980,1,0.999999
6010,1,0.999999
6020,1,0.999999
6030,1,0.999999
6040,1,0.999999
6200,1,0.999999
6230,1,1.000000
6310,1,1.000000
6320,1,1.000000
7000,1,1.000000
7410,1,1.000000
