#latency,cnt,cdf
0,911220,0.182336
10,644,0.182465
20,464,0.182557
30,15709,0.185701
40,130,0.185727
50,15364,0.188801
60,898822,0.368656
70,39426,0.376545
80,851345,0.546900
90,12888,0.549479
100,228307,0.595163
110,421334,0.679472
120,411872,0.761888
130,187273,0.799362
140,18068,0.802977
150,1134,0.803204
160,5744,0.804353
170,273730,0.859127
180,146850,0.888512
190,264602,0.941459
200,2128,0.941884
210,544,0.941993
220,5289,0.943052
230,270518,0.997182
240,4947,0.998172
250,390,0.998250
260,266,0.998304
270,206,0.998345
280,177,0.998380
290,165,0.998413
300,154,0.998444
310,137,0.998471
320,140,0.998499
330,111,0.998522
340,88,0.998539
350,98,0.998559
360,84,0.998576
370,66,0.998589
380,67,0.998602
390,59,0.998614
400,60,0.998626
410,49,0.998636
420,44,0.998645
430,58,0.998656
440,42,0.998665
450,48,0.998674
460,41,0.998683
470,37,0.998690
480,40,0.998698
490,51,0.998708
500,37,0.998716
510,38,0.998723
520,32,0.998730
530,45,0.998739
540,39,0.998746
550,55,0.998757
560,40,0.998765
570,45,0.998774
580,45,0.998783
590,46,0.998793
600,41,0.998801
610,41,0.998809
620,32,0.998815
630,41,0.998824
640,38,0.998831
650,34,0.998838
660,40,0.998846
670,24,0.998851
680,31,0.998857
690,28,0.998863
700,36,0.998870
710,36,0.998877
720,31,0.998883
730,41,0.998891
740,28,0.998897
750,35,0.998904
760,26,0.998909
770,19,0.998913
780,27,0.998918
790,22,0.998923
800,30,0.998929
810,31,0.998935
820,30,0.998941
830,24,0.998946
840,24,0.998951
850,29,0.998957
860,35,0.998963
870,24,0.998968
880,24,0.998973
890,31,0.998979
900,28,0.998985
910,33,0.998991
920,27,0.998997
930,39,0.999005
940,37,0.999012
950,44,0.999021
960,52,0.999031
970,56,0.999043
980,43,0.999051
990,37,0.999059
1000,51,0.999069
1010,48,0.999078
1020,54,0.999089
1030,39,0.999097
1040,41,0.999105
1050,42,0.999114
1060,39,0.999121
1070,32,0.999128
1080,36,0.999135
1090,27,0.999140
1100,21,0.999145
1110,33,0.999151
1120,13,0.999154
1130,16,0.999157
1140,18,0.999161
1150,26,0.999166
1160,15,0.999169
1170,15,0.999172
1180,18,0.999175
1190,17,0.999179
1200,8,0.999180
1210,11,0.999183
1220,20,0.999187
1230,9,0.999188
1240,16,0.999192
1250,12,0.999194
1260,13,0.999197
1270,12,0.999199
1280,8,0.999201
1290,5,0.999202
1300,7,0.999203
1310,8,0.999205
1320,13,0.999207
1330,10,0.999209
1340,10,0.999211
1350,4,0.999212
1360,9,0.999214
1370,10,0.999216
1380,15,0.999219
1390,12,0.999221
1400,8,0.999223
1410,15,0.999226
1420,8,0.999227
1430,11,0.999230
1440,9,0.999231
1450,8,0.999233
1460,6,0.999234
1470,9,0.999236
1480,15,0.999239
1490,13,0.999242
1500,8,0.999243
1510,11,0.999245
1520,10,0.999247
1530,8,0.999249
1540,9,0.999251
1550,5,0.999252
1560,11,0.999254
1570,11,0.999256
1580,7,0.999258
1590,7,0.999259
1600,8,0.999261
1610,11,0.999263
1620,6,0.999264
1630,8,0.999266
1640,16,0.999269
1650,15,0.999272
1660,18,0.999275
1670,11,0.999278
1680,11,0.999280
1690,11,0.999282
1700,12,0.999284
1710,2,0.999285
1720,5,0.999286
1730,9,0.999288
1740,16,0.999291
1750,7,0.999292
1760,5,0.999293
1770,17,0.999297
1780,14,0.999299
1790,9,0.999301
1800,40,0.999309
1810,35,0.999316
1820,14,0.999319
1830,25,0.999324
1840,17,0.999327
1850,11,0.999330
1860,12,0.999332
1870,10,0.999334
1880,12,0.999336
1890,10,0.999338
1900,6,0.999340
1910,6,0.999341
1920,16,0.999344
1930,8,0.999346
1940,16,0.999349
1950,10,0.999351
1960,17,0.999354
1970,8,0.999356
1980,6,0.999357
1990,7,0.999358
2000,10,0.999361
2010,11,0.999363
2020,12,0.999365
2030,9,0.999367
2040,7,0.999368
2050,7,0.999370
2060,4,0.999370
2070,10,0.999372
2080,14,0.999375
2090,7,0.999377
2100,9,0.999379
2110,12,0.999381
2120,9,0.999383
2130,10,0.999385
2140,12,0.999387
2150,7,0.999389
2160,9,0.999390
2170,8,0.999392
2180,13,0.999394
2190,8,0.999396
2200,7,0.999398
2210,14,0.999400
2220,13,0.999403
2230,9,0.999405
2240,13,0.999407
2250,12,0.999410
2260,9,0.999412
2270,12,0.999414
2280,4,0.999415
2290,10,0.999417
2300,12,0.999419
2310,10,0.999421
2320,5,0.999422
2330,9,0.999424
2340,16,0.999427
2350,6,0.999428
2360,10,0.999430
2370,8,0.999432
2380,10,0.999434
2390,11,0.999436
2400,7,0.999438
2410,12,0.999440
2420,11,0.999442
2430,9,0.999444
2440,8,0.999445
2450,8,0.999447
2460,10,0.999449
2470,11,0.999451
2480,5,0.999452
2490,6,0.999454
2500,7,0.999455
2510,8,0.999457
2520,7,0.999458
2530,12,0.999460
2540,12,0.999463
2550,5,0.999464
2560,3,0.999464
2570,10,0.999466
2580,9,0.999468
2590,12,0.999471
2600,13,0.999473
2610,14,0.999476
2620,7,0.999477
2630,14,0.999480
2640,13,0.999483
2650,8,0.999484
2660,16,0.999488
2670,8,0.999489
2680,12,0.999492
2690,9,0.999493
2700,13,0.999496
2710,11,0.999498
2720,13,0.999501
2730,14,0.999504
2740,10,0.999506
2750,15,0.999509
2760,12,0.999511
2770,23,0.999516
2780,14,0.999518
2790,11,0.999521
2800,13,0.999523
2810,10,0.999525
2820,10,0.999527
2830,15,0.999530
2840,12,0.999533
2850,14,0.999535
2860,12,0.999538
2870,8,0.999539
2880,10,0.999541
2890,13,0.999544
2900,8,0.999546
2910,12,0.999548
2920,10,0.999550
2930,11,0.999552
2940,11,0.999554
2950,13,0.999557
2960,11,0.999559
2970,14,0.999562
2980,4,0.999563
2990,6,0.999564
3000,13,0.999567
3010,11,0.999569
3020,6,0.999570
3030,18,0.999574
3040,11,0.999576
3050,8,0.999577
3060,10,0.999579
3070,8,0.999581
3080,5,0.999582
3090,9,0.999584
3100,12,0.999586
3110,4,0.999587
3120,5,0.999588
3130,14,0.999591
3140,12,0.999593
3150,8,0.999595
3160,8,0.999596
3170,11,0.999599
3180,13,0.999601
3190,9,0.999603
3200,11,0.999605
3210,10,0.999607
3220,12,0.999610
3230,10,0.999612
3240,12,0.999614
3250,9,0.999616
3260,4,0.999617
3270,6,0.999618
3280,5,0.999619
3290,7,0.999620
3300,9,0.999622
3310,13,0.999625
3320,10,0.999627
3330,9,0.999628
3340,11,0.999631
3350,4,0.999631
3360,10,0.999633
3370,9,0.999635
3380,12,0.999638
3390,10,0.999640
3400,8,0.999641
3410,10,0.999643
3420,9,0.999645
3430,7,0.999646
3440,7,0.999648
3450,5,0.999649
3460,5,0.999650
3470,6,0.999651
3480,7,0.999652
3490,6,0.999654
3500,5,0.999655
3510,11,0.999657
3520,10,0.999659
3530,7,0.999660
3540,9,0.999662
3550,10,0.999664
3560,6,0.999665
3570,6,0.999666
3580,9,0.999668
3590,4,0.999669
3600,6,0.999670
3610,10,0.999672
3620,5,0.999673
3630,7,0.999675
3640,3,0.999675
3650,4,0.999676
3660,7,0.999677
3670,4,0.999678
3680,5,0.999679
3690,3,0.999680
3700,5,0.999681
3710,5,0.999682
3720,2,0.999682
3730,6,0.999683
3740,4,0.999684
3750,4,0.999685
3760,4,0.999686
3770,2,0.999686
3780,7,0.999688
3790,4,0.999688
3800,7,0.999690
3810,4,0.999691
3820,5,0.999692
3830,3,0.999692
3840,1,0.999692
3850,7,0.999694
3860,2,0.999694
3870,2,0.999695
3880,5,0.999696
3890,7,0.999697
3900,2,0.999697
3910,1,0.999698
3920,5,0.999699
3930,3,0.999699
3940,2,0.999700
3950,3,0.999700
3960,3,0.999701
3970,3,0.999701
3980,3,0.999702
3990,4,0.999703
4000,1,0.999703
4010,6,0.999704
4020,5,0.999705
4030,3,0.999706
4040,5,0.999707
4050,2,0.999707
4060,2,0.999708
4070,6,0.999709
4080,5,0.999710
4090,3,0.999710
4100,6,0.999712
4110,1,0.999712
4120,2,0.999712
4130,3,0.999713
4140,2,0.999713
4150,3,0.999714
4160,3,0.999714
4170,4,0.999715
4180,6,0.999716
4200,4,0.999717
4210,2,0.999718
4220,3,0.999718
4230,3,0.999719
4240,4,0.999720
4250,2,0.999720
4270,5,0.999721
4280,3,0.999722
4290,2,0.999722
4300,3,0.999723
4310,3,0.999723
4320,1,0.999723
4330,7,0.999725
4340,4,0.999726
4350,5,0.999727
4360,5,0.999728
4370,1,0.999728
4380,6,0.999729
4390,7,0.999730
4400,9,0.999732
4410,2,0.999733
4420,3,0.999733
4430,3,0.999734
4440,2,0.999734
4450,6,0.999735
4460,5,0.999736
4470,6,0.999738
4480,4,0.999738
4490,6,0.999740
4500,6,0.999741
4510,8,0.999742
4520,9,0.999744
4530,5,0.999745
4540,6,0.999747
4550,10,0.999748
4560,15,0.999751
4570,5,0.999752
4580,8,0.999754
4590,7,0.999756
4600,22,0.999760
4610,41,0.999768
4620,41,0.999776
4630,15,0.999779
4640,25,0.999784
4650,18,0.999788
4660,9,0.999790
4670,20,0.999794
4680,32,0.999800
4690,6,0.999801
4700,6,0.999803
4710,16,0.999806
4720,13,0.999808
4730,6,0.999810
4740,8,0.999811
4750,16,0.999814
4760,17,0.999818
4770,21,0.999822
4780,22,0.999826
4790,20,0.999830
4800,23,0.999835
4810,26,0.999840
4820,20,0.999844
4830,51,0.999854
4840,50,0.999864
4850,41,0.999873
4860,25,0.999878
4870,35,0.999885
4880,39,0.999892
4890,35,0.999899
4900,65,0.999912
4910,47,0.999922
4920,29,0.999928
4930,19,0.999931
4940,15,0.999934
4950,11,0.999937
4960,17,0.999940
4970,20,0.999944
4980,10,0.999946
4990,15,0.999949
5000,5,0.999950
5010,15,0.999953
5020,11,0.999955
5030,7,0.999957
5040,8,0.999958
5050,6,0.999959
5060,5,0.999960
5070,2,0.999961
5080,7,0.999962
5090,4,0.999963
5100,5,0.999964
5110,5,0.999965
5120,8,0.999967
5130,5,0.999968
5140,5,0.999969
5150,4,0.999969
5160,3,0.999970
5170,3,0.999971
5180,6,0.999972
5190,1,0.999972
5200,4,0.999973
5210,6,0.999974
5220,8,0.999976
5230,5,0.999977
5240,3,0.999977
5250,1,0.999977
5260,5,0.999978
5270,4,0.999979
5280,4,0.999980
5290,2,0.999980
5300,2,0.999981
5310,6,0.999982
5320,6,0.999983
5330,6,0.999984
5340,2,0.999985
5350,5,0.999986
5380,1,0.999986
5390,2,0.999986
5400,1,0.999987
5410,1,0.999987
5420,1,0.999987
5430,2,0.999987
5440,1,0.999988
5450,1,0.999988
5460,2,0.999988
5470,3,0.999989
5480,2,0.999989
5490,1,0.999989
5500,1,0.999990
5510,1,0.999990
5520,2,0.999990
5550,4,0.999991
5560,1,0.999991
5590,1,0.999991
5600,1,0.999992
5610,2,0.999992
5620,1,0.999992
5630,1,0.999992
5640,1,0.999993
5660,2,0.999993
5680,1,0.999993
5690,1,0.999993
5700,2,0.999994
5710,3,0.999994
5740,1,0.999995
5750,1,0.999995
5760,1,0.999995
5790,2,0.999995
5800,1,0.999996
5820,1,0.999996
5830,2,0.999996
5850,1,0.999996
5860,1,0.999997
5930,1,0.999997
5950,1,0.999997
6030,1,0.999997
6070,1,0.999997
6110,1,0.999998
6150,1,0.999998
6190,1,0.999998
6290,1,0.999998
6550,1,0.999998
6800,1,0.999999
6810,1,0.999999
7830,1,0.999999
7980,1,0.999999
8560,1,0.999999
8700,1,1.000000
9130,1,1.000000
9490,1,1.000000
