#latency,cnt,cdf
0,1364922,0.136492
10,11387,0.137631
20,589,0.137690
30,25221,0.140212
40,533,0.140265
50,4648,0.140730
60,462842,0.187014
70,77251,0.194739
80,472484,0.241988
90,21097,0.244097
100,307305,0.274828
110,164858,0.291314
120,338098,0.325123
130,247640,0.349887
140,123709,0.362258
150,153657,0.377624
160,24409,0.380065
170,671872,0.447252
180,432307,0.490483
190,822539,0.572737
200,377651,0.610502
210,324893,0.642991
220,220358,0.665027
230,936758,0.758703
240,340215,0.792724
250,124046,0.805129
260,168516,0.821980
270,480660,0.870046
280,189629,0.889009
290,213065,0.910316
300,117650,0.922081
310,141952,0.936276
320,231686,0.959445
330,89875,0.968432
340,126305,0.981063
350,13926,0.982455
360,17524,0.984208
370,16771,0.985885
380,24297,0.988315
390,52723,0.993587
400,11251,0.994712
410,4096,0.995121
420,3605,0.995482
430,5826,0.996065
440,5281,0.996593
450,1058,0.996698
460,825,0.996781
470,1481,0.996929
480,3815,0.997311
490,783,0.997389
500,771,0.997466
510,785,0.997545
520,422,0.997587
530,541,0.997641
540,213,0.997662
550,182,0.997680
560,198,0.997700
570,258,0.997726
580,622,0.997788
590,267,0.997815
600,263,0.997841
610,275,0.997869
620,231,0.997892
630,261,0.997918
640,272,0.997945
650,247,0.997970
660,209,0.997991
670,190,0.998010
680,157,0.998025
690,213,0.998047
700,188,0.998065
710,181,0.998083
720,158,0.998099
730,127,0.998112
740,130,0.998125
750,111,0.998136
760,109,0.998147
770,90,0.998156
780,108,0.998167
790,94,0.998176
800,97,0.998186
810,91,0.998195
820,90,0.998204
830,90,0.998213
840,76,0.998221
850,91,0.998230
860,82,0.998238
870,92,0.998247
880,80,0.998255
890,103,0.998265
900,118,0.998277
910,92,0.998286
920,135,0.998300
930,125,0.998312
940,122,0.998325
950,102,0.998335
960,106,0.998345
970,111,0.998357
980,88,0.998365
990,86,0.998374
1000,94,0.998383
1010,94,0.998393
1020,116,0.998404
1030,97,0.998414
1040,83,0.998422
1050,84,0.998431
1060,127,0.998443
1070,91,0.998452
1080,92,0.998462
1090,87,0.998470
1100,76,0.998478
1110,109,0.998489
1120,92,0.998498
1130,92,0.998507
1140,92,0.998516
1150,86,0.998525
1160,80,0.998533
1170,70,0.998540
1180,63,0.998546
1190,80,0.998554
1200,77,0.998562
1210,93,0.998571
1220,87,0.998580
1230,107,0.998591
1240,101,0.998601
1250,136,0.998614
1260,165,0.998631
1270,172,0.998648
1280,202,0.998668
1290,214,0.998690
1300,184,0.998708
1310,239,0.998732
1320,219,0.998754
1330,179,0.998772
1340,190,0.998791
1350,178,0.998809
1360,180,0.998827
1370,194,0.998846
1380,149,0.998861
1390,160,0.998877
1400,127,0.998890
1410,123,0.998902
1420,94,0.998911
1430,99,0.998921
1440,81,0.998929
1450,61,0.998936
1460,93,0.998945
1470,66,0.998951
1480,55,0.998957
1490,47,0.998962
1500,40,0.998966
1510,35,0.998969
1520,47,0.998974
1530,51,0.998979
1540,41,0.998983
1550,29,0.998986
1560,37,0.998990
1570,44,0.998994
1580,42,0.998998
1590,34,0.999002
1600,34,0.999005
1610,33,0.999008
1620,20,0.999010
1630,41,0.999014
1640,21,0.999017
1650,33,0.999020
1660,38,0.999024
1670,46,0.999028
1680,43,0.999032
1690,31,0.999036
1700,39,0.999039
1710,38,0.999043
1720,25,0.999046
1730,28,0.999049
1740,37,0.999052
1750,36,0.999056
1760,36,0.999059
1770,48,0.999064
1780,99,0.999074
1790,85,0.999083
1800,427,0.999125
1810,750,0.999200
1820,126,0.999213
1830,304,0.999243
1840,422,0.999286
1850,46,0.999290
1860,39,0.999294
1870,44,0.999299
1880,40,0.999303
1890,31,0.999306
1900,38,0.999309
1910,46,0.999314
1920,35,0.999318
1930,43,0.999322
1940,198,0.999342
1950,122,0.999354
1960,44,0.999358
1970,63,0.999364
1980,33,0.999368
1990,23,0.999370
2000,16,0.999372
2010,20,0.999374
2020,12,0.999375
2030,18,0.999377
2040,21,0.999379
2050,20,0.999381
2060,26,0.999383
2070,24,0.999386
2080,95,0.999395
2090,81,0.999403
2100,29,0.999406
2110,12,0.999407
2120,17,0.999409
2130,21,0.999411
2140,24,0.999414
2150,17,0.999415
2160,23,0.999418
2170,28,0.999421
2180,14,0.999422
2190,39,0.999426
2200,34,0.999429
2210,22,0.999431
2220,16,0.999433
2230,20,0.999435
2240,29,0.999438
2250,33,0.999441
2260,22,0.999443
2270,27,0.999446
2280,28,0.999449
2290,26,0.999452
2300,48,0.999456
2310,44,0.999461
2320,64,0.999467
2330,34,0.999470
2340,12,0.999472
2350,27,0.999474
2360,25,0.999477
2370,13,0.999478
2380,17,0.999480
2390,17,0.999482
2400,22,0.999484
2410,17,0.999485
2420,19,0.999487
2430,23,0.999490
2440,12,0.999491
2450,24,0.999493
2460,44,0.999498
2470,12,0.999499
2480,20,0.999501
2490,25,0.999503
2500,32,0.999507
2510,18,0.999508
2520,11,0.999510
2530,9,0.999510
2540,15,0.999512
2550,16,0.999514
2560,13,0.999515
2570,10,0.999516
2580,11,0.999517
2590,17,0.999519
2600,10,0.999520
2610,19,0.999521
2620,16,0.999523
2630,16,0.999525
2640,13,0.999526
2650,18,0.999528
2660,5,0.999528
2670,17,0.999530
2680,10,0.999531
2690,15,0.999533
2700,17,0.999534
2710,18,0.999536
2720,14,0.999537
2730,10,0.999538
2740,13,0.999540
2750,16,0.999541
2760,12,0.999542
2770,17,0.999544
2780,11,0.999545
2790,17,0.999547
2800,14,0.999548
2810,16,0.999550
2820,18,0.999552
2830,9,0.999553
2840,15,0.999554
2850,10,0.999555
2860,11,0.999556
2870,11,0.999557
2880,14,0.999559
2890,16,0.999560
2900,15,0.999562
2910,17,0.999564
2920,18,0.999565
2930,17,0.999567
2940,12,0.999568
2950,19,0.999570
2960,21,0.999572
2970,13,0.999574
2980,17,0.999575
2990,20,0.999577
3000,19,0.999579
3010,20,0.999581
3020,22,0.999583
3030,14,0.999585
3040,21,0.999587
3050,32,0.999590
3060,21,0.999592
3070,18,0.999594
3080,18,0.999596
3090,17,0.999597
3100,23,0.999600
3110,14,0.999601
3120,20,0.999603
3130,11,0.999604
3140,21,0.999606
3150,30,0.999609
3160,26,0.999612
3170,17,0.999614
3180,21,0.999616
3190,21,0.999618
3200,19,0.999620
3210,28,0.999623
3220,14,0.999624
3230,27,0.999627
3240,13,0.999628
3250,19,0.999630
3260,17,0.999632
3270,14,0.999633
3280,23,0.999635
3290,30,0.999638
3300,17,0.999640
3310,27,0.999643
3320,20,0.999645
3330,19,0.999647
3340,28,0.999649
3350,18,0.999651
3360,15,0.999653
3370,19,0.999655
3380,36,0.999658
3390,22,0.999660
3400,29,0.999663
3410,27,0.999666
3420,23,0.999668
3430,15,0.999670
3440,25,0.999672
3450,16,0.999674
3460,23,0.999676
3470,15,0.999678
3480,24,0.999680
3490,22,0.999682
3500,19,0.999684
3510,19,0.999686
3520,21,0.999688
3530,30,0.999691
3540,28,0.999694
3550,21,0.999696
3560,23,0.999698
3570,13,0.999700
3580,20,0.999702
3590,28,0.999704
3600,30,0.999708
3610,27,0.999710
3620,23,0.999713
3630,18,0.999714
3640,23,0.999717
3650,25,0.999719
3660,21,0.999721
3670,17,0.999723
3680,13,0.999724
3690,15,0.999726
3700,24,0.999728
3710,12,0.999729
3720,15,0.999731
3730,20,0.999733
3740,20,0.999735
3750,18,0.999737
3760,14,0.999738
3770,20,0.999740
3780,18,0.999742
3790,15,0.999743
3800,13,0.999745
3810,12,0.999746
3820,18,0.999748
3830,11,0.999749
3840,15,0.999750
3850,13,0.999752
3860,11,0.999753
3870,11,0.999754
3880,11,0.999755
3890,11,0.999756
3900,9,0.999757
3910,9,0.999758
3920,13,0.999759
3930,11,0.999760
3940,13,0.999761
3950,4,0.999762
3960,5,0.999762
3970,18,0.999764
3980,7,0.999765
3990,12,0.999766
4000,12,0.999767
4010,7,0.999768
4020,7,0.999769
4030,9,0.999770
4040,6,0.999770
4050,11,0.999771
4060,7,0.999772
4070,3,0.999772
4080,10,0.999773
4090,16,0.999775
4100,8,0.999776
4110,8,0.999776
4120,9,0.999777
4130,6,0.999778
4140,8,0.999779
4150,7,0.999779
4160,6,0.999780
4170,12,0.999781
4180,3,0.999781
4190,6,0.999782
4200,10,0.999783
4210,4,0.999784
4220,4,0.999784
4230,6,0.999785
4240,9,0.999785
4250,7,0.999786
4260,8,0.999787
4270,7,0.999788
4280,6,0.999788
4290,5,0.999789
4300,3,0.999789
4310,6,0.999790
4320,6,0.999790
4330,15,0.999792
4340,8,0.999793
4350,10,0.999794
4360,13,0.999795
4370,12,0.999796
4380,11,0.999797
4390,9,0.999798
4400,9,0.999799
4410,6,0.999799
4420,9,0.999800
4430,8,0.999801
4440,10,0.999802
4450,15,0.999804
4460,11,0.999805
4470,8,0.999806
4480,8,0.999806
4490,4,0.999807
4500,6,0.999807
4510,8,0.999808
4520,8,0.999809
4530,6,0.999810
4540,9,0.999811
4550,20,0.999812
4560,15,0.999814
4570,10,0.999815
4580,11,0.999816
4590,19,0.999818
4600,12,0.999819
4610,13,0.999820
4620,32,0.999824
4630,25,0.999826
4640,19,0.999828
4650,22,0.999830
4660,16,0.999832
4670,22,0.999834
4680,58,0.999840
4690,31,0.999843
4700,20,0.999845
4710,45,0.999849
4720,28,0.999852
4730,10,0.999853
4740,17,0.999855
4750,17,0.999857
4760,22,0.999859
4770,22,0.999861
4780,29,0.999864
4790,37,0.999868
4800,20,0.999870
4810,39,0.999874
4820,38,0.999877
4830,20,0.999879
4840,64,0.999886
4850,50,0.999891
4860,31,0.999894
4870,32,0.999897
4880,55,0.999903
4890,24,0.999905
4900,71,0.999912
4910,107,0.999923
4920,20,0.999925
4930,27,0.999928
4940,33,0.999931
4950,13,0.999932
4960,23,0.999934
4970,62,0.999941
4980,26,0.999943
4990,21,0.999945
5000,26,0.999948
5010,25,0.999950
5020,16,0.999952
5030,16,0.999954
5040,11,0.999955
5050,11,0.999956
5060,10,0.999957
5070,22,0.999959
5080,38,0.999963
5090,11,0.999964
5100,13,0.999965
5110,24,0.999968
5120,10,0.999969
5130,8,0.999969
5140,13,0.999971
5150,6,0.999971
5160,10,0.999972
5170,6,0.999973
5180,8,0.999974
5190,6,0.999974
5200,13,0.999976
5210,1,0.999976
5220,7,0.999976
5230,6,0.999977
5240,12,0.999978
5250,1,0.999978
5260,3,0.999979
5270,11,0.999980
5280,6,0.999980
5290,4,0.999981
5300,6,0.999981
5310,4,0.999982
5320,1,0.999982
5330,5,0.999982
5340,4,0.999983
5350,3,0.999983
5360,3,0.999983
5370,5,0.999984
5380,3,0.999984
5390,7,0.999985
5400,5,0.999985
5410,2,0.999986
5420,8,0.999986
5430,2,0.999987
5440,3,0.999987
5450,4,0.999987
5460,3,0.999987
5470,6,0.999988
5480,3,0.999988
5490,3,0.999989
5500,4,0.999989
5510,2,0.999989
5520,2,0.999990
5530,6,0.999990
5540,1,0.999990
5550,2,0.999990
5560,1,0.999991
5570,5,0.999991
5580,2,0.999991
5590,2,0.999991
5610,1,0.999991
5620,1,0.999992
5630,1,0.999992
5640,3,0.999992
5660,2,0.999992
5670,1,0.999992
5680,1,0.999992
5690,3,0.999993
5700,3,0.999993
5710,2,0.999993
5720,1,0.999993
5740,2,0.999994
5750,1,0.999994
5760,2,0.999994
5770,1,0.999994
5780,2,0.999994
5790,1,0.999994
5800,2,0.999994
5810,1,0.999995
5820,1,0.999995
5840,3,0.999995
5850,3,0.999995
5860,2,0.999995
5870,1,0.999996
5890,1,0.999996
5900,1,0.999996
5910,2,0.999996
5920,1,0.999996
5930,1,0.999996
5940,1,0.999996
5950,1,0.999996
5960,1,0.999996
5970,2,0.999997
5990,2,0.999997
6010,2,0.999997
6030,1,0.999997
6050,1,0.999997
6070,1,0.999997
6100,1,0.999997
6130,1,0.999997
6150,1,0.999998
6170,1,0.999998
6190,1,0.999998
6200,1,0.999998
6230,1,0.999998
6240,1,0.999998
6290,1,0.999998
6350,1,0.999998
6360,1,0.999998
6420,1,0.999999
6450,1,0.999999
6460,1,0.999999
6600,1,0.999999
6730,1,0.999999
7090,1,0.999999
7120,1,0.999999
7450,1,0.999999
7720,1,0.999999
7970,1,0.999999
8130,1,1.000000
8200,1,1.000000
8590,1,1.000000
8650,1,1.000000
8830,1,1.000000
8960,1,1.000000
