#latency,cnt,cdf
0,1248,0.000125
10,337,0.000159
20,81,0.000167
30,24,0.000169
40,3,0.000169
50,15082,0.001678
60,55706,0.007248
70,66501,0.013898
80,79537,0.021852
90,61515,0.028003
100,60558,0.034059
110,94081,0.043467
120,93748,0.052842
130,85254,0.061368
140,77771,0.069145
150,74776,0.076622
160,75138,0.084136
170,77115,0.091848
180,84608,0.100309
190,84927,0.108801
200,81488,0.116950
210,79196,0.124870
220,78523,0.132722
230,79197,0.140642
240,78540,0.148496
250,78174,0.156313
260,77626,0.164076
270,77851,0.171861
280,76902,0.179551
290,76601,0.187211
300,75564,0.194768
310,75264,0.202294
320,75205,0.209815
330,73816,0.217196
340,73446,0.224541
350,72548,0.231796
360,72652,0.239061
370,72478,0.246309
380,71894,0.253498
390,71463,0.260644
400,71141,0.267758
410,70274,0.274786
420,69553,0.281741
430,69168,0.288658
440,68864,0.295544
450,68201,0.302365
460,67316,0.309096
470,67537,0.315850
480,66813,0.322531
490,66205,0.329152
500,65778,0.335730
510,65241,0.342254
520,64373,0.348691
530,64395,0.355130
540,64080,0.361538
550,63063,0.367845
560,62677,0.374113
570,61783,0.380291
580,61754,0.386466
590,61242,0.392590
600,61140,0.398704
610,60612,0.404766
620,59993,0.410765
630,59453,0.416710
640,58712,0.422582
650,58457,0.428427
660,57804,0.434208
670,57355,0.439943
680,56794,0.445623
690,56618,0.451284
700,55830,0.456867
710,55531,0.462421
720,55118,0.467932
730,54406,0.473373
740,54242,0.478797
750,53460,0.484143
760,53207,0.489464
770,52940,0.494758
780,52545,0.500012
790,51776,0.505190
800,51051,0.510295
810,51102,0.515405
820,50186,0.520424
830,50047,0.525429
840,49763,0.530405
850,49321,0.535337
860,48439,0.540181
870,47905,0.544972
880,47527,0.549724
890,47539,0.554478
900,46761,0.559154
910,45809,0.563735
920,46356,0.568371
930,45412,0.572912
940,45474,0.577459
950,44904,0.581950
960,44091,0.586359
970,43661,0.590725
980,42882,0.595013
990,42359,0.599249
1000,42269,0.603476
1010,42164,0.607692
1020,41860,0.611878
1030,41100,0.615988
1040,40970,0.620085
1050,40736,0.624159
1060,39990,0.628158
1070,39766,0.632135
1080,39266,0.636061
1090,38982,0.639960
1100,38578,0.643817
1110,37895,0.647607
1120,37581,0.651365
1130,37407,0.655106
1140,36687,0.658774
1150,36627,0.662437
1160,36007,0.666038
1170,35863,0.669624
1180,35551,0.673179
1190,35064,0.676686
1200,34914,0.680177
1210,34582,0.683635
1220,33952,0.687030
1230,33869,0.690417
1240,33359,0.693753
1250,32842,0.697037
1260,32407,0.700278
1270,32201,0.703498
1280,31992,0.706697
1290,31532,0.709851
1300,31645,0.713015
1310,31038,0.716119
1320,30700,0.719189
1330,30280,0.722217
1340,30225,0.725240
1350,29861,0.728226
1360,29447,0.731170
1370,29042,0.734075
1380,28799,0.736954
1390,28550,0.739809
1400,28195,0.742629
1410,27689,0.745398
1420,27206,0.748118
1430,27002,0.750819
1440,27024,0.753521
1450,26456,0.756167
1460,26324,0.758799
1470,25895,0.761389
1480,25425,0.763931
1490,25293,0.766460
1500,25244,0.768985
1510,24662,0.771451
1520,24292,0.773880
1530,24058,0.776286
1540,23984,0.778684
1550,23533,0.781038
1560,23315,0.783369
1570,22787,0.785648
1580,23048,0.787953
1590,22584,0.790211
1600,22316,0.792443
1610,21752,0.794618
1620,21600,0.796778
1630,21227,0.798901
1640,21114,0.801012
1650,20765,0.803089
1660,20406,0.805129
1670,20243,0.807153
1680,20055,0.809159
1690,19743,0.811133
1700,19812,0.813114
1710,19529,0.815067
1720,19087,0.816976
1730,19047,0.818881
1740,18724,0.820753
1750,18707,0.822624
1760,18380,0.824462
1770,17940,0.826256
1780,17722,0.828028
1790,17645,0.829793
1800,17398,0.831532
1810,17221,0.833255
1820,16920,0.834947
1830,16949,0.836641
1840,16521,0.838294
1850,16523,0.839946
1860,16227,0.841569
1870,16371,0.843206
1880,15847,0.844790
1890,15498,0.846340
1900,15480,0.847888
1910,15074,0.849396
1920,15096,0.850905
1930,14891,0.852394
1940,14765,0.853871
1950,14505,0.855321
1960,14336,0.856755
1970,14249,0.858180
1980,13853,0.859565
1990,13949,0.860960
2000,13621,0.862322
2010,13324,0.863654
2020,13375,0.864992
2030,13266,0.866319
2040,13007,0.867619
2050,12868,0.868906
2060,12583,0.870164
2070,12424,0.871407
2080,12106,0.872617
2090,12117,0.873829
2100,11986,0.875028
2110,11801,0.876208
2120,11831,0.877391
2130,11471,0.878538
2140,11291,0.879667
2150,11320,0.880799
2160,11100,0.881909
2170,10871,0.882996
2180,10730,0.884069
2190,10862,0.885155
2200,10594,0.886215
2210,10353,0.887250
2220,10337,0.888284
2230,10043,0.889288
2240,10052,0.890293
2250,9880,0.891281
2260,10004,0.892282
2270,9919,0.893274
2280,9394,0.894213
2290,9489,0.895162
2300,9438,0.896106
2310,9224,0.897028
2320,9159,0.897944
2330,8905,0.898835
2340,8881,0.899723
2350,8897,0.900612
2360,8609,0.901473
2370,8667,0.902340
2380,8573,0.903197
2390,8429,0.904040
2400,8170,0.904857
2410,8093,0.905666
2420,8061,0.906473
2430,8090,0.907282
2440,7912,0.908073
2450,7769,0.908850
2460,7699,0.909620
2470,7544,0.910374
2480,7643,0.911138
2490,7478,0.911886
2500,7499,0.912636
2510,7298,0.913366
2520,7226,0.914088
2530,7194,0.914808
2540,7259,0.915534
2550,6998,0.916234
2560,6984,0.916932
2570,6754,0.917607
2580,6694,0.918277
2590,6682,0.918945
2600,6576,0.919603
2610,6653,0.920268
2620,6334,0.920901
2630,6341,0.921535
2640,6093,0.922145
2650,6168,0.922761
2660,6039,0.923365
2670,6101,0.923975
2680,6004,0.924576
2690,5924,0.925168
2700,5925,0.925761
2710,5784,0.926339
2720,5689,0.926908
2730,5676,0.927476
2740,5577,0.928033
2750,5590,0.928592
2760,5513,0.929144
2770,5366,0.929680
2780,5362,0.930216
2790,5263,0.930743
2800,5286,0.931271
2810,5143,0.931786
2820,5226,0.932308
2830,4967,0.932805
2840,5101,0.933315
2850,5039,0.933819
2860,4984,0.934317
2870,4874,0.934805
2880,4911,0.935296
2890,4678,0.935764
2900,4811,0.936245
2910,4667,0.936711
2920,4552,0.937167
2930,4561,0.937623
2940,4497,0.938072
2950,4375,0.938510
2960,4412,0.938951
2970,4360,0.939387
2980,4333,0.939820
2990,4293,0.940250
3000,4211,0.940671
3010,4149,0.941086
3020,4087,0.941494
3030,4025,0.941897
3040,4180,0.942315
3050,3952,0.942710
3060,3953,0.943105
3070,3942,0.943500
3080,3928,0.943892
3090,3961,0.944289
3100,3780,0.944667
3110,3750,0.945042
3120,3815,0.945423
3130,3740,0.945797
3140,3695,0.946167
3150,3711,0.946538
3160,3735,0.946911
3170,3639,0.947275
3180,3638,0.947639
3190,3586,0.947998
3200,3513,0.948349
3210,3448,0.948694
3220,3449,0.949039
3230,3427,0.949381
3240,3360,0.949717
3250,3472,0.950064
3260,3295,0.950394
3270,3357,0.950730
3280,3312,0.951061
3290,3247,0.951385
3300,3267,0.951712
3310,3274,0.952040
3320,3169,0.952357
3330,3224,0.952679
3340,3152,0.952994
3350,3197,0.953314
3360,3098,0.953624
3370,3076,0.953931
3380,3066,0.954238
3390,3041,0.954542
3400,3124,0.954854
3410,2965,0.955151
3420,2979,0.955449
3430,3019,0.955751
3440,2942,0.956045
3450,2976,0.956342
3460,2968,0.956639
3470,2887,0.956928
3480,2926,0.957220
3490,2861,0.957507
3500,2879,0.957794
3510,2874,0.958082
3520,2735,0.958355
3530,2674,0.958623
3540,2836,0.958906
3550,2732,0.959180
3560,2650,0.959445
3570,2644,0.959709
3580,2705,0.959980
3590,2592,0.960239
3600,2548,0.960494
3610,2604,0.960754
3620,2515,0.961005
3630,2500,0.961255
3640,2539,0.961509
3650,2577,0.961767
3660,2510,0.962018
3670,2483,0.962266
3680,2464,0.962513
3690,2483,0.962761
3700,2463,0.963007
3710,2418,0.963249
3720,2414,0.963491
3730,2358,0.963726
3740,2360,0.963962
3750,2372,0.964200
3760,2280,0.964428
3770,2272,0.964655
3780,2233,0.964878
3790,2259,0.965104
3800,2323,0.965336
3810,2166,0.965553
3820,2138,0.965767
3830,2281,0.965995
3840,2130,0.966208
3850,2159,0.966424
3860,2194,0.966643
3870,2114,0.966854
3880,2141,0.967069
3890,2183,0.967287
3900,2046,0.967491
3910,2008,0.967692
3920,2046,0.967897
3930,1996,0.968096
3940,2035,0.968300
3950,1893,0.968489
3960,1927,0.968682
3970,1926,0.968875
3980,1971,0.969072
3990,1867,0.969258
4000,1958,0.969454
4010,1843,0.969638
4020,1953,0.969834
4030,1800,0.970014
4040,1776,0.970191
4050,1812,0.970373
4060,1848,0.970557
4070,1798,0.970737
4080,1836,0.970921
4090,1717,0.971092
4100,1790,0.971271
4110,1720,0.971443
4120,1689,0.971612
4130,1803,0.971793
4140,1735,0.971966
4150,1738,0.972140
4160,1678,0.972308
4170,1690,0.972477
4180,1623,0.972639
4190,1626,0.972802
4200,1621,0.972964
4210,1623,0.973126
4220,1538,0.973280
4230,1567,0.973437
4240,1635,0.973600
4250,1571,0.973757
4260,1624,0.973920
4270,1515,0.974071
4280,1490,0.974220
4290,1528,0.974373
4300,1555,0.974528
4310,1515,0.974680
4320,1479,0.974828
4330,1513,0.974979
4340,1507,0.975130
4350,1431,0.975273
4360,1446,0.975417
4370,1494,0.975567
4380,1455,0.975712
4390,1426,0.975855
4400,1399,0.975995
4410,1388,0.976134
4420,1496,0.976283
4430,1347,0.976418
4440,1402,0.976558
4450,1398,0.976698
4460,1331,0.976831
4470,1334,0.976964
4480,1339,0.977098
4490,1381,0.977236
4500,1324,0.977369
4510,1410,0.977510
4520,1252,0.977635
4530,1398,0.977775
4540,1346,0.977909
4550,1368,0.978046
4560,1355,0.978182
4570,1274,0.978309
4580,1280,0.978437
4590,1273,0.978564
4600,1212,0.978686
4610,1296,0.978815
4620,1250,0.978940
4630,1172,0.979057
4640,1250,0.979182
4650,1221,0.979305
4660,1217,0.979426
4670,1268,0.979553
4680,1259,0.979679
4690,1184,0.979797
4700,1153,0.979913
4710,1115,0.980024
4720,1164,0.980141
4730,1133,0.980254
4740,1182,0.980372
4750,1137,0.980486
4760,1143,0.980600
4770,1123,0.980712
4780,1093,0.980822
4790,1142,0.980936
4800,1130,0.981049
4810,1127,0.981162
4820,1088,0.981270
4830,1139,0.981384
4840,1063,0.981491
4850,1113,0.981602
4860,1127,0.981715
4870,1066,0.981821
4880,1074,0.981929
4890,1103,0.982039
4900,1107,0.982150
4910,1010,0.982251
4920,1007,0.982351
4930,1029,0.982454
4940,970,0.982551
4950,1053,0.982656
4960,999,0.982756
4970,1053,0.982862
4980,1051,0.982967
4990,1019,0.983069
5000,991,0.983168
5010,1041,0.983272
5020,1007,0.983373
5030,990,0.983472
5040,967,0.983568
5050,1002,0.983668
5060,982,0.983767
5070,975,0.983864
5080,989,0.983963
5090,978,0.984061
5100,969,0.984158
5110,996,0.984257
5120,971,0.984354
5130,974,0.984452
5140,1044,0.984556
5150,948,0.984651
5160,919,0.984743
5170,962,0.984839
5180,945,0.984934
5190,929,0.985027
5200,941,0.985121
5210,879,0.985209
5220,907,0.985299
5230,952,0.985394
5240,933,0.985488
5250,857,0.985573
5260,900,0.985663
5270,869,0.985750
5280,908,0.985841
5290,939,0.985935
5300,870,0.986022
5310,873,0.986109
5320,851,0.986194
5330,840,0.986278
5340,844,0.986363
5350,834,0.986446
5360,906,0.986537
5370,886,0.986625
5380,895,0.986715
5390,858,0.986801
5400,815,0.986882
5410,799,0.986962
5420,831,0.987045
5430,882,0.987133
5440,795,0.987213
5450,841,0.987297
5460,820,0.987379
5470,851,0.987464
5480,807,0.987545
5490,749,0.987620
5500,802,0.987700
5510,800,0.987780
5520,804,0.987860
5530,823,0.987943
5540,781,0.988021
5550,770,0.988098
5560,764,0.988174
5570,720,0.988246
5580,762,0.988322
5590,796,0.988402
5600,750,0.988477
5610,812,0.988558
5620,760,0.988634
5630,735,0.988708
5640,686,0.988776
5650,730,0.988849
5660,738,0.988923
5670,747,0.988998
5680,771,0.989075
5690,720,0.989147
5700,699,0.989217
5710,735,0.989290
5720,716,0.989362
5730,718,0.989434
5740,710,0.989505
5750,696,0.989574
5760,699,0.989644
5770,729,0.989717
5780,677,0.989785
5790,710,0.989856
5800,698,0.989926
5810,701,0.989996
5820,703,0.990066
5830,676,0.990134
5840,650,0.990199
5850,693,0.990268
5860,663,0.990334
5870,665,0.990401
5880,683,0.990469
5890,624,0.990531
5900,661,0.990597
5910,643,0.990662
5920,711,0.990733
5930,613,0.990794
5940,665,0.990861
5950,629,0.990924
5960,642,0.990988
5970,627,0.991050
5980,648,0.991115
5990,662,0.991181
6000,597,0.991241
6010,590,0.991300
6020,610,0.991361
6030,621,0.991423
6040,563,0.991480
6050,608,0.991540
6060,632,0.991604
6070,547,0.991658
6080,614,0.991720
6090,565,0.991776
6100,563,0.991832
6110,595,0.991892
6120,578,0.991950
6130,543,0.992004
6140,637,0.992068
6150,592,0.992127
6160,507,0.992178
6170,587,0.992236
6180,571,0.992293
6190,587,0.992352
6200,588,0.992411
6210,539,0.992465
6220,515,0.992516
6230,571,0.992573
6240,534,0.992627
6250,528,0.992680
6260,532,0.992733
6270,556,0.992788
6280,509,0.992839
6290,557,0.992895
6300,522,0.992947
6310,564,0.993004
6320,508,0.993055
6330,551,0.993110
6340,548,0.993164
6350,547,0.993219
6360,514,0.993270
6370,515,0.993322
6380,484,0.993370
6390,486,0.993419
6400,515,0.993470
6410,525,0.993523
6420,529,0.993576
6430,516,0.993627
6440,510,0.993679
6450,524,0.993731
6460,487,0.993780
6470,485,0.993828
6480,487,0.993877
6490,540,0.993931
6500,543,0.993985
6510,470,0.994032
6520,487,0.994081
6530,439,0.994125
6540,455,0.994170
6550,482,0.994218
6560,472,0.994266
6570,482,0.994314
6580,520,0.994366
6590,484,0.994414
6600,478,0.994462
6610,446,0.994507
6620,469,0.994554
6630,466,0.994600
6640,505,0.994651
6650,435,0.994694
6660,461,0.994740
6670,472,0.994787
6680,489,0.994836
6690,483,0.994885
6700,431,0.994928
6710,468,0.994974
6720,421,0.995017
6730,400,0.995057
6740,458,0.995102
6750,430,0.995145
6760,444,0.995190
6770,449,0.995235
6780,436,0.995278
6790,392,0.995318
6800,428,0.995360
6810,392,0.995399
6820,442,0.995444
6830,433,0.995487
6840,406,0.995528
6850,419,0.995569
6860,415,0.995611
6870,390,0.995650
6880,450,0.995695
6890,438,0.995739
6900,402,0.995779
6910,391,0.995818
6920,373,0.995855
6930,435,0.995899
6940,397,0.995939
6950,361,0.995975
6960,437,0.996018
6970,436,0.996062
6980,393,0.996101
6990,409,0.996142
7000,373,0.996180
7010,380,0.996217
7020,385,0.996256
7030,354,0.996291
7040,359,0.996327
7050,398,0.996367
7060,372,0.996404
7070,357,0.996440
7080,373,0.996477
7090,365,0.996514
7100,340,0.996548
7110,384,0.996586
7120,359,0.996622
7130,343,0.996656
7140,345,0.996691
7150,352,0.996726
7160,354,0.996762
7170,341,0.996796
7180,329,0.996828
7190,377,0.996866
7200,335,0.996900
7210,346,0.996934
7220,327,0.996967
7230,352,0.997002
7240,284,0.997031
7250,320,0.997063
7260,305,0.997093
7270,315,0.997125
7280,288,0.997153
7290,316,0.997185
7300,334,0.997218
7310,340,0.997252
7320,294,0.997282
7330,315,0.997313
7340,303,0.997344
7350,297,0.997373
7360,310,0.997404
7370,296,0.997434
7380,291,0.997463
7390,291,0.997492
7400,291,0.997521
7410,268,0.997548
7420,289,0.997577
7430,278,0.997605
7440,273,0.997632
7450,252,0.997657
7460,281,0.997685
7470,252,0.997710
7480,287,0.997739
7490,268,0.997766
7500,232,0.997789
7510,291,0.997818
7520,247,0.997843
7530,265,0.997869
7540,224,0.997892
7550,268,0.997919
7560,250,0.997944
7570,231,0.997967
7580,264,0.997993
7590,232,0.998016
7600,265,0.998043
7610,248,0.998068
7620,216,0.998089
7630,235,0.998113
7640,223,0.998135
7650,223,0.998157
7660,214,0.998179
7670,211,0.998200
7680,196,0.998219
7690,241,0.998244
7700,216,0.998265
7710,188,0.998284
7720,190,0.998303
7730,195,0.998322
7740,209,0.998343
7750,209,0.998364
7760,202,0.998384
7770,190,0.998403
7780,183,0.998422
7790,213,0.998443
7800,207,0.998464
7810,184,0.998482
7820,191,0.998501
7830,154,0.998517
7840,184,0.998535
7850,147,0.998550
7860,191,0.998569
7870,173,0.998586
7880,161,0.998602
7890,160,0.998618
7900,171,0.998635
7910,156,0.998651
7920,168,0.998668
7930,160,0.998684
7940,196,0.998703
7950,147,0.998718
7960,156,0.998734
7970,149,0.998749
7980,120,0.998761
7990,139,0.998774
8000,150,0.998789
8010,133,0.998803
8020,162,0.998819
8030,142,0.998833
8040,113,0.998845
8050,118,0.998856
8060,144,0.998871
8070,121,0.998883
8080,148,0.998898
8090,116,0.998909
8100,119,0.998921
8110,146,0.998936
8120,114,0.998947
8130,119,0.998959
8140,125,0.998972
8150,129,0.998984
8160,116,0.998996
8170,107,0.999007
8180,94,0.999016
8190,120,0.999028
8200,109,0.999039
8210,111,0.999050
8220,105,0.999061
8230,105,0.999071
8240,119,0.999083
8250,103,0.999093
8260,107,0.999104
8270,96,0.999114
8280,93,0.999123
8290,99,0.999133
8300,99,0.999143
8310,88,0.999152
8320,83,0.999160
8330,92,0.999169
8340,97,0.999179
8350,91,0.999188
8360,96,0.999197
8370,89,0.999206
8380,86,0.999215
8390,73,0.999222
8400,104,0.999233
8410,94,0.999242
8420,81,0.999250
8430,85,0.999259
8440,81,0.999267
8450,90,0.999276
8460,76,0.999283
8470,91,0.999292
8480,86,0.999301
8490,71,0.999308
8500,70,0.999315
8510,84,0.999323
8520,70,0.999331
8530,56,0.999336
8540,60,0.999342
8550,62,0.999348
8560,72,0.999355
8570,74,0.999363
8580,66,0.999370
8590,75,0.999377
8600,68,0.999384
8610,58,0.999390
8620,58,0.999395
8630,70,0.999402
8640,54,0.999408
8650,45,0.999412
8660,65,0.999419
8670,50,0.999424
8680,46,0.999428
8690,55,0.999434
8700,61,0.999440
8710,55,0.999445
8720,51,0.999451
8730,55,0.999456
8740,61,0.999462
8750,57,0.999468
8760,41,0.999472
8770,48,0.999477
8780,47,0.999481
8790,39,0.999485
8800,44,0.999490
8810,43,0.999494
8820,44,0.999498
8830,58,0.999504
8840,46,0.999509
8850,46,0.999514
8860,48,0.999518
8870,42,0.999523
8880,43,0.999527
8890,33,0.999530
8900,44,0.999534
8910,49,0.999539
8920,31,0.999542
8930,46,0.999547
8940,41,0.999551
8950,30,0.999554
8960,33,0.999557
8970,50,0.999563
8980,45,0.999567
8990,43,0.999571
9000,33,0.999575
9010,36,0.999578
9020,32,0.999581
9030,23,0.999584
9040,29,0.999587
9050,35,0.999590
9060,37,0.999594
9070,26,0.999596
9080,29,0.999599
9090,36,0.999603
9100,27,0.999606
9110,39,0.999609
9120,34,0.999613
9130,29,0.999616
9140,41,0.999620
9150,32,0.999623
9160,28,0.999626
9170,22,0.999628
9180,24,0.999631
9190,38,0.999634
9200,33,0.999638
9210,24,0.999640
9220,28,0.999643
9230,22,0.999645
9240,31,0.999648
9250,26,0.999651
9260,19,0.999653
9270,28,0.999655
9280,26,0.999658
9290,28,0.999661
9300,26,0.999663
9310,27,0.999666
9320,25,0.999669
9330,20,0.999671
9340,29,0.999673
9350,24,0.999676
9360,20,0.999678
9370,25,0.999680
9380,19,0.999682
9390,18,0.999684
9400,25,0.999687
9410,23,0.999689
9420,27,0.999692
9430,21,0.999694
9440,28,0.999696
9450,13,0.999698
9460,23,0.999700
9470,15,0.999702
9480,18,0.999703
9490,23,0.999706
9500,16,0.999707
9510,22,0.999709
9520,29,0.999712
9530,21,0.999714
9540,19,0.999716
9550,29,0.999719
9560,34,0.999723
9570,17,0.999724
9580,24,0.999727
9590,15,0.999728
9600,16,0.999730
9610,11,0.999731
9620,14,0.999732
9630,23,0.999735
9640,20,0.999737
9650,23,0.999739
9660,13,0.999740
9670,12,0.999741
9680,16,0.999743
9690,17,0.999745
9700,15,0.999746
9710,18,0.999748
9720,20,0.999750
9730,22,0.999752
9740,14,0.999754
9750,21,0.999756
9760,17,0.999758
9770,13,0.999759
9780,21,0.999761
9790,11,0.999762
9800,21,0.999764
9810,15,0.999766
9820,26,0.999768
9830,11,0.999769
9840,21,0.999771
9850,15,0.999773
9860,22,0.999775
9870,18,0.999777
9880,12,0.999778
9890,12,0.999779
9900,16,0.999781
9910,15,0.999782
9920,20,0.999784
9930,10,0.999785
9940,13,0.999787
9950,14,0.999788
9960,19,0.999790
9970,22,0.999792
9980,15,0.999794
9990,15,0.999795
10000,13,0.999797
10010,17,0.999798
10020,14,0.999800
10030,11,0.999801
10040,14,0.999802
10050,14,0.999803
10060,13,0.999805
10070,13,0.999806
10080,15,0.999808
10090,7,0.999808
10100,8,0.999809
10110,9,0.999810
10120,10,0.999811
10130,7,0.999812
10140,10,0.999813
10150,12,0.999814
10160,13,0.999815
10170,11,0.999816
10180,16,0.999818
10190,12,0.999819
10200,13,0.999820
10210,9,0.999821
10220,15,0.999823
10230,14,0.999824
10240,9,0.999825
10250,6,0.999826
10260,9,0.999827
10270,11,0.999828
10280,5,0.999828
10290,12,0.999829
10300,16,0.999831
10310,5,0.999831
10320,12,0.999833
10330,13,0.999834
10340,11,0.999835
10350,15,0.999837
10360,14,0.999838
10370,9,0.999839
10380,12,0.999840
10390,11,0.999841
10400,8,0.999842
10410,15,0.999843
10420,12,0.999845
10430,12,0.999846
10440,18,0.999848
10450,9,0.999849
10460,5,0.999849
10470,10,0.999850
10480,9,0.999851
10490,8,0.999852
10500,12,0.999853
10510,5,0.999853
10520,14,0.999855
10530,11,0.999856
10540,9,0.999857
10550,14,0.999858
10560,10,0.999859
10570,9,0.999860
10580,12,0.999861
10590,11,0.999862
10600,14,0.999864
10610,11,0.999865
10620,7,0.999866
10630,7,0.999866
10640,10,0.999867
10650,8,0.999868
10660,7,0.999869
10670,9,0.999870
10680,10,0.999871
10690,11,0.999872
10700,4,0.999872
10710,7,0.999873
10720,10,0.999874
10730,5,0.999874
10740,9,0.999875
10750,4,0.999876
10760,12,0.999877
10770,8,0.999878
10780,8,0.999879
10790,9,0.999879
10800,13,0.999881
10810,12,0.999882
10820,12,0.999883
10830,8,0.999884
10840,12,0.999885
10850,8,0.999886
10860,8,0.999887
10870,6,0.999887
10880,3,0.999888
10890,9,0.999889
10900,8,0.999889
10910,6,0.999890
10920,1,0.999890
10930,10,0.999891
10940,9,0.999892
10950,6,0.999893
10960,4,0.999893
10970,7,0.999894
10980,10,0.999895
10990,7,0.999895
11000,9,0.999896
11010,5,0.999897
11020,13,0.999898
11030,5,0.999899
11040,8,0.999899
11050,6,0.999900
11060,5,0.999901
11070,5,0.999901
11080,8,0.999902
11090,11,0.999903
11100,6,0.999904
11110,6,0.999904
11120,12,0.999905
11130,8,0.999906
11140,4,0.999906
11150,4,0.999907
11160,8,0.999908
11170,6,0.999908
11180,4,0.999909
11190,12,0.999910
11200,10,0.999911
11210,13,0.999912
11220,8,0.999913
11230,9,0.999914
11240,6,0.999915
11250,4,0.999915
11260,5,0.999915
11270,9,0.999916
11280,5,0.999917
11290,7,0.999918
11300,8,0.999918
11310,4,0.999919
11320,5,0.999919
11330,1,0.999919
11340,6,0.999920
11350,6,0.999920
11360,5,0.999921
11370,4,0.999921
11380,2,0.999922
11390,5,0.999922
11400,9,0.999923
11410,6,0.999924
11420,5,0.999924
11430,7,0.999925
11440,6,0.999925
11450,6,0.999926
11460,2,0.999926
11470,5,0.999927
11480,10,0.999928
11490,4,0.999928
11500,5,0.999929
11510,4,0.999929
11520,2,0.999929
11530,5,0.999930
11540,5,0.999930
11550,6,0.999931
11560,4,0.999931
11570,5,0.999932
11580,4,0.999932
11590,5,0.999933
11610,7,0.999933
11620,4,0.999934
11630,4,0.999934
11640,5,0.999935
11650,5,0.999935
11660,4,0.999936
11670,3,0.999936
11680,3,0.999936
11690,8,0.999937
11700,3,0.999937
11710,5,0.999938
11720,4,0.999938
11730,3,0.999938
11740,7,0.999939
11750,5,0.999940
11760,4,0.999940
11770,2,0.999940
11780,5,0.999941
11790,1,0.999941
11800,4,0.999941
11810,5,0.999942
11820,4,0.999942
11830,3,0.999942
11840,1,0.999942
11850,2,0.999943
11860,3,0.999943
11870,5,0.999943
11880,3,0.999944
11890,9,0.999945
11900,3,0.999945
11910,3,0.999945
11920,4,0.999946
11930,6,0.999946
11940,3,0.999947
11950,5,0.999947
11960,5,0.999948
11970,5,0.999948
11980,3,0.999948
11990,6,0.999949
12000,5,0.999950
12010,4,0.999950
12020,4,0.999950
12030,5,0.999951
12040,7,0.999951
12050,3,0.999952
12060,7,0.999952
12070,3,0.999953
12080,5,0.999953
12090,4,0.999954
12110,5,0.999954
12120,8,0.999955
12130,2,0.999955
12140,1,0.999955
12150,6,0.999956
12160,3,0.999956
12170,8,0.999957
12180,4,0.999957
12190,5,0.999958
12200,3,0.999958
12210,6,0.999959
12220,3,0.999959
12230,2,0.999959
12240,2,0.999960
12250,2,0.999960
12260,5,0.999960
12270,3,0.999960
12280,6,0.999961
12290,7,0.999962
12300,3,0.999962
12310,4,0.999963
12320,2,0.999963
12330,1,0.999963
12340,5,0.999963
12350,2,0.999964
12370,4,0.999964
12390,5,0.999964
12400,3,0.999965
12410,4,0.999965
12420,4,0.999965
12430,3,0.999966
12440,2,0.999966
12450,1,0.999966
12460,2,0.999966
12470,1,0.999966
12480,4,0.999967
12490,7,0.999968
12500,7,0.999968
12510,2,0.999968
12520,1,0.999969
12530,3,0.999969
12540,1,0.999969
12550,7,0.999970
12560,3,0.999970
12570,4,0.999970
12580,3,0.999971
12590,4,0.999971
12600,1,0.999971
12610,2,0.999971
12620,1,0.999971
12630,1,0.999972
12640,3,0.999972
12650,4,0.999972
12660,3,0.999973
12670,1,0.999973
12680,6,0.999973
12700,1,0.999973
12710,3,0.999974
12730,3,0.999974
12740,7,0.999975
12750,3,0.999975
12760,2,0.999975
12770,3,0.999975
12780,3,0.999976
12790,2,0.999976
12810,3,0.999976
12820,3,0.999977
12830,5,0.999977
12840,2,0.999977
12860,3,0.999978
12870,1,0.999978
12890,2,0.999978
12900,2,0.999978
12910,1,0.999978
12930,2,0.999978
12940,1,0.999978
12950,2,0.999979
12960,8,0.999979
12970,4,0.999980
12980,1,0.999980
12990,2,0.999980
13000,2,0.999980
13010,4,0.999981
13020,1,0.999981
13030,3,0.999981
13040,1,0.999981
13050,5,0.999982
13070,4,0.999982
13080,2,0.999982
13090,2,0.999982
13100,3,0.999983
13110,2,0.999983
13120,2,0.999983
13130,4,0.999984
13140,4,0.999984
13150,2,0.999984
13170,1,0.999984
13180,3,0.999985
13200,4,0.999985
13210,2,0.999985
13220,1,0.999985
13230,2,0.999986
13270,1,0.999986
13280,1,0.999986
13290,2,0.999986
13300,4,0.999986
13330,1,0.999986
13340,2,0.999987
13350,5,0.999987
13370,1,0.999987
13390,1,0.999987
13400,1,0.999987
13410,2,0.999988
13420,3,0.999988
13440,1,0.999988
13450,2,0.999988
13470,1,0.999988
13480,2,0.999988
13500,3,0.999989
13510,4,0.999989
13520,2,0.999989
13560,2,0.999990
13570,1,0.999990
13580,1,0.999990
13590,2,0.999990
13610,1,0.999990
13630,1,0.999990
13660,2,0.999990
13670,1,0.999991
13680,2,0.999991
13690,4,0.999991
13700,1,0.999991
13710,2,0.999991
13720,4,0.999992
13760,2,0.999992
13770,1,0.999992
13780,1,0.999992
13800,2,0.999992
13830,2,0.999993
13840,2,0.999993
13860,3,0.999993
13870,3,0.999993
13880,2,0.999994
13900,2,0.999994
13910,1,0.999994
13920,1,0.999994
13940,1,0.999994
13990,1,0.999994
14000,2,0.999994
14020,1,0.999995
14050,1,0.999995
14110,1,0.999995
14120,2,0.999995
14170,1,0.999995
14180,1,0.999995
14190,1,0.999995
14200,1,0.999995
14230,1,0.999995
14240,1,0.999996
14260,2,0.999996
14280,1,0.999996
14290,1,0.999996
14300,1,0.999996
14330,1,0.999996
14340,3,0.999996
14350,1,0.999996
14360,2,0.999997
14370,1,0.999997
14390,1,0.999997
14400,1,0.999997
14420,1,0.999997
14440,1,0.999997
14460,1,0.999997
14490,1,0.999997
14500,1,0.999997
14510,1,0.999998
14520,1,0.999998
14530,1,0.999998
14550,2,0.999998
14560,2,0.999998
14580,2,0.999998
14590,1,0.999999
14600,1,0.999999
14610,1,0.999999
14660,1,0.999999
14680,1,0.999999
14690,1,0.999999
14730,1,0.999999
14750,1,0.999999
14790,3,1.000000
14810,1,1.000000
14820,1,1.000000
14950,1,1.000000
15040,1,1.000000
15080,1,1.000000
