#latency,cnt,cdf
0,626,0.000063
10,129,0.000076
20,46,0.000080
30,18,0.000082
40,7,0.000083
50,4088,0.000491
60,13984,0.001890
70,14246,0.003314
80,17132,0.005028
90,11909,0.006219
100,12106,0.007429
110,20834,0.009513
120,17882,0.011301
130,16646,0.012965
140,14856,0.014451
150,14245,0.015875
160,14623,0.017338
170,16421,0.018980
180,20224,0.021002
190,20569,0.023059
200,20873,0.025146
210,21128,0.027259
220,22866,0.029546
230,23636,0.031909
240,23080,0.034217
250,24291,0.036647
260,25743,0.039221
270,26537,0.041875
280,26777,0.044552
290,27007,0.047253
300,27452,0.049998
310,28667,0.052865
320,28812,0.055746
330,29255,0.058672
340,29324,0.061604
350,29386,0.064543
360,29574,0.067500
370,29909,0.070491
380,30379,0.073529
390,30386,0.076567
400,30532,0.079621
410,30934,0.082714
420,31072,0.085821
430,31738,0.088995
440,31702,0.092165
450,31482,0.095313
460,31661,0.098479
470,32061,0.101686
480,31878,0.104873
490,31496,0.108023
500,32139,0.111237
510,32313,0.114468
520,32151,0.117683
530,32648,0.120948
540,32545,0.124203
550,32653,0.127468
560,32566,0.130724
570,32608,0.133985
580,32833,0.137269
590,32867,0.140555
600,33359,0.143891
610,32998,0.147191
620,33264,0.150517
630,32939,0.153811
640,33059,0.157117
650,33163,0.160433
660,33254,0.163759
670,33419,0.167101
680,33299,0.170431
690,33500,0.173781
700,33487,0.177129
710,33476,0.180477
720,33406,0.183818
730,33560,0.187174
740,33563,0.190530
750,33438,0.193874
760,33611,0.197235
770,33311,0.200566
780,33562,0.203922
790,33883,0.207310
800,33671,0.210677
810,33676,0.214045
820,33458,0.217391
830,33656,0.220756
840,33499,0.224106
850,33546,0.227461
860,33394,0.230800
870,33554,0.234156
880,33605,0.237516
890,33235,0.240840
900,33466,0.244186
910,33584,0.247545
920,33367,0.250881
930,33330,0.254214
940,33258,0.257540
950,33207,0.260861
960,33344,0.264195
970,33390,0.267534
980,33272,0.270862
990,33458,0.274207
1000,33096,0.277517
1010,33120,0.280829
1020,33444,0.284173
1030,33082,0.287482
1040,33200,0.290802
1050,33110,0.294113
1060,33018,0.297414
1070,32888,0.300703
1080,33434,0.304047
1090,33233,0.307370
1100,32910,0.310661
1110,32890,0.313950
1120,32809,0.317231
1130,32493,0.320480
1140,32808,0.323761
1150,32396,0.327000
1160,32742,0.330275
1170,32600,0.333535
1180,32308,0.336765
1190,32356,0.340001
1200,32666,0.343268
1210,32566,0.346524
1220,32448,0.349769
1230,32096,0.352979
1240,32656,0.356244
1250,31944,0.359439
1260,32080,0.362647
1270,32085,0.365855
1280,31661,0.369021
1290,31836,0.372205
1300,32166,0.375421
1310,31866,0.378608
1320,31827,0.381791
1330,31998,0.384991
1340,31559,0.388146
1350,31676,0.391314
1360,31403,0.394454
1370,31493,0.397604
1380,31293,0.400733
1390,30915,0.403824
1400,30972,0.406922
1410,30948,0.410016
1420,31035,0.413120
1430,30964,0.416216
1440,30963,0.419313
1450,30954,0.422408
1460,30713,0.425479
1470,30641,0.428543
1480,30679,0.431611
1490,30075,0.434619
1500,30323,0.437651
1510,29953,0.440646
1520,29971,0.443644
1530,30006,0.446644
1540,29870,0.449631
1550,29981,0.452629
1560,29426,0.455572
1570,29588,0.458531
1580,29374,0.461468
1590,29251,0.464393
1600,29307,0.467324
1610,29178,0.470242
1620,29332,0.473175
1630,28641,0.476039
1640,28702,0.478909
1650,28408,0.481750
1660,28632,0.484613
1670,28386,0.487452
1680,28389,0.490291
1690,28168,0.493107
1700,28305,0.495938
1710,27998,0.498738
1720,27957,0.501534
1730,27757,0.504309
1740,27832,0.507092
1750,27467,0.509839
1760,27309,0.512570
1770,27179,0.515288
1780,27002,0.517988
1790,26996,0.520688
1800,26707,0.523358
1810,26823,0.526041
1820,26741,0.528715
1830,26696,0.531384
1840,26266,0.534011
1850,26496,0.536661
1860,26324,0.539293
1870,26132,0.541906
1880,26108,0.544517
1890,25873,0.547104
1900,25491,0.549653
1910,25406,0.552194
1920,25546,0.554749
1930,25579,0.557307
1940,25349,0.559841
1950,25031,0.562344
1960,24918,0.564836
1970,24898,0.567326
1980,24803,0.569806
1990,24643,0.572271
2000,24875,0.574758
2010,24612,0.577219
2020,24195,0.579639
2030,24025,0.582041
2040,23994,0.584441
2050,24368,0.586878
2060,23811,0.589259
2070,23671,0.591626
2080,23484,0.593974
2090,23422,0.596316
2100,23162,0.598633
2110,22522,0.600885
2120,23173,0.603202
2130,22657,0.605468
2140,22806,0.607748
2150,22871,0.610036
2160,22403,0.612276
2170,22542,0.614530
2180,22209,0.616751
2190,22097,0.618961
2200,22248,0.621185
2210,21918,0.623377
2220,21494,0.625527
2230,21543,0.627681
2240,21492,0.629830
2250,21577,0.631988
2260,21398,0.634128
2270,21040,0.636232
2280,21154,0.638347
2290,21097,0.640457
2300,21050,0.642562
2310,20743,0.644636
2320,20415,0.646678
2330,20518,0.648729
2340,20500,0.650779
2350,20336,0.652813
2360,20236,0.654837
2370,19940,0.656831
2380,19939,0.658824
2390,19901,0.660815
2400,19621,0.662777
2410,19393,0.664716
2420,19405,0.666656
2430,19459,0.668602
2440,19197,0.670522
2450,19211,0.672443
2460,18899,0.674333
2470,18736,0.676207
2480,18682,0.678075
2490,18632,0.679938
2500,18769,0.681815
2510,18299,0.683645
2520,18487,0.685494
2530,18210,0.687315
2540,18032,0.689118
2550,17905,0.690908
2560,18016,0.692710
2570,17837,0.694494
2580,17631,0.696257
2590,17546,0.698011
2600,17376,0.699749
2610,17323,0.701481
2620,17250,0.703206
2630,17050,0.704911
2640,17183,0.706629
2650,16886,0.708318
2660,16814,0.709999
2670,16685,0.711668
2680,16716,0.713340
2690,16484,0.714988
2700,16345,0.716622
2710,16419,0.718264
2720,16425,0.719907
2730,16342,0.721541
2740,16194,0.723160
2750,15924,0.724753
2760,15770,0.726330
2770,15849,0.727915
2780,15884,0.729503
2790,15441,0.731047
2800,15526,0.732600
2810,15382,0.734138
2820,15198,0.735658
2830,15116,0.737169
2840,15175,0.738687
2850,15181,0.740205
2860,15118,0.741717
2870,14935,0.743210
2880,14834,0.744694
2890,14731,0.746167
2900,14512,0.747618
2910,14671,0.749085
2920,14654,0.750551
2930,14373,0.751988
2940,14253,0.753413
2950,14049,0.754818
2960,14312,0.756249
2970,13929,0.757642
2980,14069,0.759049
2990,13783,0.760427
3000,13664,0.761794
3010,13602,0.763154
3020,13551,0.764509
3030,13621,0.765871
3040,13588,0.767230
3050,13460,0.768576
3060,13107,0.769887
3070,13129,0.771200
3080,13055,0.772505
3090,13096,0.773815
3100,13040,0.775119
3110,12826,0.776401
3120,12921,0.777693
3130,12619,0.778955
3140,12828,0.780238
3150,12444,0.781482
3160,12565,0.782739
3170,12471,0.783986
3180,12400,0.785226
3190,12372,0.786463
3200,12346,0.787698
3210,12184,0.788916
3220,12256,0.790142
3230,12065,0.791348
3240,12004,0.792549
3250,11818,0.793731
3260,11953,0.794926
3270,11708,0.796097
3280,11625,0.797259
3290,11601,0.798419
3300,11706,0.799590
3310,11473,0.800737
3320,11548,0.801892
3330,11357,0.803028
3340,11214,0.804149
3350,11230,0.805272
3360,11450,0.806417
3370,11255,0.807543
3380,11179,0.808660
3390,11145,0.809775
3400,10933,0.810868
3410,11011,0.811969
3420,10841,0.813053
3430,10878,0.814141
3440,10821,0.815223
3450,10740,0.816297
3460,10649,0.817362
3470,10754,0.818438
3480,10685,0.819506
3490,10372,0.820543
3500,10439,0.821587
3510,10374,0.822625
3520,10217,0.823646
3530,10429,0.824689
3540,10189,0.825708
3550,10115,0.826720
3560,10244,0.827744
3570,10022,0.828746
3580,10066,0.829753
3590,9987,0.830752
3600,9939,0.831745
3610,9793,0.832725
3620,9821,0.833707
3630,9941,0.834701
3640,9713,0.835672
3650,9676,0.836640
3660,9637,0.837604
3670,9739,0.838577
3680,9553,0.839533
3690,9582,0.840491
3700,9261,0.841417
3710,9336,0.842351
3720,9392,0.843290
3730,9178,0.844208
3740,9446,0.845152
3750,9182,0.846070
3760,9165,0.846987
3770,9252,0.847912
3780,8983,0.848810
3790,9028,0.849713
3800,8897,0.850603
3810,8820,0.851485
3820,8834,0.852368
3830,8887,0.853257
3840,8773,0.854134
3850,8656,0.855000
3860,8700,0.855870
3870,8733,0.856743
3880,8594,0.857603
3890,8390,0.858442
3900,8416,0.859283
3910,8484,0.860132
3920,8268,0.860958
3930,8331,0.861792
3940,8343,0.862626
3950,8244,0.863450
3960,8170,0.864267
3970,8130,0.865080
3980,7912,0.865871
3990,8032,0.866675
4000,8092,0.867484
4010,8017,0.868286
4020,7982,0.869084
4030,7895,0.869873
4040,7709,0.870644
4050,7814,0.871426
4060,7639,0.872189
4070,7685,0.872958
4080,7571,0.873715
4090,7542,0.874469
4100,7596,0.875229
4110,7526,0.875981
4120,7432,0.876725
4130,7413,0.877466
4140,7203,0.878186
4150,7390,0.878925
4160,7385,0.879664
4170,7316,0.880395
4180,7311,0.881126
4190,7150,0.881841
4200,7111,0.882553
4210,7164,0.883269
4220,6914,0.883960
4230,6944,0.884655
4240,6919,0.885347
4250,6819,0.886029
4260,6949,0.886723
4270,6706,0.887394
4280,6782,0.888072
4290,6671,0.888739
4300,6705,0.889410
4310,6748,0.890085
4320,6646,0.890749
4330,6706,0.891420
4340,6511,0.892071
4350,6531,0.892724
4360,6713,0.893395
4370,6439,0.894039
4380,6292,0.894668
4390,6469,0.895315
4400,6184,0.895934
4410,6143,0.896548
4420,6120,0.897160
4430,6204,0.897780
4440,6110,0.898391
4450,6085,0.899000
4460,6057,0.899606
4470,6039,0.900210
4480,5901,0.900800
4490,5931,0.901393
4500,6020,0.901995
4510,5835,0.902578
4520,5903,0.903169
4530,5782,0.903747
4540,5725,0.904319
4550,5829,0.904902
4560,5674,0.905470
4570,5770,0.906047
4580,5702,0.906617
4590,5565,0.907173
4600,5722,0.907745
4610,5594,0.908305
4620,5511,0.908856
4630,5522,0.909408
4640,5518,0.909960
4650,5562,0.910516
4660,5307,0.911047
4670,5482,0.911595
4680,5430,0.912138
4690,5411,0.912679
4700,5331,0.913212
4710,5134,0.913726
4720,5308,0.914256
4730,5338,0.914790
4740,5111,0.915301
4750,5048,0.915806
4760,5043,0.916310
4770,5164,0.916827
4780,5131,0.917340
4790,5061,0.917846
4800,5051,0.918351
4810,5156,0.918867
4820,5046,0.919371
4830,4861,0.919858
4840,4878,0.920345
4850,4819,0.920827
4860,4767,0.921304
4870,4875,0.921791
4880,4808,0.922272
4890,4802,0.922752
4900,4659,0.923218
4910,4762,0.923694
4920,4665,0.924161
4930,4640,0.924625
4940,4623,0.925087
4950,4581,0.925545
4960,4544,0.926000
4970,4731,0.926473
4980,4661,0.926939
4990,4586,0.927398
5000,4487,0.927846
5010,4576,0.928304
5020,4522,0.928756
5030,4396,0.929196
5040,4326,0.929628
5050,4442,0.930072
5060,4295,0.930502
5070,4386,0.930941
5080,4373,0.931378
5090,4388,0.931817
5100,4280,0.932245
5110,4282,0.932673
5120,4325,0.933105
5130,4087,0.933514
5140,4251,0.933939
5150,4140,0.934353
5160,4248,0.934778
5170,4072,0.935185
5180,4088,0.935594
5190,4026,0.935997
5200,4096,0.936406
5210,4068,0.936813
5220,4018,0.937215
5230,3843,0.937599
5240,3969,0.937996
5250,4001,0.938396
5260,3814,0.938778
5270,3891,0.939167
5280,3846,0.939551
5290,3935,0.939945
5300,3805,0.940325
5310,3973,0.940722
5320,3876,0.941110
5330,3795,0.941490
5340,3785,0.941868
5350,3770,0.942245
5360,3669,0.942612
5370,3705,0.942982
5380,3563,0.943339
5390,3726,0.943711
5400,3759,0.944087
5410,3620,0.944449
5420,3720,0.944821
5430,3541,0.945175
5440,3534,0.945529
5450,3540,0.945883
5460,3461,0.946229
5470,3439,0.946573
5480,3527,0.946925
5490,3516,0.947277
5500,3443,0.947621
5510,3455,0.947967
5520,3390,0.948306
5530,3397,0.948646
5540,3395,0.948985
5550,3446,0.949330
5560,3294,0.949659
5570,3318,0.949991
5580,3268,0.950318
5590,3348,0.950652
5600,3224,0.950975
5610,3260,0.951301
5620,3282,0.951629
5630,3186,0.951948
5640,3225,0.952270
5650,3238,0.952594
5660,3147,0.952909
5670,3096,0.953218
5680,3126,0.953531
5690,3099,0.953841
5700,3057,0.954147
5710,3050,0.954452
5720,3045,0.954756
5730,3100,0.955066
5740,3036,0.955370
5750,2903,0.955660
5760,2888,0.955949
5770,2952,0.956244
5780,2955,0.956539
5790,2977,0.956837
5800,2786,0.957116
5810,2837,0.957399
5820,2823,0.957682
5830,2890,0.957971
5840,2724,0.958243
5850,2724,0.958515
5860,2655,0.958781
5870,2732,0.959054
5880,2758,0.959330
5890,2737,0.959604
5900,2744,0.959878
5910,2574,0.960136
5920,2684,0.960404
5930,2680,0.960672
5940,2554,0.960927
5950,2574,0.961185
5960,2594,0.961444
5970,2579,0.961702
5980,2549,0.961957
5990,2518,0.962209
6000,2495,0.962458
6010,2508,0.962709
6020,2390,0.962948
6030,2431,0.963191
6040,2407,0.963432
6050,2275,0.963659
6060,2340,0.963893
6070,2377,0.964131
6080,2405,0.964372
6090,2349,0.964606
6100,2344,0.964841
6110,2295,0.965070
6120,2312,0.965302
6130,2279,0.965529
6140,2278,0.965757
6150,2251,0.965982
6160,2314,0.966214
6170,2212,0.966435
6180,2256,0.966660
6190,2181,0.966879
6200,2206,0.967099
6210,2124,0.967312
6220,2181,0.967530
6230,2191,0.967749
6240,2140,0.967963
6250,2149,0.968178
6260,2094,0.968387
6270,2017,0.968589
6280,2062,0.968795
6290,2162,0.969011
6300,2024,0.969214
6310,2052,0.969419
6320,2030,0.969622
6330,1969,0.969819
6340,1998,0.970019
6350,1960,0.970214
6360,1963,0.970411
6370,1945,0.970605
6380,2026,0.970808
6390,2064,0.971014
6400,1936,0.971208
6410,2041,0.971412
6420,1882,0.971600
6430,1817,0.971782
6440,1855,0.971967
6450,1792,0.972147
6460,1837,0.972330
6470,1825,0.972513
6480,1884,0.972701
6490,1816,0.972883
6500,1807,0.973063
6510,1792,0.973243
6520,1854,0.973428
6530,1824,0.973611
6540,1719,0.973782
6550,1823,0.973965
6560,1764,0.974141
6570,1705,0.974312
6580,1685,0.974480
6590,1785,0.974659
6600,1697,0.974828
6610,1674,0.974996
6620,1644,0.975160
6630,1682,0.975328
6640,1650,0.975493
6650,1651,0.975658
6660,1693,0.975828
6670,1623,0.975990
6680,1527,0.976143
6690,1624,0.976305
6700,1624,0.976467
6710,1605,0.976628
6720,1575,0.976785
6730,1574,0.976943
6740,1539,0.977097
6750,1565,0.977253
6760,1564,0.977410
6770,1544,0.977564
6780,1512,0.977715
6790,1470,0.977862
6800,1556,0.978018
6810,1510,0.978169
6820,1451,0.978314
6830,1460,0.978460
6840,1457,0.978606
6850,1473,0.978753
6860,1490,0.978902
6870,1471,0.979049
6880,1405,0.979190
6890,1484,0.979338
6900,1510,0.979489
6910,1407,0.979630
6920,1426,0.979772
6930,1373,0.979910
6940,1387,0.980048
6950,1386,0.980187
6960,1351,0.980322
6970,1452,0.980467
6980,1374,0.980605
6990,1324,0.980737
7000,1317,0.980869
7010,1289,0.980998
7020,1287,0.981126
7030,1348,0.981261
7040,1321,0.981393
7050,1250,0.981518
7060,1316,0.981650
7070,1327,0.981782
7080,1339,0.981916
7090,1293,0.982046
7100,1224,0.982168
7110,1266,0.982295
7120,1256,0.982420
7130,1293,0.982550
7140,1266,0.982676
7150,1161,0.982792
7160,1232,0.982916
7170,1248,0.983040
7180,1215,0.983162
7190,1184,0.983280
7200,1147,0.983395
7210,1210,0.983516
7220,1218,0.983638
7230,1183,0.983756
7240,1114,0.983867
7250,1105,0.983978
7260,1162,0.984094
7270,1138,0.984208
7280,1093,0.984317
7290,1155,0.984433
7300,1116,0.984544
7310,1086,0.984653
7320,1145,0.984767
7330,1120,0.984879
7340,1094,0.984989
7350,1096,0.985098
7360,1082,0.985207
7370,1045,0.985311
7380,1039,0.985415
7390,1089,0.985524
7400,1015,0.985625
7410,1055,0.985731
7420,987,0.985830
7430,1011,0.985931
7440,1048,0.986036
7450,949,0.986130
7460,979,0.986228
7470,1019,0.986330
7480,1044,0.986435
7490,1007,0.986535
7500,1016,0.986637
7510,993,0.986736
7520,978,0.986834
7530,970,0.986931
7540,927,0.987024
7550,966,0.987120
7560,938,0.987214
7570,959,0.987310
7580,923,0.987402
7590,908,0.987493
7600,936,0.987587
7610,934,0.987680
7620,922,0.987772
7630,855,0.987858
7640,904,0.987948
7650,867,0.988035
7660,892,0.988124
7670,883,0.988212
7680,857,0.988298
7690,850,0.988383
7700,859,0.988469
7710,880,0.988557
7720,870,0.988644
7730,873,0.988731
7740,860,0.988817
7750,890,0.988906
7760,869,0.988993
7770,813,0.989074
7780,830,0.989157
7790,882,0.989246
7800,859,0.989332
7810,797,0.989411
7820,815,0.989493
7830,789,0.989572
7840,816,0.989653
7850,812,0.989734
7860,795,0.989814
7870,801,0.989894
7880,807,0.989975
7890,806,0.990055
7900,816,0.990137
7910,770,0.990214
7920,772,0.990291
7930,729,0.990364
7940,714,0.990435
7950,724,0.990508
7960,715,0.990579
7970,712,0.990651
7980,782,0.990729
7990,758,0.990805
8000,742,0.990879
8010,695,0.990948
8020,666,0.991015
8030,687,0.991084
8040,702,0.991154
8050,656,0.991219
8060,659,0.991285
8070,680,0.991353
8080,710,0.991424
8090,707,0.991495
8100,672,0.991562
8110,635,0.991626
8120,652,0.991691
8130,699,0.991761
8140,683,0.991829
8150,682,0.991897
8160,621,0.991959
8170,659,0.992025
8180,629,0.992088
8190,590,0.992147
8200,640,0.992211
8210,566,0.992268
8220,617,0.992329
8230,538,0.992383
8240,596,0.992443
8250,621,0.992505
8260,644,0.992569
8270,595,0.992629
8280,549,0.992684
8290,568,0.992741
8300,560,0.992797
8310,539,0.992850
8320,597,0.992910
8330,591,0.992969
8340,591,0.993028
8350,576,0.993086
8360,580,0.993144
8370,538,0.993198
8380,523,0.993250
8390,532,0.993303
8400,557,0.993359
8410,562,0.993415
8420,510,0.993466
8430,525,0.993519
8440,511,0.993570
8450,505,0.993620
8460,467,0.993667
8470,531,0.993720
8480,471,0.993767
8490,533,0.993820
8500,479,0.993868
8510,500,0.993918
8520,522,0.993971
8530,493,0.994020
8540,496,0.994070
8550,482,0.994118
8560,501,0.994168
8570,491,0.994217
8580,463,0.994263
8590,505,0.994314
8600,471,0.994361
8610,445,0.994405
8620,506,0.994456
8630,451,0.994501
8640,462,0.994547
8650,451,0.994592
8660,475,0.994640
8670,458,0.994686
8680,430,0.994729
8690,431,0.994772
8700,457,0.994817
8710,445,0.994862
8720,429,0.994905
8730,415,0.994946
8740,369,0.994983
8750,413,0.995025
8760,448,0.995069
8770,415,0.995111
8780,423,0.995153
8790,386,0.995192
8800,406,0.995232
8810,384,0.995271
8820,374,0.995308
8830,415,0.995350
8840,428,0.995392
8850,382,0.995431
8860,369,0.995467
8870,372,0.995505
8880,383,0.995543
8890,400,0.995583
8900,366,0.995620
8910,322,0.995652
8920,344,0.995686
8930,404,0.995727
8940,413,0.995768
8950,355,0.995803
8960,365,0.995840
8970,354,0.995875
8980,333,0.995909
8990,359,0.995944
9000,357,0.995980
9010,337,0.996014
9020,350,0.996049
9030,367,0.996086
9040,347,0.996120
9050,314,0.996152
9060,322,0.996184
9070,319,0.996216
9080,320,0.996248
9090,354,0.996283
9100,317,0.996315
9110,342,0.996349
9120,340,0.996383
9130,330,0.996416
9140,302,0.996446
9150,299,0.996476
9160,325,0.996509
9170,323,0.996541
9180,331,0.996574
9190,308,0.996605
9200,293,0.996634
9210,311,0.996665
9220,322,0.996697
9230,308,0.996728
9240,273,0.996756
9250,260,0.996782
9260,280,0.996810
9270,317,0.996841
9280,288,0.996870
9290,276,0.996898
9300,298,0.996927
9310,290,0.996957
9320,266,0.996983
9330,279,0.997011
9340,287,0.997040
9350,261,0.997066
9360,279,0.997094
9370,233,0.997117
9380,258,0.997143
9390,277,0.997171
9400,237,0.997194
9410,260,0.997220
9420,231,0.997243
9430,242,0.997267
9440,239,0.997291
9450,226,0.997314
9460,233,0.997337
9470,238,0.997361
9480,245,0.997386
9490,229,0.997409
9500,257,0.997434
9510,241,0.997458
9520,223,0.997481
9530,218,0.997502
9540,225,0.997525
9550,226,0.997548
9560,236,0.997571
9570,229,0.997594
9580,211,0.997615
9590,185,0.997634
9600,208,0.997654
9610,234,0.997678
9620,207,0.997698
9630,231,0.997722
9640,203,0.997742
9650,210,0.997763
9660,190,0.997782
9670,207,0.997803
9680,195,0.997822
9690,206,0.997843
9700,205,0.997863
9710,195,0.997883
9720,180,0.997901
9730,200,0.997921
9740,198,0.997940
9750,194,0.997960
9760,203,0.997980
9770,158,0.997996
9780,194,0.998015
9790,185,0.998034
9800,183,0.998052
9810,194,0.998072
9820,186,0.998090
9830,166,0.998107
9840,177,0.998124
9850,183,0.998143
9860,165,0.998159
9870,180,0.998177
9880,183,0.998196
9890,169,0.998213
9900,171,0.998230
9910,175,0.998247
9920,182,0.998265
9930,181,0.998283
9940,147,0.998298
9950,141,0.998312
9960,147,0.998327
9970,170,0.998344
9980,134,0.998357
9990,144,0.998372
10000,139,0.998386
10010,144,0.998400
10020,154,0.998415
10030,137,0.998429
10040,130,0.998442
10050,157,0.998458
10060,156,0.998473
10070,153,0.998489
10080,156,0.998504
10090,142,0.998519
10100,146,0.998533
10110,140,0.998547
10120,131,0.998560
10130,144,0.998575
10140,134,0.998588
10150,126,0.998601
10160,124,0.998613
10170,139,0.998627
10180,141,0.998641
10190,128,0.998654
10200,131,0.998667
10210,121,0.998679
10220,114,0.998690
10230,135,0.998704
10240,133,0.998717
10250,142,0.998731
10260,113,0.998743
10270,114,0.998754
10280,124,0.998766
10290,120,0.998779
10300,97,0.998788
10310,93,0.998797
10320,103,0.998808
10330,112,0.998819
10340,119,0.998831
10350,99,0.998841
10360,96,0.998850
10370,91,0.998860
10380,118,0.998871
10390,99,0.998881
10400,107,0.998892
10410,84,0.998900
10420,90,0.998909
10430,110,0.998920
10440,109,0.998931
10450,73,0.998939
10460,96,0.998948
10470,94,0.998958
10480,112,0.998969
10490,100,0.998979
10500,108,0.998990
10510,97,0.998999
10520,87,0.999008
10530,80,0.999016
10540,84,0.999024
10550,83,0.999033
10560,97,0.999042
10570,90,0.999051
10580,91,0.999060
10590,88,0.999069
10600,88,0.999078
10610,69,0.999085
10620,81,0.999093
10630,88,0.999102
10640,79,0.999110
10650,87,0.999118
10660,84,0.999127
10670,73,0.999134
10680,86,0.999143
10690,79,0.999151
10700,91,0.999160
10710,75,0.999167
10720,73,0.999174
10730,80,0.999183
10740,93,0.999192
10750,71,0.999199
10760,62,0.999205
10770,73,0.999212
10780,79,0.999220
10790,62,0.999227
10800,52,0.999232
10810,60,0.999238
10820,77,0.999245
10830,80,0.999253
10840,66,0.999260
10850,55,0.999265
10860,62,0.999272
10870,64,0.999278
10880,45,0.999283
10890,53,0.999288
10900,58,0.999294
10910,65,0.999300
10920,59,0.999306
10930,74,0.999313
10940,74,0.999321
10950,54,0.999326
10960,70,0.999333
10970,60,0.999339
10980,56,0.999345
10990,62,0.999351
11000,64,0.999358
11010,42,0.999362
11020,50,0.999367
11030,56,0.999372
11040,59,0.999378
11050,56,0.999384
11060,54,0.999389
11070,52,0.999394
11080,49,0.999399
11090,56,0.999405
11100,63,0.999411
11110,40,0.999415
11120,49,0.999420
11130,64,0.999426
11140,46,0.999431
11150,54,0.999436
11160,46,0.999441
11170,57,0.999447
11180,52,0.999452
11190,51,0.999457
11200,47,0.999462
11210,51,0.999467
11220,45,0.999471
11230,41,0.999475
11240,52,0.999481
11250,35,0.999484
11260,36,0.999488
11270,56,0.999493
11280,57,0.999499
11290,38,0.999503
11300,50,0.999508
11310,44,0.999512
11320,40,0.999516
11330,35,0.999520
11340,40,0.999524
11350,35,0.999527
11360,36,0.999531
11370,38,0.999535
11380,37,0.999538
11390,50,0.999543
11400,42,0.999548
11410,39,0.999551
11420,35,0.999555
11430,42,0.999559
11440,45,0.999564
11450,31,0.999567
11460,33,0.999570
11470,31,0.999573
11480,30,0.999576
11490,44,0.999581
11500,54,0.999586
11510,39,0.999590
11520,36,0.999593
11530,28,0.999596
11540,28,0.999599
11550,38,0.999603
11560,25,0.999605
11570,34,0.999609
11580,32,0.999612
11590,42,0.999616
11600,31,0.999619
11610,30,0.999622
11620,34,0.999626
11630,36,0.999629
11640,36,0.999633
11650,42,0.999637
11660,27,0.999640
11670,37,0.999644
11680,26,0.999646
11690,37,0.999650
11700,30,0.999653
11710,31,0.999656
11720,26,0.999659
11730,23,0.999661
11740,35,0.999664
11750,28,0.999667
11760,46,0.999672
11770,38,0.999676
11780,25,0.999678
11790,27,0.999681
11800,24,0.999683
11810,33,0.999686
11820,31,0.999690
11830,34,0.999693
11840,26,0.999695
11850,23,0.999698
11860,28,0.999701
11870,30,0.999704
11880,24,0.999706
11890,29,0.999709
11900,23,0.999711
11910,30,0.999714
11920,22,0.999716
11930,20,0.999718
11940,23,0.999721
11950,25,0.999723
11960,24,0.999726
11970,30,0.999729
11980,31,0.999732
11990,31,0.999735
12000,22,0.999737
12010,19,0.999739
12020,23,0.999741
12030,35,0.999745
12040,23,0.999747
12050,14,0.999748
12060,25,0.999751
12070,18,0.999753
12080,18,0.999754
12090,23,0.999757
12100,18,0.999759
12110,20,0.999761
12120,9,0.999762
12130,13,0.999763
12140,29,0.999766
12150,16,0.999767
12160,14,0.999769
12170,22,0.999771
12180,20,0.999773
12190,22,0.999775
12200,21,0.999777
12210,19,0.999779
12220,15,0.999781
12230,10,0.999782
12240,11,0.999783
12250,20,0.999785
12260,18,0.999786
12270,21,0.999789
12280,21,0.999791
12290,16,0.999792
12300,10,0.999793
12310,13,0.999795
12320,15,0.999796
12330,18,0.999798
12340,18,0.999800
12350,13,0.999801
12360,18,0.999803
12370,18,0.999805
12380,11,0.999806
12390,13,0.999807
12400,11,0.999808
12410,12,0.999809
12420,20,0.999811
12430,13,0.999813
12440,10,0.999814
12450,16,0.999815
12460,12,0.999816
12470,16,0.999818
12480,16,0.999820
12490,14,0.999821
12500,18,0.999823
12510,18,0.999825
12520,17,0.999826
12530,15,0.999828
12540,9,0.999829
12550,11,0.999830
12560,8,0.999831
12570,16,0.999832
12580,22,0.999834
12590,14,0.999836
12600,15,0.999837
12610,15,0.999839
12620,10,0.999840
12630,14,0.999841
12640,11,0.999842
12650,8,0.999843
12660,13,0.999844
12670,18,0.999846
12680,12,0.999847
12690,14,0.999849
12700,11,0.999850
12710,14,0.999851
12720,14,0.999853
12730,10,0.999854
12740,17,0.999855
12750,14,0.999857
12760,7,0.999857
12770,14,0.999859
12780,13,0.999860
12790,9,0.999861
12800,8,0.999862
12810,14,0.999863
12820,8,0.999864
12830,8,0.999865
12840,13,0.999866
12850,8,0.999867
12860,11,0.999868
12870,8,0.999869
12880,9,0.999870
12890,6,0.999870
12900,13,0.999872
12910,10,0.999873
12920,15,0.999874
12930,6,0.999875
12940,10,0.999876
12950,10,0.999877
12960,9,0.999878
12970,7,0.999878
12980,11,0.999879
12990,9,0.999880
13000,10,0.999881
13010,6,0.999882
13020,6,0.999883
13030,9,0.999883
13040,10,0.999884
13050,11,0.999886
13060,10,0.999887
13070,10,0.999888
13080,7,0.999888
13090,6,0.999889
13100,15,0.999890
13110,13,0.999892
13120,12,0.999893
13130,7,0.999894
13140,13,0.999895
13150,10,0.999896
13160,12,0.999897
13170,9,0.999898
13180,8,0.999899
13190,7,0.999900
13200,4,0.999900
13210,10,0.999901
13220,7,0.999902
13230,5,0.999902
13240,7,0.999903
13250,6,0.999903
13260,5,0.999904
13270,8,0.999905
13280,11,0.999906
13290,10,0.999907
13300,11,0.999908
13310,6,0.999909
13320,11,0.999910
13330,9,0.999910
13340,13,0.999912
13350,9,0.999913
13360,8,0.999914
13370,4,0.999914
13380,8,0.999915
13390,10,0.999916
13400,7,0.999916
13410,10,0.999917
13420,9,0.999918
13430,5,0.999919
13440,3,0.999919
13450,5,0.999920
13460,5,0.999920
13470,7,0.999921
13480,10,0.999922
13490,10,0.999923
13500,4,0.999923
13510,6,0.999924
13520,3,0.999924
13530,7,0.999925
13540,11,0.999926
13550,4,0.999926
13560,7,0.999927
13570,3,0.999927
13580,10,0.999928
13590,8,0.999929
13600,3,0.999929
13610,4,0.999930
13620,6,0.999930
13630,3,0.999931
13640,4,0.999931
13650,6,0.999932
13660,3,0.999932
13670,5,0.999933
13680,3,0.999933
13690,1,0.999933
13700,4,0.999933
13710,9,0.999934
13720,6,0.999935
13730,5,0.999935
13740,6,0.999936
13750,5,0.999936
13760,8,0.999937
13770,2,0.999937
13780,8,0.999938
13790,1,0.999938
13800,4,0.999939
13810,6,0.999939
13820,3,0.999940
13830,3,0.999940
13840,6,0.999941
13850,3,0.999941
13860,2,0.999941
13870,2,0.999941
13880,4,0.999942
13890,6,0.999942
13900,3,0.999942
13910,2,0.999943
13920,7,0.999943
13930,5,0.999944
13940,8,0.999945
13950,4,0.999945
13960,7,0.999946
13970,4,0.999946
13980,3,0.999946
13990,6,0.999947
14000,6,0.999948
14010,1,0.999948
14020,6,0.999948
14030,6,0.999949
14040,6,0.999950
14050,6,0.999950
14060,3,0.999951
14070,2,0.999951
14080,2,0.999951
14090,4,0.999951
14100,1,0.999951
14110,5,0.999952
14120,6,0.999952
14130,1,0.999953
14140,3,0.999953
14150,1,0.999953
14160,3,0.999953
14170,2,0.999954
14180,1,0.999954
14190,4,0.999954
14200,3,0.999954
14210,6,0.999955
14220,7,0.999956
14230,5,0.999956
14240,3,0.999956
14250,3,0.999957
14260,4,0.999957
14270,3,0.999957
14280,1,0.999958
14290,3,0.999958
14300,4,0.999958
14310,6,0.999959
14320,2,0.999959
14330,3,0.999959
14340,1,0.999959
14350,2,0.999960
14360,4,0.999960
14370,2,0.999960
14380,4,0.999961
14390,3,0.999961
14410,4,0.999961
14420,2,0.999961
14430,1,0.999962
14440,1,0.999962
14450,3,0.999962
14460,3,0.999962
14470,2,0.999963
14480,3,0.999963
14490,3,0.999963
14500,3,0.999963
14510,2,0.999964
14520,4,0.999964
14530,3,0.999964
14550,5,0.999965
14560,5,0.999965
14570,3,0.999966
14580,1,0.999966
14590,4,0.999966
14600,2,0.999966
14610,2,0.999967
14620,2,0.999967
14630,2,0.999967
14640,2,0.999967
14650,7,0.999968
14660,2,0.999968
14670,1,0.999968
14680,2,0.999968
14690,2,0.999969
14700,2,0.999969
14710,5,0.999969
14720,3,0.999969
14730,4,0.999970
14740,4,0.999970
14750,4,0.999971
14760,4,0.999971
14770,3,0.999971
14780,8,0.999972
14790,3,0.999973
14810,1,0.999973
14820,3,0.999973
14830,2,0.999973
14840,5,0.999974
14850,4,0.999974
14860,2,0.999974
14870,3,0.999974
14880,1,0.999975
14890,5,0.999975
14900,3,0.999975
14910,4,0.999976
14920,1,0.999976
14930,2,0.999976
14940,1,0.999976
14950,1,0.999976
14960,5,0.999977
14970,1,0.999977
14980,1,0.999977
14990,3,0.999977
15000,4,0.999978
15010,1,0.999978
15030,1,0.999978
15040,1,0.999978
15050,1,0.999978
15060,3,0.999978
15070,1,0.999978
15080,4,0.999979
15090,3,0.999979
15100,1,0.999979
15120,2,0.999979
15130,2,0.999980
15160,1,0.999980
15170,2,0.999980
15180,2,0.999980
15200,1,0.999980
15240,2,0.999981
15250,3,0.999981
15270,1,0.999981
15280,5,0.999981
15290,2,0.999982
15300,3,0.999982
15310,2,0.999982
15320,3,0.999982
15330,3,0.999983
15340,1,0.999983
15350,2,0.999983
15370,1,0.999983
15380,2,0.999983
15410,1,0.999983
15420,3,0.999984
15430,2,0.999984
15440,1,0.999984
15450,2,0.999984
15490,1,0.999984
15500,4,0.999985
15510,3,0.999985
15520,2,0.999985
15530,3,0.999986
15540,1,0.999986
15560,1,0.999986
15580,1,0.999986
15600,2,0.999986
15610,2,0.999986
15620,2,0.999986
15630,1,0.999987
15660,1,0.999987
15670,1,0.999987
15690,1,0.999987
15710,3,0.999987
15720,1,0.999987
15730,2,0.999987
15740,1,0.999987
15750,2,0.999988
15780,2,0.999988
15790,1,0.999988
15810,1,0.999988
15830,1,0.999988
15850,1,0.999988
15860,3,0.999989
15870,1,0.999989
15950,1,0.999989
15980,1,0.999989
15990,2,0.999989
16010,3,0.999989
16020,2,0.999990
16030,1,0.999990
16040,1,0.999990
16060,1,0.999990
16080,1,0.999990
16090,2,0.999990
16140,2,0.999990
16160,1,0.999991
16190,2,0.999991
16200,2,0.999991
16210,1,0.999991
16230,1,0.999991
16240,1,0.999991
16280,1,0.999991
16290,1,0.999991
16300,2,0.999992
16320,1,0.999992
16360,1,0.999992
16370,2,0.999992
16410,2,0.999992
16450,1,0.999992
16460,1,0.999992
16470,2,0.999993
16490,3,0.999993
16500,1,0.999993
16520,1,0.999993
16550,1,0.999993
16560,2,0.999993
16580,1,0.999994
16590,1,0.999994
16600,1,0.999994
16610,1,0.999994
16650,1,0.999994
16660,2,0.999994
16680,2,0.999994
16690,1,0.999994
16720,1,0.999995
16730,2,0.999995
16750,1,0.999995
16770,1,0.999995
16780,1,0.999995
16820,3,0.999995
16900,1,0.999995
16960,2,0.999996
16970,2,0.999996
16990,2,0.999996
17000,1,0.999996
17020,2,0.999996
17040,1,0.999996
17060,2,0.999997
17150,1,0.999997
17170,1,0.999997
17180,1,0.999997
17260,1,0.999997
17300,2,0.999997
17360,1,0.999997
17370,1,0.999997
17460,1,0.999997
17490,1,0.999998
17500,1,0.999998
17510,1,0.999998
17550,1,0.999998
17570,1,0.999998
17680,1,0.999998
17700,1,0.999998
17750,1,0.999998
17760,1,0.999998
17780,1,0.999999
17790,1,0.999999
17800,1,0.999999
18330,1,0.999999
18340,1,0.999999
18380,1,0.999999
18580,1,0.999999
18590,1,0.999999
18660,1,0.999999
18850,1,0.999999
19090,1,1.000000
19300,1,1.000000
19380,2,1.000000
20720,1,1.000000
20790,1,1.000000
