#latency,cnt,cdf
0,418,0.000084
10,3,0.000084
30,12,0.000087
50,1236,0.000334
60,175959,0.035514
70,22110,0.039935
80,178606,0.075645
90,5986,0.076841
100,50604,0.086959
110,66641,0.100283
120,112966,0.122869
130,101491,0.143161
140,40475,0.151253
150,167517,0.184746
160,15491,0.187843
170,123274,0.212490
180,287589,0.269989
190,283329,0.326637
200,351724,0.396960
210,321248,0.461189
220,176230,0.496423
230,410322,0.578462
240,249218,0.628289
250,129639,0.654209
260,138117,0.681823
270,417627,0.765322
280,187492,0.802809
290,175564,0.837910
300,113971,0.860697
310,118948,0.884479
320,201316,0.924730
330,80540,0.940832
340,135564,0.967937
350,8120,0.969560
360,10271,0.971614
370,7152,0.973044
380,21096,0.977261
390,58187,0.988895
400,9260,0.990747
410,3733,0.991493
420,4205,0.992334
430,4719,0.993277
440,2190,0.993715
450,545,0.993824
460,437,0.993911
470,1519,0.994215
480,5130,0.995241
490,459,0.995332
500,451,0.995423
510,477,0.995518
520,274,0.995573
530,303,0.995633
540,176,0.995669
550,177,0.995704
560,179,0.995740
570,171,0.995774
580,348,0.995844
590,212,0.995886
600,210,0.995928
610,218,0.995972
620,247,0.996021
630,287,0.996078
640,334,0.996145
650,258,0.996197
660,228,0.996242
670,280,0.996298
680,228,0.996344
690,203,0.996384
700,213,0.996427
710,221,0.996471
720,265,0.996524
730,240,0.996572
740,177,0.996607
750,180,0.996643
760,188,0.996681
770,158,0.996713
780,156,0.996744
790,120,0.996768
800,120,0.996792
810,131,0.996818
820,120,0.996842
830,124,0.996867
840,115,0.996890
850,109,0.996912
860,138,0.996939
870,144,0.996968
880,155,0.996999
890,161,0.997031
900,171,0.997065
910,167,0.997099
920,156,0.997130
930,155,0.997161
940,156,0.997192
950,126,0.997217
960,176,0.997252
970,154,0.997283
980,139,0.997311
990,149,0.997341
1000,142,0.997369
1010,114,0.997392
1020,128,0.997418
1030,126,0.997443
1040,124,0.997468
1050,111,0.997490
1060,102,0.997510
1070,97,0.997530
1080,125,0.997555
1090,84,0.997571
1100,82,0.997588
1110,127,0.997613
1120,86,0.997630
1130,93,0.997649
1140,79,0.997665
1150,83,0.997681
1160,77,0.997697
1170,82,0.997713
1180,79,0.997729
1190,83,0.997746
1200,87,0.997763
1210,65,0.997776
1220,88,0.997793
1230,80,0.997809
1240,67,0.997823
1250,73,0.997837
1260,59,0.997849
1270,84,0.997866
1280,94,0.997885
1290,119,0.997909
1300,107,0.997930
1310,87,0.997947
1320,117,0.997971
1330,127,0.997996
1340,100,0.998016
1350,118,0.998040
1360,116,0.998063
1370,86,0.998080
1380,92,0.998099
1390,88,0.998116
1400,92,0.998135
1410,90,0.998153
1420,78,0.998168
1430,102,0.998189
1440,60,0.998201
1450,80,0.998217
1460,61,0.998229
1470,52,0.998239
1480,54,0.998250
1490,53,0.998261
1500,49,0.998270
1510,47,0.998280
1520,52,0.998290
1530,45,0.998299
1540,41,0.998307
1550,37,0.998315
1560,45,0.998324
1570,37,0.998331
1580,42,0.998340
1590,45,0.998349
1600,42,0.998357
1610,42,0.998365
1620,55,0.998376
1630,43,0.998385
1640,48,0.998394
1650,36,0.998402
1660,37,0.998409
1670,43,0.998418
1680,30,0.998424
1690,39,0.998432
1700,27,0.998437
1710,31,0.998443
1720,37,0.998451
1730,28,0.998456
1740,34,0.998463
1750,33,0.998469
1760,38,0.998477
1770,34,0.998484
1780,40,0.998492
1790,37,0.998499
1800,44,0.998508
1810,26,0.998513
1820,33,0.998520
1830,34,0.998527
1840,28,0.998532
1850,39,0.998540
1860,29,0.998546
1870,25,0.998551
1880,29,0.998557
1890,25,0.998562
1900,31,0.998568
1910,41,0.998576
1920,30,0.998582
1930,31,0.998588
1940,31,0.998594
1950,28,0.998600
1960,38,0.998608
1970,34,0.998614
1980,25,0.998619
1990,31,0.998626
2000,32,0.998632
2010,32,0.998638
2020,35,0.998645
2030,35,0.998652
2040,30,0.998658
2050,34,0.998665
2060,27,0.998671
2070,44,0.998679
2080,37,0.998687
2090,25,0.998692
2100,33,0.998698
2110,39,0.998706
2120,35,0.998713
2130,33,0.998720
2140,32,0.998726
2150,35,0.998733
2160,30,0.998739
2170,28,0.998745
2180,26,0.998750
2190,23,0.998755
2200,29,0.998760
2210,34,0.998767
2220,27,0.998773
2230,34,0.998779
2240,25,0.998784
2250,27,0.998790
2260,35,0.998797
2270,20,0.998801
2280,31,0.998807
2290,19,0.998811
2300,29,0.998817
2310,23,0.998821
2320,31,0.998827
2330,32,0.998834
2340,25,0.998839
2350,24,0.998844
2360,27,0.998849
2370,30,0.998855
2380,26,0.998860
2390,25,0.998865
2400,26,0.998870
2410,31,0.998877
2420,25,0.998882
2430,29,0.998887
2440,19,0.998891
2450,24,0.998896
2460,21,0.998900
2470,34,0.998907
2480,30,0.998913
2490,29,0.998919
2500,33,0.998925
2510,24,0.998930
2520,29,0.998936
2530,35,0.998943
2540,26,0.998948
2550,29,0.998954
2560,34,0.998961
2570,24,0.998966
2580,29,0.998971
2590,21,0.998976
2600,29,0.998981
2610,21,0.998986
2620,35,0.998993
2630,27,0.998998
2640,45,0.999007
2650,29,0.999013
2660,22,0.999017
2670,28,0.999023
2680,37,0.999030
2690,27,0.999036
2700,31,0.999042
2710,36,0.999049
2720,30,0.999055
2730,32,0.999061
2740,30,0.999067
2750,32,0.999074
2760,28,0.999079
2770,27,0.999085
2780,26,0.999090
2790,24,0.999095
2800,36,0.999102
2810,26,0.999107
2820,29,0.999113
2830,35,0.999120
2840,39,0.999128
2850,34,0.999134
2860,25,0.999139
2870,37,0.999147
2880,33,0.999153
2890,29,0.999159
2900,23,0.999164
2910,29,0.999170
2920,31,0.999176
2930,43,0.999184
2940,44,0.999193
2950,33,0.999200
2960,29,0.999206
2970,39,0.999213
2980,31,0.999220
2990,29,0.999225
3000,36,0.999233
3010,27,0.999238
3020,44,0.999247
3030,27,0.999252
3040,37,0.999260
3050,29,0.999265
3060,31,0.999272
3070,37,0.999279
3080,32,0.999285
3090,42,0.999294
3100,25,0.999299
3110,30,0.999305
3120,28,0.999310
3130,35,0.999317
3140,27,0.999323
3150,34,0.999330
3160,35,0.999337
3170,28,0.999342
3180,27,0.999348
3190,30,0.999354
3200,32,0.999360
3210,41,0.999368
3220,27,0.999374
3230,51,0.999384
3240,36,0.999391
3250,35,0.999398
3260,47,0.999407
3270,41,0.999416
3280,47,0.999425
3290,34,0.999432
3300,39,0.999440
3310,48,0.999449
3320,58,0.999461
3330,68,0.999474
3340,44,0.999483
3350,39,0.999491
3360,45,0.999500
3370,43,0.999509
3380,59,0.999520
3390,41,0.999529
3400,43,0.999537
3410,27,0.999543
3420,47,0.999552
3430,47,0.999561
3440,38,0.999569
3450,38,0.999577
3460,37,0.999584
3470,42,0.999592
3480,30,0.999598
3490,31,0.999605
3500,32,0.999611
3510,36,0.999618
3520,31,0.999624
3530,31,0.999631
3540,46,0.999640
3550,30,0.999646
3560,39,0.999654
3570,40,0.999662
3580,37,0.999669
3590,41,0.999677
3600,34,0.999684
3610,34,0.999691
3620,34,0.999698
3630,37,0.999705
3640,26,0.999710
3650,27,0.999716
3660,27,0.999721
3670,28,0.999726
3680,30,0.999732
3690,25,0.999738
3700,28,0.999743
3710,25,0.999748
3720,17,0.999752
3730,18,0.999755
3740,29,0.999761
3750,19,0.999765
3760,26,0.999770
3770,18,0.999773
3780,15,0.999776
3790,21,0.999781
3800,20,0.999785
3810,20,0.999789
3820,30,0.999795
3830,12,0.999797
3840,12,0.999799
3850,14,0.999802
3860,14,0.999805
3870,16,0.999808
3880,7,0.999810
3890,15,0.999813
3900,12,0.999815
3910,12,0.999817
3920,16,0.999821
3930,8,0.999822
3940,9,0.999824
3950,14,0.999827
3960,11,0.999829
3970,10,0.999831
3980,18,0.999835
3990,10,0.999837
4000,13,0.999839
4010,10,0.999841
4020,10,0.999843
4030,11,0.999845
4040,9,0.999847
4050,8,0.999849
4060,10,0.999851
4070,12,0.999853
4080,15,0.999856
4090,10,0.999858
4100,13,0.999861
4110,16,0.999864
4120,9,0.999866
4130,10,0.999868
4140,12,0.999870
4150,11,0.999872
4160,6,0.999874
4170,6,0.999875
4180,5,0.999876
4190,13,0.999878
4200,3,0.999879
4210,9,0.999881
4220,14,0.999884
4230,8,0.999885
4240,10,0.999887
4250,7,0.999889
4260,4,0.999889
4270,10,0.999891
4280,7,0.999893
4290,11,0.999895
4300,7,0.999896
4310,6,0.999898
4320,10,0.999900
4330,9,0.999901
4340,4,0.999902
4350,8,0.999904
4360,9,0.999906
4370,8,0.999907
4380,7,0.999909
4390,5,0.999910
4400,4,0.999910
4410,12,0.999913
4420,12,0.999915
4430,7,0.999917
4440,9,0.999918
4450,9,0.999920
4460,10,0.999922
4470,9,0.999924
4480,2,0.999924
4490,7,0.999926
4500,5,0.999927
4510,5,0.999928
4520,7,0.999929
4530,11,0.999931
4540,6,0.999933
4550,9,0.999934
4560,5,0.999935
4570,4,0.999936
4580,8,0.999938
4590,4,0.999939
4600,3,0.999939
4610,1,0.999939
4620,8,0.999941
4630,4,0.999942
4640,8,0.999943
4650,3,0.999944
4660,8,0.999946
4670,3,0.999946
4680,3,0.999947
4690,2,0.999947
4700,9,0.999949
4710,4,0.999950
4720,5,0.999951
4730,2,0.999951
4740,5,0.999952
4750,5,0.999953
4760,3,0.999954
4770,6,0.999955
4780,6,0.999956
4790,4,0.999957
4800,4,0.999958
4810,2,0.999958
4820,5,0.999959
4830,4,0.999960
4840,2,0.999960
4850,9,0.999962
4860,2,0.999963
4870,4,0.999963
4880,4,0.999964
4890,3,0.999965
4900,7,0.999966
4910,2,0.999967
4920,2,0.999967
4930,3,0.999968
4940,1,0.999968
4950,2,0.999968
4960,3,0.999969
4970,1,0.999969
4980,4,0.999970
4990,3,0.999970
5000,6,0.999972
5010,1,0.999972
5020,5,0.999973
5030,2,0.999973
5040,2,0.999974
5050,3,0.999974
5060,2,0.999975
5070,2,0.999975
5080,2,0.999975
5090,2,0.999976
5100,1,0.999976
5110,2,0.999976
5120,2,0.999977
5130,1,0.999977
5140,3,0.999978
5150,1,0.999978
5160,1,0.999978
5180,1,0.999978
5210,1,0.999978
5220,1,0.999979
5240,2,0.999979
5280,2,0.999979
5300,2,0.999980
5320,1,0.999980
5340,2,0.999980
5350,2,0.999981
5370,1,0.999981
5400,4,0.999982
5420,1,0.999982
5430,1,0.999982
5440,1,0.999982
5450,1,0.999983
5460,1,0.999983
5480,2,0.999983
5490,1,0.999983
5500,2,0.999984
5510,1,0.999984
5530,1,0.999984
5540,2,0.999985
5550,2,0.999985
5580,3,0.999986
5590,1,0.999986
5600,1,0.999986
5650,2,0.999986
5690,1,0.999987
5720,4,0.999987
5760,1,0.999988
5770,1,0.999988
5790,2,0.999988
5810,2,0.999989
5840,1,0.999989
5850,2,0.999989
5870,3,0.999990
5880,1,0.999990
5900,2,0.999990
5910,1,0.999991
5920,2,0.999991
5960,1,0.999991
5980,1,0.999991
5990,1,0.999992
6020,2,0.999992
6030,1,0.999992
6050,3,0.999993
6100,2,0.999993
6110,1,0.999993
6150,1,0.999994
6170,1,0.999994
6190,1,0.999994
6200,1,0.999994
6210,1,0.999994
6220,2,0.999995
6240,1,0.999995
6290,1,0.999995
6310,1,0.999995
6330,2,0.999996
6380,1,0.999996
6410,2,0.999996
6440,2,0.999997
6480,1,0.999997
6530,1,0.999997
6570,1,0.999997
6670,1,0.999998
6690,1,0.999998
6810,1,0.999998
6870,1,0.999998
6990,1,0.999998
7420,1,0.999999
7440,2,0.999999
7620,1,0.999999
9030,1,0.999999
9180,1,1.000000
9830,1,1.000000
9920,1,1.000000
