#latency,cnt,cdf
50,4304,0.000453
60,17206,0.002264
70,15672,0.003914
80,19084,0.005923
90,11763,0.007161
100,11300,0.008350
110,22000,0.010666
120,19542,0.012723
130,16301,0.014439
140,14107,0.015924
150,14118,0.017410
160,14447,0.018931
170,15871,0.020601
180,19339,0.022637
190,19627,0.024703
200,19743,0.026781
210,19939,0.028880
220,21244,0.031116
230,22149,0.033447
240,22225,0.035787
250,23418,0.038252
260,24910,0.040874
270,25179,0.043524
280,25242,0.046181
290,25792,0.048896
300,26890,0.051726
310,27381,0.054609
320,28019,0.057558
330,28524,0.060560
340,28873,0.063600
350,28982,0.066650
360,29338,0.069738
370,29919,0.072888
380,30592,0.076108
390,30768,0.079346
400,31220,0.082633
410,31134,0.085910
420,31458,0.089221
430,32143,0.092605
440,32442,0.096019
450,32710,0.099463
460,32849,0.102920
470,33434,0.106440
480,33503,0.109966
490,33782,0.113522
500,33950,0.117096
510,34386,0.120715
520,34762,0.124374
530,35097,0.128069
540,35066,0.131760
550,35299,0.135475
560,35621,0.139225
570,35854,0.142999
580,36053,0.146794
590,35900,0.150573
600,36852,0.154452
610,36404,0.158284
620,36553,0.162131
630,36733,0.165998
640,36854,0.169877
650,36979,0.173769
660,37214,0.177687
670,37295,0.181612
680,37371,0.185546
690,37611,0.189505
700,37770,0.193481
710,37876,0.197468
720,37990,0.201466
730,38029,0.205469
740,38344,0.209505
750,38169,0.213523
760,38551,0.217581
770,38548,0.221639
780,38519,0.225693
790,38330,0.229728
800,38762,0.233808
810,38789,0.237891
820,39080,0.242005
830,38531,0.246060
840,38862,0.250151
850,38966,0.254253
860,39046,0.258363
870,38909,0.262458
880,38919,0.266555
890,39155,0.270676
900,39128,0.274795
910,38942,0.278894
920,39141,0.283014
930,39484,0.287170
940,39059,0.291282
950,39128,0.295400
960,39060,0.299512
970,39172,0.303635
980,39051,0.307746
990,39366,0.311889
1000,38870,0.315981
1010,38934,0.320079
1020,39268,0.324212
1030,39212,0.328340
1040,39084,0.332454
1050,38695,0.336527
1060,38545,0.340584
1070,38862,0.344675
1080,38574,0.348735
1090,38496,0.352787
1100,38448,0.356834
1110,38415,0.360878
1120,38179,0.364897
1130,38623,0.368962
1140,38730,0.373039
1150,38198,0.377060
1160,37889,0.381048
1170,38298,0.385079
1180,38198,0.389100
1190,37837,0.393083
1200,38119,0.397095
1210,37764,0.401070
1220,37650,0.405033
1230,37467,0.408977
1240,37515,0.412926
1250,37664,0.416891
1260,37437,0.420831
1270,37194,0.424746
1280,36845,0.428625
1290,37358,0.432557
1300,37028,0.436455
1310,36723,0.440320
1320,37067,0.444222
1330,36503,0.448064
1340,36446,0.451900
1350,36263,0.455717
1360,36153,0.459523
1370,36084,0.463321
1380,36154,0.467127
1390,36222,0.470940
1400,35742,0.474702
1410,35485,0.478437
1420,35567,0.482181
1430,35135,0.485879
1440,35214,0.489586
1450,35148,0.493285
1460,35165,0.496987
1470,34712,0.500641
1480,34716,0.504295
1490,34594,0.507936
1500,34523,0.511570
1510,34161,0.515166
1520,34034,0.518749
1530,33936,0.522321
1540,33727,0.525871
1550,33615,0.529409
1560,33795,0.532966
1570,33440,0.536486
1580,33055,0.539966
1590,33143,0.543454
1600,32950,0.546923
1610,32569,0.550351
1620,32664,0.553789
1630,32280,0.557187
1640,32043,0.560560
1650,32301,0.563960
1660,31996,0.567328
1670,31807,0.570676
1680,31566,0.573999
1690,31485,0.577313
1700,31626,0.580642
1710,31303,0.583937
1720,31185,0.587219
1730,30997,0.590482
1740,30961,0.593741
1750,30494,0.596951
1760,30404,0.600151
1770,30300,0.603341
1780,30171,0.606516
1790,29889,0.609663
1800,30219,0.612843
1810,29382,0.615936
1820,29411,0.619032
1830,29116,0.622097
1840,29045,0.625154
1850,29195,0.628227
1860,28894,0.631269
1870,28733,0.634293
1880,28376,0.637280
1890,28470,0.640277
1900,27898,0.643213
1910,28022,0.646163
1920,27860,0.649096
1930,27757,0.652017
1940,28018,0.654966
1950,27293,0.657839
1960,27423,0.660726
1970,26968,0.663565
1980,26720,0.666377
1990,27008,0.669220
2000,26549,0.672015
2010,26868,0.674843
2020,26130,0.677593
2030,26033,0.680333
2040,25822,0.683052
2050,25669,0.685753
2060,25580,0.688446
2070,25503,0.691130
2080,25144,0.693777
2090,25126,0.696422
2100,24933,0.699046
2110,24494,0.701625
2120,24342,0.704187
2130,24488,0.706765
2140,24236,0.709316
2150,24031,0.711845
2160,23849,0.714356
2170,23490,0.716828
2180,23531,0.719305
2190,23503,0.721779
2200,23454,0.724248
2210,23360,0.726707
2220,22861,0.729113
2230,22832,0.731516
2240,22749,0.733911
2250,22320,0.736260
2260,22538,0.738633
2270,22093,0.740958
2280,21904,0.743264
2290,21859,0.745565
2300,21739,0.747853
2310,21313,0.750096
2320,21201,0.752328
2330,21101,0.754549
2340,21079,0.756768
2350,21041,0.758983
2360,20661,0.761158
2370,20423,0.763307
2380,20423,0.765457
2390,20108,0.767574
2400,20192,0.769699
2410,19868,0.771790
2420,19838,0.773879
2430,19829,0.775966
2440,19602,0.778029
2450,19560,0.780088
2460,19137,0.782102
2470,19158,0.784119
2480,19043,0.786123
2490,18773,0.788100
2500,18419,0.790038
2510,18616,0.791998
2520,18368,0.793931
2530,18037,0.795830
2540,18022,0.797727
2550,18069,0.799629
2560,17662,0.801488
2570,17569,0.803337
2580,17345,0.805163
2590,17451,0.807000
2600,17257,0.808816
2610,16983,0.810604
2620,17200,0.812415
2630,16646,0.814167
2640,16623,0.815916
2650,16453,0.817648
2660,16334,0.819368
2670,16281,0.821081
2680,16110,0.822777
2690,16051,0.824467
2700,15845,0.826135
2710,15877,0.827806
2720,15655,0.829454
2730,15655,0.831101
2740,15363,0.832719
2750,15238,0.834323
2760,15052,0.835907
2770,14743,0.837459
2780,14975,0.839035
2790,14975,0.840611
2800,14282,0.842115
2810,14340,0.843624
2820,14288,0.845128
2830,14110,0.846613
2840,14015,0.848089
2850,14000,0.849562
2860,13828,0.851018
2870,13508,0.852440
2880,13549,0.853866
2890,13331,0.855269
2900,13213,0.856660
2910,13366,0.858067
2920,13165,0.859453
2930,12878,0.860808
2940,12906,0.862167
2950,12744,0.863508
2960,12633,0.864838
2970,12655,0.866170
2980,12224,0.867457
2990,12247,0.868746
3000,12173,0.870027
3010,11775,0.871267
3020,11775,0.872506
3030,11890,0.873758
3040,11591,0.874978
3050,11521,0.876190
3060,11509,0.877402
3070,11367,0.878598
3080,11164,0.879773
3090,11314,0.880964
3100,11043,0.882127
3110,11027,0.883287
3120,10725,0.884416
3130,10554,0.885527
3140,10601,0.886643
3150,10429,0.887741
3160,10386,0.888834
3170,10445,0.889934
3180,10139,0.891001
3190,10068,0.892061
3200,10072,0.893121
3210,9991,0.894172
3220,9812,0.895205
3230,9679,0.896224
3240,9524,0.897227
3250,9419,0.898218
3260,9422,0.899210
3270,9470,0.900207
3280,9108,0.901165
3290,9266,0.902141
3300,9136,0.903102
3310,9050,0.904055
3320,8889,0.904991
3330,9005,0.905939
3340,8763,0.906861
3350,8677,0.907774
3360,8603,0.908680
3370,8478,0.909572
3380,8469,0.910464
3390,8287,0.911336
3400,8381,0.912218
3410,8259,0.913087
3420,8059,0.913936
3430,8038,0.914782
3440,7937,0.915617
3450,7754,0.916434
3460,7876,0.917263
3470,7714,0.918075
3480,7560,0.918870
3490,7618,0.919672
3500,7453,0.920457
3510,7336,0.921229
3520,7292,0.921996
3530,7271,0.922762
3540,7191,0.923519
3550,6989,0.924254
3560,6912,0.924982
3570,7081,0.925727
3580,6805,0.926444
3590,6748,0.927154
3600,6827,0.927873
3610,6751,0.928583
3620,6596,0.929277
3630,6479,0.929959
3640,6550,0.930649
3650,6424,0.931325
3660,6453,0.932004
3670,6368,0.932675
3680,6176,0.933325
3690,6095,0.933966
3700,6194,0.934618
3710,5888,0.935238
3720,5995,0.935869
3730,5810,0.936481
3740,5815,0.937093
3750,5726,0.937696
3760,5754,0.938301
3770,5624,0.938893
3780,5624,0.939485
3790,5443,0.940058
3800,5473,0.940634
3810,5513,0.941214
3820,5401,0.941783
3830,5287,0.942339
3840,5119,0.942878
3850,5146,0.943420
3860,5181,0.943965
3870,4940,0.944485
3880,4966,0.945008
3890,4895,0.945523
3900,4943,0.946044
3910,4838,0.946553
3920,4810,0.947059
3930,4785,0.947563
3940,4803,0.948068
3950,4656,0.948559
3960,4567,0.949039
3970,4677,0.949532
3980,4634,0.950019
3990,4563,0.950500
4000,4423,0.950965
4010,4417,0.951430
4020,4313,0.951884
4030,4184,0.952325
4040,4242,0.952771
4050,4221,0.953215
4060,4165,0.953654
4070,4137,0.954089
4080,4093,0.954520
4090,3998,0.954941
4100,4098,0.955372
4110,3832,0.955776
4120,3785,0.956174
4130,3925,0.956587
4140,3812,0.956988
4150,3608,0.957368
4160,3770,0.957765
4170,3804,0.958165
4180,3695,0.958554
4190,3670,0.958941
4200,3651,0.959325
4210,3611,0.959705
4220,3512,0.960075
4230,3434,0.960436
4240,3409,0.960795
4250,3353,0.961148
4260,3304,0.961496
4270,3355,0.961849
4280,3297,0.962196
4290,3267,0.962540
4300,3289,0.962886
4310,3178,0.963221
4320,3080,0.963545
4330,3192,0.963881
4340,3104,0.964208
4350,3137,0.964538
4360,3084,0.964862
4370,2972,0.965175
4380,2985,0.965489
4390,2939,0.965799
4400,2894,0.966103
4410,2804,0.966399
4420,2840,0.966697
4430,2881,0.967001
4440,2696,0.967285
4450,2768,0.967576
4460,2805,0.967871
4470,2577,0.968142
4480,2654,0.968422
4490,2557,0.968691
4500,2552,0.968960
4510,2585,0.969232
4520,2501,0.969495
4530,2481,0.969756
4540,2530,0.970022
4550,2440,0.970279
4560,2440,0.970536
4570,2423,0.970791
4580,2389,0.971043
4590,2413,0.971297
4600,2330,0.971542
4610,2381,0.971792
4620,2263,0.972031
4630,2229,0.972265
4640,2227,0.972500
4650,2220,0.972733
4660,2163,0.972961
4670,2018,0.973173
4680,2153,0.973400
4690,2170,0.973628
4700,2063,0.973846
4710,2078,0.974064
4720,2149,0.974291
4730,2043,0.974506
4740,2025,0.974719
4750,2036,0.974933
4760,1964,0.975140
4770,1901,0.975340
4780,1958,0.975546
4790,1914,0.975747
4800,1879,0.975945
4810,1866,0.976142
4820,1825,0.976334
4830,1779,0.976521
4840,1738,0.976704
4850,1735,0.976887
4860,1778,0.977074
4870,1744,0.977257
4880,1835,0.977450
4890,1690,0.977628
4900,1640,0.977801
4910,1664,0.977976
4920,1637,0.978148
4930,1629,0.978320
4940,1595,0.978488
4950,1648,0.978661
4960,1587,0.978828
4970,1548,0.978991
4980,1522,0.979151
4990,1488,0.979308
5000,1494,0.979465
5010,1474,0.979621
5020,1490,0.979777
5030,1526,0.979938
5040,1507,0.980097
5050,1441,0.980248
5060,1421,0.980398
5070,1399,0.980545
5080,1412,0.980694
5090,1391,0.980840
5100,1336,0.980981
5110,1361,0.981124
5120,1312,0.981262
5130,1307,0.981400
5140,1368,0.981544
5150,1337,0.981685
5160,1305,0.981822
5170,1322,0.981961
5180,1270,0.982095
5190,1265,0.982228
5200,1191,0.982353
5210,1243,0.982484
5220,1257,0.982616
5230,1266,0.982750
5240,1267,0.982883
5250,1220,0.983011
5260,1154,0.983133
5270,1215,0.983261
5280,1161,0.983383
5290,1165,0.983506
5300,1153,0.983627
5310,1146,0.983748
5320,1160,0.983870
5330,1081,0.983984
5340,1142,0.984104
5350,1085,0.984218
5360,1043,0.984328
5370,1081,0.984442
5380,1037,0.984551
5390,1026,0.984659
5400,1028,0.984767
5410,1025,0.984875
5420,945,0.984974
5430,994,0.985079
5440,1009,0.985185
5450,980,0.985288
5460,1023,0.985396
5470,899,0.985491
5480,952,0.985591
5490,950,0.985691
5500,959,0.985792
5510,916,0.985888
5520,924,0.985985
5530,894,0.986079
5540,870,0.986171
5550,936,0.986270
5560,833,0.986357
5570,906,0.986453
5580,864,0.986544
5590,839,0.986632
5600,839,0.986720
5610,842,0.986809
5620,829,0.986896
5630,820,0.986982
5640,835,0.987070
5650,831,0.987158
5660,837,0.987246
5670,783,0.987328
5680,810,0.987414
5690,798,0.987498
5700,769,0.987579
5710,783,0.987661
5720,723,0.987737
5730,755,0.987816
5740,746,0.987895
5750,744,0.987973
5760,777,0.988055
5770,756,0.988135
5780,782,0.988217
5790,671,0.988288
5800,668,0.988358
5810,745,0.988436
5820,736,0.988514
5830,693,0.988587
5840,713,0.988662
5850,687,0.988734
5860,668,0.988804
5870,717,0.988880
5880,659,0.988949
5890,677,0.989021
5900,671,0.989091
5910,700,0.989165
5920,639,0.989232
5930,661,0.989302
5940,647,0.989370
5950,655,0.989439
5960,640,0.989506
5970,611,0.989570
5980,598,0.989633
5990,597,0.989696
6000,639,0.989763
6010,615,0.989828
6020,615,0.989893
6030,600,0.989956
6040,670,0.990027
6050,620,0.990092
6060,586,0.990154
6070,580,0.990215
6080,611,0.990279
6090,591,0.990341
6100,562,0.990400
6110,606,0.990464
6120,580,0.990525
6130,620,0.990590
6140,546,0.990648
6150,561,0.990707
6160,538,0.990764
6170,538,0.990820
6180,553,0.990878
6190,528,0.990934
6200,568,0.990994
6210,533,0.991050
6220,532,0.991106
6230,543,0.991163
6240,547,0.991221
6250,562,0.991280
6260,582,0.991341
6270,552,0.991399
6280,551,0.991457
6290,536,0.991514
6300,522,0.991569
6310,523,0.991624
6320,519,0.991678
6330,527,0.991734
6340,537,0.991790
6350,509,0.991844
6360,496,0.991896
6370,481,0.991947
6380,490,0.991998
6390,496,0.992050
6400,507,0.992104
6410,541,0.992161
6420,509,0.992214
6430,486,0.992265
6440,488,0.992317
6450,478,0.992367
6460,529,0.992423
6470,493,0.992475
6480,461,0.992523
6490,475,0.992573
6500,475,0.992623
6510,420,0.992667
6520,478,0.992718
6530,449,0.992765
6540,448,0.992812
6550,492,0.992864
6560,427,0.992909
6570,452,0.992956
6580,444,0.993003
6590,438,0.993049
6600,433,0.993095
6610,457,0.993143
6620,427,0.993188
6630,419,0.993232
6640,429,0.993277
6650,434,0.993323
6660,393,0.993364
6670,419,0.993408
6680,425,0.993453
6690,427,0.993498
6700,387,0.993539
6710,416,0.993583
6720,410,0.993626
6730,406,0.993668
6740,431,0.993714
6750,388,0.993755
6760,406,0.993797
6770,383,0.993838
6780,412,0.993881
6790,413,0.993925
6800,393,0.993966
6810,421,0.994010
6820,404,0.994053
6830,383,0.994093
6840,399,0.994135
6850,387,0.994176
6860,403,0.994218
6870,418,0.994262
6880,366,0.994301
6890,401,0.994343
6900,384,0.994383
6910,421,0.994428
6920,386,0.994468
6930,371,0.994507
6940,400,0.994550
6950,376,0.994589
6960,371,0.994628
6970,382,0.994668
6980,381,0.994708
6990,373,0.994748
7000,359,0.994785
7010,358,0.994823
7020,336,0.994859
7030,374,0.994898
7040,337,0.994933
7050,371,0.994972
7060,367,0.995011
7070,345,0.995047
7080,355,0.995085
7090,350,0.995122
7100,356,0.995159
7110,346,0.995195
7120,299,0.995227
7130,332,0.995262
7140,339,0.995298
7150,369,0.995336
7160,350,0.995373
7170,337,0.995409
7180,331,0.995444
7190,348,0.995480
7200,340,0.995516
7210,305,0.995548
7220,317,0.995581
7230,328,0.995616
7240,327,0.995650
7250,324,0.995685
7260,345,0.995721
7270,322,0.995755
7280,343,0.995791
7290,289,0.995821
7300,317,0.995855
7310,318,0.995888
7320,304,0.995920
7330,326,0.995954
7340,280,0.995984
7350,318,0.996017
7360,293,0.996048
7370,334,0.996083
7380,330,0.996118
7390,304,0.996150
7400,314,0.996183
7410,334,0.996218
7420,296,0.996249
7430,312,0.996282
7440,304,0.996314
7450,356,0.996352
7460,322,0.996386
7470,311,0.996418
7480,289,0.996449
7490,289,0.996479
7500,255,0.996506
7510,311,0.996539
7520,300,0.996570
7530,280,0.996600
7540,290,0.996630
7550,278,0.996660
7560,312,0.996692
7570,274,0.996721
7580,299,0.996753
7590,280,0.996782
7600,239,0.996807
7610,303,0.996839
7620,265,0.996867
7630,250,0.996894
7640,258,0.996921
7650,294,0.996952
7660,298,0.996983
7670,228,0.997007
7680,273,0.997036
7690,253,0.997062
7700,220,0.997086
7710,265,0.997113
7720,284,0.997143
7730,267,0.997171
7740,277,0.997201
7750,280,0.997230
7760,247,0.997256
7770,249,0.997282
7780,270,0.997311
7790,222,0.997334
7800,246,0.997360
7810,272,0.997389
7820,242,0.997414
7830,209,0.997436
7840,233,0.997461
7850,229,0.997485
7860,216,0.997507
7870,219,0.997530
7880,263,0.997558
7890,221,0.997581
7900,216,0.997604
7910,234,0.997629
7920,233,0.997653
7930,212,0.997676
7940,246,0.997702
7950,227,0.997725
7960,193,0.997746
7970,206,0.997767
7980,207,0.997789
7990,206,0.997811
8000,199,0.997832
8010,201,0.997853
8020,199,0.997874
8030,220,0.997897
8040,194,0.997918
8050,228,0.997941
8060,203,0.997963
8070,199,0.997984
8080,191,0.998004
8090,179,0.998023
8100,182,0.998042
8110,202,0.998063
8120,193,0.998084
8130,161,0.998100
8140,185,0.998120
8150,173,0.998138
8160,191,0.998158
8170,199,0.998179
8180,167,0.998197
8190,200,0.998218
8200,187,0.998237
8210,177,0.998256
8220,155,0.998272
8230,154,0.998289
8240,180,0.998308
8250,173,0.998326
8260,161,0.998343
8270,161,0.998360
8280,178,0.998378
8290,178,0.998397
8300,153,0.998413
8310,152,0.998429
8320,156,0.998446
8330,155,0.998462
8340,158,0.998479
8350,154,0.998495
8360,156,0.998511
8370,159,0.998528
8380,165,0.998545
8390,139,0.998560
8400,141,0.998575
8410,170,0.998593
8420,140,0.998608
8430,134,0.998622
8440,124,0.998635
8450,136,0.998649
8460,128,0.998662
8470,136,0.998677
8480,141,0.998692
8490,136,0.998706
8500,139,0.998721
8510,112,0.998732
8520,134,0.998746
8530,130,0.998760
8540,121,0.998773
8550,146,0.998788
8560,122,0.998801
8570,119,0.998814
8580,123,0.998827
8590,121,0.998839
8600,143,0.998854
8610,114,0.998866
8620,111,0.998878
8630,107,0.998889
8640,136,0.998904
8650,109,0.998915
8660,125,0.998928
8670,127,0.998942
8680,107,0.998953
8690,109,0.998964
8700,126,0.998978
8710,124,0.998991
8720,114,0.999003
8730,94,0.999013
8740,102,0.999023
8750,100,0.999034
8760,89,0.999043
8770,88,0.999052
8780,110,0.999064
8790,113,0.999076
8800,97,0.999086
8810,85,0.999095
8820,93,0.999105
8830,101,0.999115
8840,102,0.999126
8850,94,0.999136
8860,93,0.999146
8870,84,0.999155
8880,85,0.999164
8890,75,0.999172
8900,66,0.999179
8910,83,0.999187
8920,88,0.999197
8930,86,0.999206
8940,93,0.999215
8950,72,0.999223
8960,84,0.999232
8970,90,0.999241
8980,67,0.999248
8990,84,0.999257
9000,81,0.999266
9010,72,0.999273
9020,73,0.999281
9030,81,0.999290
9040,77,0.999298
9050,62,0.999304
9060,57,0.999310
9070,81,0.999319
9080,69,0.999326
9090,82,0.999335
9100,59,0.999341
9110,66,0.999348
9120,61,0.999354
9130,64,0.999361
9140,61,0.999367
9150,69,0.999375
9160,53,0.999380
9170,51,0.999385
9180,55,0.999391
9190,68,0.999398
9200,71,0.999406
9210,67,0.999413
9220,63,0.999420
9230,62,0.999426
9240,69,0.999433
9250,38,0.999437
9260,69,0.999445
9270,57,0.999451
9280,55,0.999456
9290,50,0.999462
9300,55,0.999467
9310,57,0.999474
9320,52,0.999479
9330,43,0.999483
9340,60,0.999490
9350,45,0.999495
9360,53,0.999500
9370,44,0.999505
9380,38,0.999509
9390,54,0.999514
9400,55,0.999520
9410,53,0.999526
9420,48,0.999531
9430,44,0.999536
9440,49,0.999541
9450,53,0.999546
9460,50,0.999551
9470,42,0.999556
9480,52,0.999561
9490,35,0.999565
9500,44,0.999570
9510,55,0.999575
9520,40,0.999580
9530,48,0.999585
9540,46,0.999590
9550,25,0.999592
9560,46,0.999597
9570,34,0.999601
9580,35,0.999604
9590,47,0.999609
9600,41,0.999614
9610,33,0.999617
9620,40,0.999621
9630,46,0.999626
9640,36,0.999630
9650,48,0.999635
9660,35,0.999639
9670,38,0.999643
9680,41,0.999647
9690,31,0.999650
9700,44,0.999655
9710,41,0.999659
9720,30,0.999662
9730,35,0.999666
9740,38,0.999670
9750,48,0.999675
9760,27,0.999678
9770,38,0.999682
9780,36,0.999686
9790,25,0.999688
9800,20,0.999690
9810,29,0.999693
9820,29,0.999697
9830,37,0.999700
9840,28,0.999703
9850,25,0.999706
9860,28,0.999709
9870,40,0.999713
9880,26,0.999716
9890,32,0.999719
9900,16,0.999721
9910,22,0.999723
9920,33,0.999727
9930,24,0.999729
9940,33,0.999733
9950,34,0.999736
9960,29,0.999739
9970,26,0.999742
9980,23,0.999745
9990,26,0.999747
10000,28,0.999750
10010,23,0.999753
10020,22,0.999755
10030,28,0.999758
10040,22,0.999760
10050,21,0.999762
10060,20,0.999765
10070,18,0.999766
10080,30,0.999770
10090,25,0.999772
10100,17,0.999774
10110,17,0.999776
10120,16,0.999777
10130,20,0.999780
10140,26,0.999782
10150,19,0.999784
10160,15,0.999786
10170,16,0.999788
10180,36,0.999791
10190,28,0.999794
10200,30,0.999797
10210,15,0.999799
10220,21,0.999801
10230,24,0.999804
10240,18,0.999806
10250,17,0.999807
10260,18,0.999809
10270,16,0.999811
10280,17,0.999813
10290,11,0.999814
10300,16,0.999816
10310,16,0.999817
10320,17,0.999819
10330,17,0.999821
10340,10,0.999822
10350,13,0.999823
10360,14,0.999825
10370,17,0.999827
10380,15,0.999828
10390,17,0.999830
10400,20,0.999832
10410,14,0.999834
10420,19,0.999836
10430,20,0.999838
10440,23,0.999840
10450,18,0.999842
10460,18,0.999844
10470,10,0.999845
10480,18,0.999847
10490,27,0.999850
10500,18,0.999852
10510,11,0.999853
10520,19,0.999855
10530,12,0.999856
10540,17,0.999858
10550,8,0.999859
10560,9,0.999860
10570,14,0.999861
10580,10,0.999862
10590,13,0.999864
10600,17,0.999865
10610,13,0.999867
10620,8,0.999867
10630,12,0.999869
10640,14,0.999870
10650,13,0.999872
10660,15,0.999873
10670,10,0.999874
10680,14,0.999876
10690,12,0.999877
10700,15,0.999879
10710,13,0.999880
10720,12,0.999881
10730,16,0.999883
10740,8,0.999884
10750,13,0.999885
10760,12,0.999886
10770,12,0.999888
10780,13,0.999889
10790,7,0.999890
10800,11,0.999891
10810,7,0.999892
10820,13,0.999893
10830,12,0.999894
10840,7,0.999895
10850,14,0.999896
10860,12,0.999898
10870,9,0.999899
10880,10,0.999900
10890,12,0.999901
10900,8,0.999902
10910,8,0.999903
10920,16,0.999904
10930,13,0.999906
10940,5,0.999906
10950,11,0.999907
10960,10,0.999908
10970,8,0.999909
10980,10,0.999910
10990,7,0.999911
11000,5,0.999912
11010,9,0.999913
11020,4,0.999913
11030,10,0.999914
11040,9,0.999915
11050,7,0.999916
11060,7,0.999916
11070,10,0.999917
11080,6,0.999918
11090,12,0.999919
11100,8,0.999920
11110,6,0.999921
11120,3,0.999921
11130,12,0.999922
11140,5,0.999923
11150,10,0.999924
11160,6,0.999925
11170,6,0.999925
11180,9,0.999926
11190,10,0.999927
11200,7,0.999928
11210,2,0.999928
11220,8,0.999929
11230,3,0.999929
11240,7,0.999930
11250,2,0.999930
11260,2,0.999931
11270,6,0.999931
11280,4,0.999932
11290,3,0.999932
11300,4,0.999932
11310,7,0.999933
11320,5,0.999934
11330,2,0.999934
11340,4,0.999934
11350,4,0.999935
11360,3,0.999935
11370,9,0.999936
11380,3,0.999936
11390,9,0.999937
11400,6,0.999938
11410,9,0.999939
11420,8,0.999940
11430,6,0.999940
11440,4,0.999941
11450,5,0.999941
11460,5,0.999942
11470,4,0.999942
11480,6,0.999943
11490,3,0.999943
11500,4,0.999943
11510,3,0.999944
11520,4,0.999944
11530,6,0.999945
11540,4,0.999945
11550,5,0.999946
11560,5,0.999946
11570,5,0.999947
11580,2,0.999947
11590,6,0.999948
11600,3,0.999948
11610,5,0.999949
11620,2,0.999949
11630,9,0.999950
11640,5,0.999950
11650,3,0.999951
11660,2,0.999951
11670,4,0.999951
11680,9,0.999952
11690,6,0.999953
11700,11,0.999954
11710,4,0.999954
11720,4,0.999955
11730,4,0.999955
11740,1,0.999955
11750,7,0.999956
11760,5,0.999957
11770,1,0.999957
11780,6,0.999957
11790,4,0.999958
11800,4,0.999958
11810,7,0.999959
11830,1,0.999959
11840,5,0.999959
11850,4,0.999960
11860,5,0.999960
11870,2,0.999961
11880,7,0.999961
11890,3,0.999962
11900,3,0.999962
11910,4,0.999962
11920,4,0.999963
11930,3,0.999963
11940,2,0.999963
11950,7,0.999964
11960,1,0.999964
11970,2,0.999964
11980,2,0.999965
11990,5,0.999965
12000,3,0.999965
12010,3,0.999966
12020,2,0.999966
12030,2,0.999966
12040,3,0.999967
12050,4,0.999967
12060,4,0.999967
12070,3,0.999968
12080,1,0.999968
12090,5,0.999968
12100,5,0.999969
12110,3,0.999969
12120,2,0.999969
12130,1,0.999969
12140,2,0.999970
12150,1,0.999970
12160,4,0.999970
12170,2,0.999970
12180,3,0.999971
12190,3,0.999971
12200,4,0.999971
12220,2,0.999972
12230,4,0.999972
12240,3,0.999972
12250,4,0.999973
12270,3,0.999973
12280,2,0.999973
12290,1,0.999973
12300,3,0.999974
12310,2,0.999974
12320,3,0.999974
12330,1,0.999974
12340,1,0.999975
12350,1,0.999975
12360,1,0.999975
12370,3,0.999975
12380,2,0.999975
12390,2,0.999976
12400,3,0.999976
12410,3,0.999976
12420,5,0.999977
12440,1,0.999977
12450,3,0.999977
12460,4,0.999977
12470,2,0.999978
12480,1,0.999978
12490,2,0.999978
12500,2,0.999978
12510,3,0.999979
12520,1,0.999979
12530,3,0.999979
12540,1,0.999979
12550,2,0.999979
12570,3,0.999980
12580,2,0.999980
12590,2,0.999980
12600,1,0.999980
12610,1,0.999980
12620,3,0.999981
12630,4,0.999981
12640,1,0.999981
12650,2,0.999981
12660,2,0.999981
12670,1,0.999982
12700,1,0.999982
12710,2,0.999982
12720,1,0.999982
12740,2,0.999982
12750,2,0.999982
12770,3,0.999983
12790,3,0.999983
12800,1,0.999983
12810,2,0.999983
12820,1,0.999983
12840,3,0.999984
12850,1,0.999984
12870,2,0.999984
12900,1,0.999984
12910,3,0.999985
12920,1,0.999985
12930,1,0.999985
12950,1,0.999985
12960,2,0.999985
12970,3,0.999985
13000,1,0.999985
13020,1,0.999986
13040,3,0.999986
13050,3,0.999986
13060,1,0.999986
13070,2,0.999987
13100,3,0.999987
13110,2,0.999987
13120,1,0.999987
13140,4,0.999988
13150,1,0.999988
13170,1,0.999988
13180,1,0.999988
13240,4,0.999988
13260,1,0.999988
13300,1,0.999989
13320,1,0.999989
13330,2,0.999989
13340,2,0.999989
13360,1,0.999989
13370,1,0.999989
13390,1,0.999989
13410,1,0.999989
13420,2,0.999990
13440,1,0.999990
13450,1,0.999990
13460,1,0.999990
13500,1,0.999990
13510,1,0.999990
13520,1,0.999990
13530,1,0.999990
13550,1,0.999991
13570,1,0.999991
13580,2,0.999991
13590,1,0.999991
13600,2,0.999991
13610,2,0.999991
13640,2,0.999992
13650,1,0.999992
13690,2,0.999992
13730,1,0.999992
13750,1,0.999992
13780,1,0.999992
13800,1,0.999992
13810,1,0.999992
13820,1,0.999993
13830,1,0.999993
13870,1,0.999993
13900,2,0.999993
13910,1,0.999993
13920,1,0.999993
13950,2,0.999993
13960,1,0.999994
13970,1,0.999994
13980,1,0.999994
13990,1,0.999994
14000,1,0.999994
14010,1,0.999994
14020,1,0.999994
14040,1,0.999994
14050,1,0.999994
14090,1,0.999994
14100,1,0.999995
14140,1,0.999995
14200,1,0.999995
14250,1,0.999995
14270,1,0.999995
14280,1,0.999995
14330,1,0.999995
14360,1,0.999995
14380,1,0.999995
14410,1,0.999995
14520,1,0.999996
14540,1,0.999996
14550,1,0.999996
14560,1,0.999996
14570,1,0.999996
14600,1,0.999996
14610,1,0.999996
14620,1,0.999996
14800,1,0.999996
14840,1,0.999997
14850,1,0.999997
14920,1,0.999997
14990,1,0.999997
15010,1,0.999997
15060,1,0.999997
15100,2,0.999997
15120,1,0.999997
15140,1,0.999997
15260,1,0.999998
15330,1,0.999998
15380,2,0.999998
15480,1,0.999998
15500,1,0.999998
15550,1,0.999998
15600,1,0.999998
15620,1,0.999998
15630,1,0.999999
15780,1,0.999999
15810,1,0.999999
16260,1,0.999999
16310,1,0.999999
16530,1,0.999999
16810,1,0.999999
16820,1,0.999999
17380,1,0.999999
17480,1,0.999999
18580,1,1.000000
18680,1,1.000000
19030,1,1.000000
20120,1,1.000000
22560,1,1.000000
