#latency,cnt,cdf
0,15921,0.001676
10,107,0.001687
20,76,0.001695
30,65,0.001702
40,24,0.001705
50,47298,0.006683
60,88726,0.016023
70,97676,0.026305
80,89998,0.035779
90,85198,0.044747
100,94008,0.054643
110,126398,0.067948
120,108682,0.079388
130,111980,0.091176
140,82698,0.099881
150,77310,0.108019
160,90289,0.117523
170,98577,0.127900
180,147403,0.143416
190,105612,0.154534
200,91731,0.164190
210,90388,0.173704
220,100026,0.184234
230,100142,0.194775
240,92737,0.204537
250,91049,0.214121
260,91710,0.223775
270,92255,0.233486
280,91934,0.243164
290,90651,0.252706
300,88380,0.262010
310,88392,0.271314
320,87661,0.280542
330,86182,0.289614
340,84403,0.298498
350,83006,0.307236
360,81622,0.315828
370,80720,0.324325
380,79459,0.332689
390,78781,0.340982
400,78399,0.349235
410,77741,0.357418
420,77107,0.365535
430,76116,0.373547
440,74629,0.381403
450,73108,0.389099
460,72340,0.396713
470,70489,0.404133
480,69938,0.411495
490,69068,0.418766
500,68221,0.425947
510,67119,0.433012
520,66686,0.440032
530,66792,0.447063
540,66602,0.454074
550,65396,0.460958
560,64604,0.467758
570,63650,0.474458
580,62720,0.481061
590,61745,0.487560
600,61195,0.494002
610,59502,0.500265
620,59221,0.506499
630,57825,0.512586
640,57534,0.518642
650,57051,0.524648
660,56313,0.530576
670,56124,0.536484
680,55430,0.542318
690,54740,0.548081
700,53961,0.553761
710,53151,0.559356
720,52122,0.564842
730,51009,0.570212
740,50946,0.575575
750,49687,0.580805
760,48920,0.585955
770,48280,0.591037
780,48031,0.596093
790,47983,0.601144
800,47687,0.606163
810,46890,0.611099
820,46555,0.616000
830,45845,0.620826
840,45100,0.625573
850,44682,0.630277
860,43445,0.634850
870,42805,0.639356
880,42395,0.643818
890,41437,0.648180
900,41785,0.652579
910,41021,0.656897
920,40300,0.661139
930,40543,0.665407
940,39397,0.669554
950,39005,0.673660
960,38618,0.677725
970,37911,0.681716
980,37223,0.685634
990,36844,0.689512
1000,36233,0.693326
1010,35478,0.697061
1020,35193,0.700765
1030,34478,0.704395
1040,34449,0.708021
1050,34249,0.711626
1060,33847,0.715189
1070,33721,0.718739
1080,33205,0.722234
1090,32767,0.725683
1100,32353,0.729089
1110,32131,0.732471
1120,31080,0.735743
1130,30526,0.738956
1140,30272,0.742143
1150,29987,0.745299
1160,29448,0.748399
1170,29223,0.751475
1180,29273,0.754557
1190,28931,0.757602
1200,28625,0.760615
1210,28172,0.763581
1220,27733,0.766500
1230,27188,0.769362
1240,26646,0.772167
1250,26277,0.774933
1260,25812,0.777650
1270,25407,0.780325
1280,25296,0.782987
1290,25091,0.785629
1300,24948,0.788255
1310,24500,0.790834
1320,24374,0.793400
1330,23916,0.795917
1340,24075,0.798451
1350,23629,0.800939
1360,23154,0.803376
1370,22661,0.805761
1380,22314,0.808110
1390,21841,0.810409
1400,21881,0.812713
1410,21372,0.814962
1420,21338,0.817208
1430,20935,0.819412
1440,20903,0.821613
1450,20787,0.823801
1460,20160,0.825923
1470,20205,0.828050
1480,20011,0.830156
1490,19327,0.832191
1500,19282,0.834220
1510,18977,0.836218
1520,18502,0.838166
1530,18240,0.840086
1540,17978,0.841978
1550,17804,0.843852
1560,17714,0.845717
1570,17728,0.847583
1580,17519,0.849427
1590,17257,0.851244
1600,17119,0.853046
1610,16704,0.854804
1620,16437,0.856534
1630,16490,0.858270
1640,15957,0.859950
1650,15624,0.861594
1660,15545,0.863231
1670,15263,0.864837
1680,15384,0.866457
1690,15074,0.868044
1700,14914,0.869614
1710,14951,0.871187
1720,14581,0.872722
1730,14384,0.874236
1740,14175,0.875728
1750,14154,0.877218
1760,13993,0.878691
1770,13661,0.880129
1780,13450,0.881545
1790,13273,0.882942
1800,13314,0.884344
1810,12905,0.885702
1820,12980,0.887069
1830,12904,0.888427
1840,12632,0.889757
1850,12451,0.891067
1860,12393,0.892372
1870,12235,0.893660
1880,11756,0.894897
1890,11904,0.896150
1900,11823,0.897395
1910,11710,0.898628
1920,11119,0.899798
1930,11299,0.900987
1940,10992,0.902144
1950,11126,0.903316
1960,11057,0.904480
1970,10740,0.905610
1980,10718,0.906738
1990,10399,0.907833
2000,10359,0.908923
2010,10009,0.909977
2020,10075,0.911038
2030,9874,0.912077
2040,9712,0.913099
2050,9667,0.914117
2060,9405,0.915107
2070,9411,0.916098
2080,9283,0.917075
2090,9124,0.918035
2100,9393,0.919024
2110,8985,0.919970
2120,8991,0.920916
2130,8929,0.921856
2140,8939,0.922797
2150,8620,0.923704
2160,8383,0.924587
2170,8316,0.925462
2180,8204,0.926326
2190,8194,0.927188
2200,8130,0.928044
2210,7937,0.928880
2220,7796,0.929700
2230,7825,0.930524
2240,7681,0.931333
2250,7704,0.932144
2260,7527,0.932936
2270,7439,0.933719
2280,7158,0.934472
2290,7099,0.935220
2300,7001,0.935957
2310,6859,0.936679
2320,6958,0.937411
2330,6809,0.938128
2340,6662,0.938829
2350,6650,0.939529
2360,6633,0.940227
2370,6547,0.940916
2380,6486,0.941599
2390,6427,0.942276
2400,6180,0.942926
2410,6193,0.943578
2420,6050,0.944215
2430,5980,0.944845
2440,6069,0.945483
2450,5793,0.946093
2460,5767,0.946700
2470,5828,0.947314
2480,5757,0.947920
2490,5709,0.948521
2500,5534,0.949103
2510,5503,0.949683
2520,5428,0.950254
2530,5347,0.950817
2540,5322,0.951377
2550,5208,0.951925
2560,5174,0.952470
2570,5109,0.953008
2580,5017,0.953536
2590,5048,0.954067
2600,4970,0.954590
2610,4890,0.955105
2620,4861,0.955617
2630,4831,0.956125
2640,4707,0.956621
2650,4643,0.957110
2660,4691,0.957603
2670,4467,0.958073
2680,4617,0.958560
2690,4408,0.959024
2700,4468,0.959494
2710,4330,0.959950
2720,4217,0.960394
2730,4230,0.960839
2740,4190,0.961280
2750,4112,0.961713
2760,4061,0.962140
2770,3967,0.962558
2780,3976,0.962976
2790,3889,0.963386
2800,3694,0.963775
2810,3774,0.964172
2820,3948,0.964587
2830,3721,0.964979
2840,3599,0.965358
2850,3584,0.965735
2860,3588,0.966113
2870,3494,0.966481
2880,3485,0.966848
2890,3539,0.967220
2900,3397,0.967578
2910,3369,0.967932
2920,3319,0.968282
2930,3268,0.968626
2940,3215,0.968964
2950,3292,0.969311
2960,3250,0.969653
2970,3125,0.969982
2980,3142,0.970312
2990,3103,0.970639
3000,3013,0.970956
3010,3032,0.971275
3020,2975,0.971589
3030,2927,0.971897
3040,2842,0.972196
3050,2819,0.972493
3060,2833,0.972791
3070,2830,0.973089
3080,2747,0.973378
3090,2673,0.973659
3100,2738,0.973947
3110,2626,0.974224
3120,2656,0.974503
3130,2550,0.974772
3140,2537,0.975039
3150,2592,0.975312
3160,2495,0.975574
3170,2563,0.975844
3180,2419,0.976099
3190,2365,0.976348
3200,2301,0.976590
3210,2309,0.976833
3220,2250,0.977070
3230,2341,0.977316
3240,2354,0.977564
3250,2231,0.977799
3260,2133,0.978024
3270,2170,0.978252
3280,2196,0.978483
3290,2188,0.978713
3300,2161,0.978941
3310,2055,0.979157
3320,1982,0.979366
3330,2099,0.979587
3340,2006,0.979798
3350,2008,0.980009
3360,1978,0.980218
3370,1931,0.980421
3380,1961,0.980627
3390,1912,0.980829
3400,1923,0.981031
3410,1847,0.981225
3420,1891,0.981424
3430,1819,0.981616
3440,1789,0.981804
3450,1769,0.981990
3460,1777,0.982177
3470,1741,0.982361
3480,1772,0.982547
3490,1723,0.982729
3500,1751,0.982913
3510,1701,0.983092
3520,1727,0.983274
3530,1718,0.983455
3540,1655,0.983629
3550,1696,0.983807
3560,1520,0.983967
3570,1649,0.984141
3580,1539,0.984303
3590,1519,0.984463
3600,1553,0.984626
3610,1579,0.984793
3620,1522,0.984953
3630,1527,0.985114
3640,1557,0.985277
3650,1452,0.985430
3660,1529,0.985591
3670,1514,0.985751
3680,1393,0.985897
3690,1427,0.986047
3700,1369,0.986192
3710,1330,0.986332
3720,1342,0.986473
3730,1396,0.986620
3740,1364,0.986763
3750,1374,0.986908
3760,1267,0.987041
3770,1282,0.987176
3780,1302,0.987313
3790,1292,0.987449
3800,1229,0.987579
3810,1239,0.987709
3820,1162,0.987831
3830,1209,0.987959
3840,1130,0.988078
3850,1156,0.988199
3860,1116,0.988317
3870,1152,0.988438
3880,1078,0.988552
3890,1077,0.988665
3900,1169,0.988788
3910,1121,0.988906
3920,994,0.989011
3930,1023,0.989118
3940,1042,0.989228
3950,1021,0.989336
3960,1003,0.989441
3970,1025,0.989549
3980,968,0.989651
3990,961,0.989752
4000,1000,0.989857
4010,970,0.989959
4020,1016,0.990066
4030,951,0.990166
4040,944,0.990266
4050,928,0.990364
4060,895,0.990458
4070,882,0.990551
4080,875,0.990643
4090,851,0.990732
4100,832,0.990820
4110,890,0.990914
4120,863,0.991004
4130,880,0.991097
4140,800,0.991181
4150,872,0.991273
4160,833,0.991361
4170,795,0.991444
4180,790,0.991528
4190,783,0.991610
4200,760,0.991690
4210,781,0.991772
4220,776,0.991854
4230,772,0.991935
4240,805,0.992020
4250,714,0.992095
4260,761,0.992175
4270,725,0.992251
4280,726,0.992328
4290,727,0.992404
4300,706,0.992479
4310,698,0.992552
4320,665,0.992622
4330,700,0.992696
4340,679,0.992767
4350,691,0.992840
4360,726,0.992917
4370,689,0.992989
4380,647,0.993057
4390,678,0.993129
4400,635,0.993195
4410,675,0.993266
4420,630,0.993333
4430,621,0.993398
4440,616,0.993463
4450,611,0.993527
4460,593,0.993590
4470,641,0.993657
4480,614,0.993722
4490,609,0.993786
4500,616,0.993851
4510,621,0.993916
4520,633,0.993983
4530,614,0.994047
4540,561,0.994106
4550,543,0.994164
4560,581,0.994225
4570,578,0.994286
4580,577,0.994346
4590,544,0.994404
4600,545,0.994461
4610,597,0.994524
4620,502,0.994577
4630,554,0.994635
4640,536,0.994691
4650,550,0.994749
4660,553,0.994807
4670,554,0.994866
4680,540,0.994923
4690,476,0.994973
4700,501,0.995026
4710,462,0.995074
4720,497,0.995126
4730,522,0.995181
4740,486,0.995233
4750,462,0.995281
4760,505,0.995334
4770,453,0.995382
4780,442,0.995429
4790,476,0.995479
4800,432,0.995524
4810,448,0.995571
4820,482,0.995622
4830,485,0.995673
4840,482,0.995724
4850,440,0.995770
4860,419,0.995814
4870,462,0.995863
4880,431,0.995908
4890,451,0.995956
4900,415,0.995999
4910,410,0.996043
4920,414,0.996086
4930,438,0.996132
4940,403,0.996175
4950,420,0.996219
4960,441,0.996265
4970,409,0.996308
4980,390,0.996349
4990,407,0.996392
5000,385,0.996433
5010,378,0.996473
5020,405,0.996515
5030,382,0.996555
5040,347,0.996592
5050,357,0.996630
5060,380,0.996670
5070,349,0.996706
5080,354,0.996744
5090,360,0.996781
5100,331,0.996816
5110,340,0.996852
5120,351,0.996889
5130,380,0.996929
5140,347,0.996966
5150,312,0.996998
5160,322,0.997032
5170,342,0.997068
5180,320,0.997102
5190,308,0.997134
5200,306,0.997167
5210,285,0.997197
5220,331,0.997231
5230,301,0.997263
5240,323,0.997297
5250,302,0.997329
5260,293,0.997360
5270,315,0.997393
5280,297,0.997424
5290,267,0.997452
5300,274,0.997481
5310,309,0.997514
5320,270,0.997542
5330,263,0.997570
5340,295,0.997601
5350,278,0.997630
5360,290,0.997661
5370,244,0.997686
5380,288,0.997717
5390,264,0.997744
5400,244,0.997770
5410,261,0.997798
5420,239,0.997823
5430,224,0.997846
5440,239,0.997871
5450,219,0.997894
5460,243,0.997920
5470,265,0.997948
5480,209,0.997970
5490,222,0.997993
5500,223,0.998017
5510,238,0.998042
5520,222,0.998065
5530,210,0.998087
5540,239,0.998112
5550,239,0.998138
5560,191,0.998158
5570,240,0.998183
5580,196,0.998204
5590,202,0.998225
5600,203,0.998246
5610,186,0.998266
5620,182,0.998285
5630,191,0.998305
5640,202,0.998326
5650,159,0.998343
5660,176,0.998362
5670,189,0.998382
5680,152,0.998398
5690,166,0.998415
5700,190,0.998435
5710,158,0.998452
5720,156,0.998468
5730,167,0.998486
5740,163,0.998503
5750,159,0.998520
5760,168,0.998537
5770,164,0.998555
5780,169,0.998572
5790,154,0.998589
5800,137,0.998603
5810,150,0.998619
5820,156,0.998635
5830,161,0.998652
5840,140,0.998667
5850,141,0.998682
5860,137,0.998696
5870,129,0.998710
5880,126,0.998723
5890,137,0.998737
5900,142,0.998752
5910,115,0.998764
5920,118,0.998777
5930,129,0.998790
5940,142,0.998805
5950,127,0.998819
5960,122,0.998832
5970,115,0.998844
5980,135,0.998858
5990,113,0.998870
6000,111,0.998881
6010,121,0.998894
6020,104,0.998905
6030,142,0.998920
6040,97,0.998930
6050,120,0.998943
6060,132,0.998957
6070,112,0.998969
6080,108,0.998980
6090,114,0.998992
6100,98,0.999002
6110,113,0.999014
6120,105,0.999025
6130,107,0.999036
6140,91,0.999046
6150,105,0.999057
6160,100,0.999068
6170,96,0.999078
6180,96,0.999088
6190,87,0.999097
6200,99,0.999107
6210,81,0.999116
6220,88,0.999125
6230,83,0.999134
6240,76,0.999142
6250,101,0.999153
6260,89,0.999162
6270,71,0.999169
6280,92,0.999179
6290,78,0.999187
6300,77,0.999195
6310,74,0.999203
6320,67,0.999210
6330,73,0.999218
6340,85,0.999227
6350,77,0.999235
6360,76,0.999243
6370,72,0.999251
6380,77,0.999259
6390,62,0.999265
6400,62,0.999272
6410,77,0.999280
6420,74,0.999288
6430,70,0.999295
6440,84,0.999304
6450,72,0.999311
6460,75,0.999319
6470,65,0.999326
6480,75,0.999334
6490,67,0.999341
6500,63,0.999348
6510,64,0.999355
6520,57,0.999361
6530,61,0.999367
6540,72,0.999375
6550,56,0.999380
6560,64,0.999387
6570,45,0.999392
6580,52,0.999397
6590,71,0.999405
6600,49,0.999410
6610,55,0.999416
6620,53,0.999421
6630,46,0.999426
6640,44,0.999431
6650,48,0.999436
6660,53,0.999441
6670,42,0.999446
6680,58,0.999452
6690,52,0.999457
6700,49,0.999463
6710,53,0.999468
6720,54,0.999474
6730,44,0.999479
6740,48,0.999484
6750,42,0.999488
6760,47,0.999493
6770,50,0.999498
6780,48,0.999503
6790,44,0.999508
6800,42,0.999512
6810,40,0.999517
6820,49,0.999522
6830,56,0.999528
6840,48,0.999533
6850,51,0.999538
6860,47,0.999543
6870,40,0.999547
6880,35,0.999551
6890,40,0.999555
6900,50,0.999560
6910,40,0.999565
6920,42,0.999569
6930,35,0.999573
6940,32,0.999576
6950,32,0.999579
6960,42,0.999584
6970,36,0.999588
6980,32,0.999591
6990,30,0.999594
7000,32,0.999597
7010,34,0.999601
7020,40,0.999605
7030,27,0.999608
7040,25,0.999611
7050,23,0.999613
7060,30,0.999616
7070,32,0.999620
7080,30,0.999623
7090,26,0.999626
7100,29,0.999629
7110,34,0.999632
7120,48,0.999637
7130,35,0.999641
7140,30,0.999644
7150,41,0.999648
7160,44,0.999653
7170,34,0.999657
7180,24,0.999659
7190,23,0.999662
7200,23,0.999664
7210,28,0.999667
7220,33,0.999670
7230,32,0.999674
7240,37,0.999678
7250,30,0.999681
7260,24,0.999683
7270,35,0.999687
7280,27,0.999690
7290,26,0.999693
7300,23,0.999695
7310,25,0.999698
7320,25,0.999700
7330,28,0.999703
7340,27,0.999706
7350,29,0.999709
7360,34,0.999713
7370,26,0.999715
7380,24,0.999718
7390,32,0.999721
7400,37,0.999725
7410,35,0.999729
7420,32,0.999732
7430,24,0.999735
7440,31,0.999738
7450,31,0.999741
7460,34,0.999745
7470,29,0.999748
7480,25,0.999751
7490,23,0.999753
7500,22,0.999755
7510,24,0.999758
7520,25,0.999761
7530,31,0.999764
7540,32,0.999767
7550,30,0.999770
7560,22,0.999773
7570,30,0.999776
7580,27,0.999779
7590,22,0.999781
7600,22,0.999783
7610,18,0.999785
7620,24,0.999788
7630,21,0.999790
7640,26,0.999793
7650,20,0.999795
7660,21,0.999797
7670,30,0.999800
7680,26,0.999803
7690,22,0.999805
7700,31,0.999808
7710,11,0.999810
7720,14,0.999811
7730,26,0.999814
7740,22,0.999816
7750,22,0.999818
7760,22,0.999821
7770,27,0.999824
7780,24,0.999826
7790,19,0.999828
7800,22,0.999830
7810,15,0.999832
7820,21,0.999834
7830,18,0.999836
7840,17,0.999838
7850,20,0.999840
7860,14,0.999841
7870,22,0.999844
7880,15,0.999845
7890,14,0.999847
7900,16,0.999849
7910,13,0.999850
7920,18,0.999852
7930,21,0.999854
7940,11,0.999855
7950,12,0.999856
7960,16,0.999858
7970,8,0.999859
7980,14,0.999860
7990,14,0.999862
8000,17,0.999864
8010,16,0.999865
8020,8,0.999866
8030,18,0.999868
8040,10,0.999869
8050,17,0.999871
8060,18,0.999873
8070,11,0.999874
8080,14,0.999875
8090,15,0.999877
8100,27,0.999880
8110,15,0.999881
8120,8,0.999882
8130,8,0.999883
8140,17,0.999885
8150,9,0.999886
8160,13,0.999887
8170,9,0.999888
8180,16,0.999890
8190,9,0.999891
8200,11,0.999892
8210,14,0.999893
8220,15,0.999895
8230,10,0.999896
8240,15,0.999898
8250,6,0.999898
8260,11,0.999899
8270,12,0.999901
8280,7,0.999901
8290,9,0.999902
8300,10,0.999904
8310,9,0.999904
8320,8,0.999905
8330,8,0.999906
8340,8,0.999907
8350,10,0.999908
8360,7,0.999909
8370,8,0.999910
8380,10,0.999911
8390,12,0.999912
8400,8,0.999913
8410,10,0.999914
8420,13,0.999915
8430,6,0.999916
8440,10,0.999917
8450,6,0.999917
8460,5,0.999918
8470,6,0.999919
8480,8,0.999919
8490,13,0.999921
8500,7,0.999922
8510,6,0.999922
8520,6,0.999923
8530,9,0.999924
8540,1,0.999924
8550,10,0.999925
8560,6,0.999926
8570,9,0.999927
8580,9,0.999927
8590,8,0.999928
8600,6,0.999929
8610,11,0.999930
8620,9,0.999931
8630,9,0.999932
8640,4,0.999932
8650,5,0.999933
8660,7,0.999934
8670,8,0.999935
8680,5,0.999935
8690,9,0.999936
8700,3,0.999936
8710,5,0.999937
8720,2,0.999937
8730,8,0.999938
8740,6,0.999939
8750,11,0.999940
8760,4,0.999940
8770,4,0.999941
8780,7,0.999941
8790,6,0.999942
8800,7,0.999943
8810,7,0.999943
8820,7,0.999944
8830,4,0.999945
8840,6,0.999945
8850,7,0.999946
8860,7,0.999947
8870,5,0.999947
8880,4,0.999948
8890,8,0.999948
8900,3,0.999949
8910,7,0.999949
8920,4,0.999950
8940,1,0.999950
8950,5,0.999951
8960,9,0.999951
8970,5,0.999952
8980,8,0.999953
8990,9,0.999954
9000,7,0.999955
9010,7,0.999955
9020,2,0.999955
9030,5,0.999956
9040,5,0.999957
9050,7,0.999957
9060,2,0.999958
9070,5,0.999958
9080,3,0.999958
9090,1,0.999958
9100,2,0.999959
9120,10,0.999960
9130,6,0.999960
9140,5,0.999961
9150,5,0.999961
9160,5,0.999962
9170,7,0.999963
9180,3,0.999963
9190,6,0.999964
9200,3,0.999964
9210,2,0.999964
9220,2,0.999964
9230,4,0.999965
9240,4,0.999965
9250,1,0.999965
9260,2,0.999965
9270,1,0.999966
9280,5,0.999966
9290,6,0.999967
9300,1,0.999967
9310,2,0.999967
9320,4,0.999967
9330,6,0.999968
9340,3,0.999968
9350,5,0.999969
9360,3,0.999969
9370,6,0.999970
9380,3,0.999970
9390,1,0.999970
9400,4,0.999971
9410,5,0.999971
9420,4,0.999972
9430,2,0.999972
9440,5,0.999972
9450,3,0.999973
9460,1,0.999973
9470,3,0.999973
9480,7,0.999974
9490,3,0.999974
9500,4,0.999975
9510,6,0.999975
9520,5,0.999976
9530,5,0.999976
9540,4,0.999977
9550,3,0.999977
9560,3,0.999977
9570,5,0.999978
9580,2,0.999978
9590,2,0.999978
9600,2,0.999979
9610,1,0.999979
9620,2,0.999979
9630,4,0.999979
9640,2,0.999979
9650,2,0.999980
9660,5,0.999980
9670,1,0.999980
9680,1,0.999980
9690,1,0.999981
9700,2,0.999981
9720,1,0.999981
9730,6,0.999981
9740,1,0.999982
9750,1,0.999982
9760,1,0.999982
9770,5,0.999982
9780,3,0.999983
9790,3,0.999983
9800,1,0.999983
9810,3,0.999983
9820,2,0.999984
9830,2,0.999984
9840,3,0.999984
9850,2,0.999984
9860,1,0.999984
9870,1,0.999985
9880,1,0.999985
9890,2,0.999985
9900,1,0.999985
9910,2,0.999985
9920,1,0.999985
9940,3,0.999986
9950,1,0.999986
9960,1,0.999986
9970,1,0.999986
9980,4,0.999986
9990,2,0.999987
10000,1,0.999987
10010,4,0.999987
10020,1,0.999987
10030,1,0.999987
10050,2,0.999987
10060,1,0.999988
10070,6,0.999988
10080,1,0.999988
10100,1,0.999988
10120,2,0.999989
10130,4,0.999989
10150,1,0.999989
10160,6,0.999990
10170,4,0.999990
10180,4,0.999991
10190,3,0.999991
10200,2,0.999991
10210,2,0.999991
10220,1,0.999991
10230,2,0.999992
10250,1,0.999992
10260,1,0.999992
10290,2,0.999992
10310,1,0.999992
10320,1,0.999992
10330,1,0.999992
10340,4,0.999993
10350,1,0.999993
10360,2,0.999993
10370,2,0.999993
10380,1,0.999994
10390,1,0.999994
10410,2,0.999994
10420,1,0.999994
10430,2,0.999994
10450,2,0.999994
10480,2,0.999995
10490,1,0.999995
10500,2,0.999995
10520,2,0.999995
10530,2,0.999995
10560,2,0.999995
10570,2,0.999996
10600,1,0.999996
10610,1,0.999996
10620,1,0.999996
10630,2,0.999996
10640,1,0.999996
10660,1,0.999996
10670,1,0.999997
10680,1,0.999997
10690,3,0.999997
10720,2,0.999997
10740,1,0.999997
10770,1,0.999997
10780,2,0.999998
10810,1,0.999998
10820,3,0.999998
10840,1,0.999998
10860,3,0.999998
10870,1,0.999999
10880,1,0.999999
10900,3,0.999999
10930,5,0.999999
10940,2,1.000000
10950,1,1.000000
10960,1,1.000000
10990,1,1.000000
