#latency,cnt,cdf
0,17504,0.001750
10,1268,0.001877
20,290,0.001906
30,178,0.001924
40,63,0.001930
50,21016,0.004032
60,49142,0.008946
70,54211,0.014367
80,56284,0.019996
90,83806,0.028376
100,93078,0.037684
110,92228,0.046907
120,99279,0.056835
130,121762,0.069011
140,74910,0.076502
150,64381,0.082941
160,75715,0.090512
170,86769,0.099189
180,150196,0.114209
190,105799,0.124789
200,84307,0.133220
210,81315,0.141351
220,90258,0.150377
230,94356,0.159813
240,85814,0.168394
250,84444,0.176839
260,84340,0.185273
270,83022,0.193575
280,82414,0.201816
290,81925,0.210009
300,80932,0.218102
310,79471,0.226049
320,79042,0.233954
330,79079,0.241862
340,78729,0.249734
350,76980,0.257433
360,75633,0.264996
370,74266,0.272423
380,74055,0.279828
390,73209,0.287149
400,71665,0.294316
410,71365,0.301452
420,70710,0.308523
430,70159,0.315539
440,69110,0.322450
450,68192,0.329269
460,67046,0.335974
470,67082,0.342682
480,65829,0.349265
490,65310,0.355796
500,64424,0.362239
510,63742,0.368613
520,63518,0.374965
530,62806,0.381245
540,62002,0.387446
550,61411,0.393587
560,60606,0.399648
570,60023,0.405650
580,59289,0.411579
590,58596,0.417438
600,58134,0.423252
610,57138,0.428966
620,56724,0.434638
630,56182,0.440256
640,55730,0.445829
650,54988,0.451328
660,54533,0.456782
670,53746,0.462156
680,53724,0.467529
690,52994,0.472828
700,52469,0.478075
710,51773,0.483252
720,51257,0.488378
730,50760,0.493454
740,50145,0.498469
750,49777,0.503446
760,49074,0.508354
770,48752,0.513229
780,48083,0.518037
790,47699,0.522807
800,47346,0.527542
810,46441,0.532186
820,46438,0.536830
830,46058,0.541436
840,45346,0.545970
850,44647,0.550435
860,44568,0.554892
870,43695,0.559262
880,43734,0.563635
890,43018,0.567937
900,42425,0.572179
910,42009,0.576380
920,42090,0.580589
930,41559,0.584745
940,41031,0.588848
950,40360,0.592884
960,40183,0.596903
970,39459,0.600849
980,38711,0.604720
990,39474,0.608667
1000,38081,0.612475
1010,38011,0.616277
1020,37807,0.620057
1030,37131,0.623770
1040,36476,0.627418
1050,36571,0.631075
1060,36017,0.634677
1070,35924,0.638269
1080,35044,0.641774
1090,35234,0.645297
1100,34947,0.648792
1110,34398,0.652232
1120,34066,0.655638
1130,34136,0.659052
1140,33498,0.662402
1150,33224,0.665724
1160,32657,0.668990
1170,32297,0.672220
1180,32146,0.675434
1190,31729,0.678607
1200,31401,0.681747
1210,31136,0.684861
1220,30795,0.687940
1230,30520,0.690992
1240,30242,0.694017
1250,29838,0.697000
1260,29472,0.699948
1270,29115,0.702859
1280,29021,0.705761
1290,28970,0.708658
1300,28576,0.711516
1310,28321,0.714348
1320,28011,0.717149
1330,27489,0.719898
1340,27295,0.722628
1350,27322,0.725360
1360,26602,0.728020
1370,26505,0.730671
1380,26262,0.733297
1390,25996,0.735896
1400,25655,0.738462
1410,25326,0.740995
1420,25353,0.743530
1430,24752,0.746005
1440,24763,0.748481
1450,24393,0.750921
1460,24628,0.753384
1470,23885,0.755772
1480,23810,0.758153
1490,23494,0.760503
1500,23037,0.762806
1510,22407,0.765047
1520,22663,0.767313
1530,22383,0.769552
1540,21854,0.771737
1550,21790,0.773916
1560,21430,0.776059
1570,21222,0.778181
1580,21207,0.780302
1590,21006,0.782403
1600,21019,0.784504
1610,20711,0.786576
1620,20129,0.788589
1630,19883,0.790577
1640,19885,0.792565
1650,19877,0.794553
1660,19290,0.796482
1670,18931,0.798375
1680,19137,0.800289
1690,18807,0.802170
1700,18785,0.804048
1710,18497,0.805898
1720,18297,0.807728
1730,18037,0.809531
1740,17935,0.811325
1750,17602,0.813085
1760,17330,0.814818
1770,17420,0.816560
1780,17182,0.818278
1790,16947,0.819973
1800,16709,0.821644
1810,16613,0.823305
1820,16352,0.824940
1830,16110,0.826551
1840,16047,0.828156
1850,15963,0.829752
1860,15897,0.831342
1870,15477,0.832890
1880,15241,0.834414
1890,15348,0.835949
1900,15027,0.837451
1910,14955,0.838947
1920,14648,0.840412
1930,14554,0.841867
1940,14287,0.843296
1950,14305,0.844726
1960,14286,0.846155
1970,13934,0.847548
1980,13831,0.848932
1990,13645,0.850296
2000,13609,0.851657
2010,13417,0.852999
2020,13329,0.854332
2030,13087,0.855640
2040,13031,0.856943
2050,12859,0.858229
2060,12622,0.859492
2070,12485,0.860740
2080,12338,0.861974
2090,12473,0.863221
2100,12222,0.864443
2110,12140,0.865657
2120,12197,0.866877
2130,11957,0.868073
2140,11729,0.869246
2150,11690,0.870415
2160,11738,0.871588
2170,11515,0.872740
2180,11390,0.873879
2190,11220,0.875001
2200,11373,0.876138
2210,11034,0.877242
2220,11018,0.878344
2230,10985,0.879442
2240,10546,0.880497
2250,10468,0.881543
2260,10611,0.882605
2270,10426,0.883647
2280,10351,0.884682
2290,10203,0.885703
2300,10208,0.886723
2310,9937,0.887717
2320,9766,0.888694
2330,9889,0.889683
2340,9859,0.890669
2350,9640,0.891633
2360,9437,0.892576
2370,9415,0.893518
2380,9459,0.894464
2390,9289,0.895393
2400,9146,0.896307
2410,9102,0.897217
2420,8940,0.898111
2430,8927,0.899004
2440,8885,0.899893
2450,8683,0.900761
2460,8644,0.901625
2470,8717,0.902497
2480,8467,0.903344
2490,8369,0.904181
2500,8218,0.905002
2510,8152,0.905818
2520,8225,0.906640
2530,8065,0.907447
2540,8118,0.908258
2550,7971,0.909056
2560,7907,0.909846
2570,7667,0.910613
2580,7846,0.911398
2590,7620,0.912160
2600,7647,0.912924
2610,7564,0.913681
2620,7403,0.914421
2630,7311,0.915152
2640,7515,0.915904
2650,7239,0.916628
2660,7223,0.917350
2670,7112,0.918061
2680,7143,0.918775
2690,7072,0.919483
2700,6989,0.920181
2710,6839,0.920865
2720,6655,0.921531
2730,6878,0.922219
2740,6801,0.922899
2750,6707,0.923569
2760,6651,0.924235
2770,6515,0.924886
2780,6541,0.925540
2790,6267,0.926167
2800,6435,0.926810
2810,6166,0.927427
2820,6368,0.928064
2830,6283,0.928692
2840,6282,0.929320
2850,6134,0.929934
2860,5859,0.930520
2870,6022,0.931122
2880,5928,0.931715
2890,5748,0.932289
2900,5884,0.932878
2910,5845,0.933462
2920,5784,0.934041
2930,5728,0.934614
2940,5758,0.935189
2950,5545,0.935744
2960,5561,0.936300
2970,5504,0.936850
2980,5507,0.937401
2990,5353,0.937936
3000,5442,0.938481
3010,5293,0.939010
3020,5113,0.939521
3030,5224,0.940044
3040,5169,0.940560
3050,5183,0.941079
3060,5039,0.941583
3070,4854,0.942068
3080,5033,0.942571
3090,4961,0.943067
3100,4784,0.943546
3110,4671,0.944013
3120,4792,0.944492
3130,4691,0.944961
3140,4724,0.945434
3150,4675,0.945901
3160,4595,0.946361
3170,4628,0.946824
3180,4533,0.947277
3190,4611,0.947738
3200,4611,0.948199
3210,4413,0.948640
3220,4387,0.949079
3230,4442,0.949523
3240,4290,0.949952
3250,4303,0.950383
3260,4307,0.950813
3270,4236,0.951237
3280,4275,0.951664
3290,4246,0.952089
3300,4029,0.952492
3310,4053,0.952897
3320,3963,0.953293
3330,4085,0.953702
3340,4107,0.954113
3350,3849,0.954498
3360,3919,0.954889
3370,3866,0.955276
3380,3915,0.955668
3390,3919,0.956060
3400,3845,0.956444
3410,3756,0.956820
3420,3801,0.957200
3430,3843,0.957584
3440,3729,0.957957
3450,3684,0.958325
3460,3719,0.958697
3470,3493,0.959046
3480,3529,0.959399
3490,3491,0.959749
3500,3526,0.960101
3510,3497,0.960451
3520,3468,0.960798
3530,3404,0.961138
3540,3506,0.961489
3550,3393,0.961828
3560,3270,0.962155
3570,3308,0.962486
3580,3344,0.962820
3590,3452,0.963165
3600,3115,0.963477
3610,3165,0.963793
3620,3195,0.964113
3630,3054,0.964418
3640,2975,0.964716
3650,3084,0.965024
3660,3026,0.965327
3670,3030,0.965630
3680,3060,0.965936
3690,2954,0.966231
3700,2887,0.966520
3710,2860,0.966806
3720,2866,0.967092
3730,2788,0.967371
3740,2782,0.967649
3750,2772,0.967927
3760,2684,0.968195
3770,2714,0.968466
3780,2691,0.968736
3790,2680,0.969004
3800,2609,0.969265
3810,2593,0.969524
3820,2593,0.969783
3830,2514,0.970034
3840,2415,0.970276
3850,2382,0.970514
3860,2411,0.970755
3870,2446,0.971000
3880,2384,0.971238
3890,2334,0.971472
3900,2289,0.971701
3910,2284,0.971929
3920,2204,0.972149
3930,2195,0.972369
3940,2205,0.972589
3950,2210,0.972810
3960,2228,0.973033
3970,2081,0.973241
3980,2088,0.973450
3990,2147,0.973665
4000,2174,0.973882
4010,2135,0.974096
4020,1974,0.974293
4030,1942,0.974487
4040,1988,0.974686
4050,1991,0.974885
4060,1995,0.975085
4070,1974,0.975282
4080,1982,0.975480
4090,1884,0.975669
4100,1863,0.975855
4110,1923,0.976047
4120,1874,0.976235
4130,1875,0.976422
4140,1778,0.976600
4150,1737,0.976774
4160,1749,0.976949
4170,1803,0.977129
4180,1798,0.977309
4190,1743,0.977483
4200,1685,0.977652
4210,1749,0.977826
4220,1687,0.977995
4230,1671,0.978162
4240,1735,0.978336
4250,1713,0.978507
4260,1736,0.978681
4270,1635,0.978844
4280,1627,0.979007
4290,1622,0.979169
4300,1574,0.979326
4310,1592,0.979486
4320,1612,0.979647
4330,1628,0.979810
4340,1603,0.979970
4350,1563,0.980126
4360,1602,0.980286
4370,1549,0.980441
4380,1534,0.980595
4390,1586,0.980753
4400,1589,0.980912
4410,1516,0.981064
4420,1532,0.981217
4430,1467,0.981364
4440,1429,0.981507
4450,1463,0.981653
4460,1439,0.981797
4470,1432,0.981940
4480,1470,0.982087
4490,1421,0.982229
4500,1423,0.982371
4510,1469,0.982518
4520,1469,0.982665
4530,1319,0.982797
4540,1373,0.982934
4550,1353,0.983070
4560,1357,0.983205
4570,1368,0.983342
4580,1340,0.983476
4590,1337,0.983610
4600,1391,0.983749
4610,1284,0.983877
4620,1279,0.984005
4630,1275,0.984133
4640,1258,0.984259
4650,1292,0.984388
4660,1327,0.984521
4670,1211,0.984642
4680,1260,0.984768
4690,1276,0.984895
4700,1237,0.985019
4710,1249,0.985144
4720,1257,0.985270
4730,1201,0.985390
4740,1250,0.985515
4750,1239,0.985639
4760,1223,0.985761
4770,1199,0.985881
4780,1214,0.986002
4790,1150,0.986117
4800,1226,0.986240
4810,1154,0.986355
4820,1198,0.986475
4830,1144,0.986589
4840,1166,0.986706
4850,1176,0.986824
4860,1116,0.986935
4870,1204,0.987056
4880,1126,0.987168
4890,1104,0.987279
4900,1175,0.987396
4910,1134,0.987509
4920,1128,0.987622
4930,1106,0.987733
4940,1106,0.987844
4950,1107,0.987954
4960,1106,0.988065
4970,1066,0.988171
4980,1125,0.988284
4990,1029,0.988387
5000,1076,0.988494
5010,1116,0.988606
5020,1068,0.988713
5030,1052,0.988818
5040,1038,0.988922
5050,1029,0.989025
5060,983,0.989123
5070,972,0.989220
5080,954,0.989316
5090,975,0.989413
5100,1004,0.989514
5110,950,0.989609
5120,978,0.989706
5130,1002,0.989807
5140,976,0.989904
5150,965,0.990001
5160,988,0.990099
5170,956,0.990195
5180,985,0.990294
5190,972,0.990391
5200,899,0.990481
5210,917,0.990572
5220,892,0.990662
5230,917,0.990753
5240,895,0.990843
5250,863,0.990929
5260,860,0.991015
5270,838,0.991099
5280,831,0.991182
5290,819,0.991264
5300,849,0.991349
5310,889,0.991438
5320,881,0.991526
5330,809,0.991607
5340,801,0.991687
5350,830,0.991770
5360,823,0.991852
5370,797,0.991932
5380,803,0.992012
5390,772,0.992089
5400,825,0.992172
5410,787,0.992250
5420,738,0.992324
5430,698,0.992394
5440,709,0.992465
5450,720,0.992537
5460,652,0.992602
5470,742,0.992676
5480,729,0.992749
5490,678,0.992817
5500,686,0.992886
5510,650,0.992951
5520,709,0.993022
5530,651,0.993087
5540,670,0.993154
5550,622,0.993216
5560,577,0.993274
5570,637,0.993337
5580,627,0.993400
5590,602,0.993460
5600,589,0.993519
5610,580,0.993577
5620,581,0.993635
5630,635,0.993699
5640,616,0.993760
5650,554,0.993816
5660,554,0.993871
5670,547,0.993926
5680,578,0.993984
5690,573,0.994041
5700,538,0.994095
5710,569,0.994152
5720,550,0.994207
5730,548,0.994261
5740,503,0.994312
5750,544,0.994366
5760,554,0.994421
5770,447,0.994466
5780,536,0.994520
5790,542,0.994574
5800,501,0.994624
5810,477,0.994672
5820,502,0.994722
5830,506,0.994773
5840,471,0.994820
5850,486,0.994868
5860,458,0.994914
5870,480,0.994962
5880,437,0.995006
5890,453,0.995051
5900,498,0.995101
5910,446,0.995145
5920,469,0.995192
5930,455,0.995238
5940,417,0.995280
5950,417,0.995321
5960,406,0.995362
5970,416,0.995403
5980,436,0.995447
5990,432,0.995490
6000,373,0.995528
6010,413,0.995569
6020,394,0.995608
6030,380,0.995646
6040,385,0.995685
6050,365,0.995721
6060,366,0.995758
6070,308,0.995789
6080,404,0.995829
6090,354,0.995864
6100,336,0.995898
6110,333,0.995931
6120,342,0.995966
6130,325,0.995998
6140,354,0.996033
6150,321,0.996066
6160,336,0.996099
6170,372,0.996136
6180,320,0.996168
6190,340,0.996202
6200,309,0.996233
6210,306,0.996264
6220,338,0.996298
6230,305,0.996328
6240,345,0.996363
6250,289,0.996392
6260,327,0.996424
6270,281,0.996452
6280,329,0.996485
6290,318,0.996517
6300,315,0.996549
6310,312,0.996580
6320,334,0.996613
6330,306,0.996644
6340,306,0.996674
6350,325,0.996707
6360,279,0.996735
6370,299,0.996765
6380,305,0.996795
6390,298,0.996825
6400,277,0.996853
6410,269,0.996880
6420,276,0.996907
6430,285,0.996936
6440,262,0.996962
6450,255,0.996987
6460,282,0.997016
6470,227,0.997038
6480,288,0.997067
6490,266,0.997094
6500,242,0.997118
6510,257,0.997144
6520,247,0.997168
6530,223,0.997191
6540,230,0.997214
6550,250,0.997239
6560,262,0.997265
6570,243,0.997289
6580,234,0.997312
6590,243,0.997337
6600,225,0.997359
6610,234,0.997383
6620,218,0.997404
6630,228,0.997427
6640,225,0.997450
6650,238,0.997474
6660,235,0.997497
6670,233,0.997520
6680,219,0.997542
6690,223,0.997565
6700,229,0.997588
6710,200,0.997607
6720,206,0.997628
6730,220,0.997650
6740,188,0.997669
6750,215,0.997690
6760,223,0.997713
6770,197,0.997732
6780,202,0.997753
6790,208,0.997773
6800,207,0.997794
6810,202,0.997814
6820,195,0.997834
6830,201,0.997854
6840,209,0.997875
6850,197,0.997894
6860,178,0.997912
6870,194,0.997932
6880,185,0.997950
6890,209,0.997971
6900,182,0.997989
6910,182,0.998007
6920,193,0.998027
6930,208,0.998048
6940,179,0.998065
6950,160,0.998082
6960,187,0.998100
6970,186,0.998119
6980,180,0.998137
6990,176,0.998154
7000,165,0.998171
7010,184,0.998189
7020,183,0.998208
7030,188,0.998226
7040,171,0.998244
7050,164,0.998260
7060,169,0.998277
7070,158,0.998293
7080,170,0.998310
7090,154,0.998325
7100,172,0.998342
7110,163,0.998358
7120,182,0.998377
7130,172,0.998394
7140,167,0.998411
7150,167,0.998427
7160,158,0.998443
7170,173,0.998460
7180,151,0.998475
7190,147,0.998490
7200,155,0.998506
7210,152,0.998521
7220,158,0.998537
7230,133,0.998550
7240,133,0.998563
7250,151,0.998578
7260,127,0.998591
7270,140,0.998605
7280,132,0.998618
7290,148,0.998633
7300,118,0.998645
7310,143,0.998659
7320,142,0.998673
7330,116,0.998685
7340,132,0.998698
7350,132,0.998711
7360,130,0.998724
7370,140,0.998738
7380,120,0.998750
7390,114,0.998762
7400,100,0.998772
7410,117,0.998783
7420,103,0.998794
7430,135,0.998807
7440,104,0.998818
7450,116,0.998829
7460,104,0.998840
7470,95,0.998849
7480,114,0.998861
7490,97,0.998870
7500,106,0.998881
7510,110,0.998892
7520,115,0.998903
7530,118,0.998915
7540,102,0.998925
7550,95,0.998935
7560,98,0.998945
7570,105,0.998955
7580,103,0.998966
7590,108,0.998976
7600,107,0.998987
7610,96,0.998997
7620,110,0.999008
7630,92,0.999017
7640,99,0.999027
7650,100,0.999037
7660,103,0.999047
7670,100,0.999057
7680,100,0.999067
7690,92,0.999076
7700,86,0.999085
7710,77,0.999093
7720,97,0.999102
7730,82,0.999110
7740,91,0.999120
7750,68,0.999126
7760,81,0.999134
7770,70,0.999141
7780,89,0.999150
7790,89,0.999159
7800,73,0.999166
7810,82,0.999175
7820,77,0.999182
7830,105,0.999193
7840,80,0.999201
7850,71,0.999208
7860,82,0.999216
7870,85,0.999225
7880,81,0.999233
7890,72,0.999240
7900,76,0.999248
7910,86,0.999256
7920,63,0.999263
7930,75,0.999270
7940,74,0.999277
7950,72,0.999285
7960,77,0.999292
7970,80,0.999300
7980,72,0.999308
7990,68,0.999314
8000,72,0.999322
8010,69,0.999328
8020,61,0.999335
8030,52,0.999340
8040,61,0.999346
8050,58,0.999352
8060,68,0.999358
8070,57,0.999364
8080,60,0.999370
8090,61,0.999376
8100,64,0.999383
8110,82,0.999391
8120,53,0.999396
8130,63,0.999402
8140,59,0.999408
8150,75,0.999416
8160,57,0.999421
8170,55,0.999427
8180,65,0.999434
8190,69,0.999440
8200,69,0.999447
8210,64,0.999454
8220,47,0.999458
8230,57,0.999464
8240,62,0.999470
8250,59,0.999476
8260,54,0.999482
8270,52,0.999487
8280,61,0.999493
8290,58,0.999499
8300,40,0.999503
8310,49,0.999508
8320,52,0.999513
8330,50,0.999518
8340,47,0.999523
8350,44,0.999527
8360,54,0.999532
8370,41,0.999536
8380,59,0.999542
8390,47,0.999547
8400,52,0.999552
8410,53,0.999557
8420,49,0.999562
8430,38,0.999566
8440,44,0.999571
8450,44,0.999575
8460,38,0.999579
8470,34,0.999582
8480,34,0.999586
8490,36,0.999589
8500,45,0.999594
8510,38,0.999597
8520,44,0.999602
8530,39,0.999606
8540,36,0.999609
8550,41,0.999614
8560,41,0.999618
8570,44,0.999622
8580,24,0.999624
8590,44,0.999629
8600,29,0.999632
8610,30,0.999635
8620,27,0.999637
8630,34,0.999641
8640,36,0.999644
8650,34,0.999648
8660,36,0.999651
8670,44,0.999656
8680,44,0.999660
8690,36,0.999664
8700,36,0.999667
8710,30,0.999670
8720,32,0.999674
8730,27,0.999676
8740,35,0.999680
8750,32,0.999683
8760,29,0.999686
8770,30,0.999689
8780,25,0.999691
8790,26,0.999694
8800,29,0.999697
8810,27,0.999700
8820,22,0.999702
8830,27,0.999704
8840,25,0.999707
8850,35,0.999711
8860,33,0.999714
8870,25,0.999716
8880,31,0.999719
8890,27,0.999722
8900,29,0.999725
8910,30,0.999728
8920,25,0.999731
8930,22,0.999733
8940,21,0.999735
8950,23,0.999737
8960,27,0.999740
8970,17,0.999741
8980,22,0.999744
8990,16,0.999745
9000,27,0.999748
9010,20,0.999750
9020,15,0.999752
9030,23,0.999754
9040,28,0.999757
9050,17,0.999758
9060,21,0.999760
9070,12,0.999762
9080,21,0.999764
9090,26,0.999766
9100,12,0.999767
9110,29,0.999770
9120,28,0.999773
9130,27,0.999776
9140,26,0.999779
9150,28,0.999781
9160,27,0.999784
9170,20,0.999786
9180,18,0.999788
9190,16,0.999789
9200,21,0.999792
9210,23,0.999794
9220,15,0.999795
9230,17,0.999797
9240,25,0.999799
9250,21,0.999802
9260,25,0.999804
9270,20,0.999806
9280,18,0.999808
9290,20,0.999810
9300,15,0.999811
9310,19,0.999813
9320,22,0.999816
9330,14,0.999817
9340,10,0.999818
9350,14,0.999819
9360,22,0.999821
9370,21,0.999824
9380,20,0.999826
9390,17,0.999827
9400,18,0.999829
9410,14,0.999830
9420,21,0.999833
9430,21,0.999835
9440,15,0.999836
9450,14,0.999838
9460,11,0.999839
9470,16,0.999840
9480,11,0.999841
9490,13,0.999843
9500,21,0.999845
9510,9,0.999846
9520,20,0.999848
9530,19,0.999850
9540,13,0.999851
9550,15,0.999852
9560,19,0.999854
9570,9,0.999855
9580,17,0.999857
9590,11,0.999858
9600,14,0.999859
9610,21,0.999861
9620,14,0.999863
9630,21,0.999865
9640,10,0.999866
9650,6,0.999867
9660,11,0.999868
9670,9,0.999869
9680,8,0.999869
9690,7,0.999870
9700,18,0.999872
9710,10,0.999873
9720,14,0.999874
9730,12,0.999875
9740,17,0.999877
9750,8,0.999878
9760,9,0.999879
9770,9,0.999880
9780,7,0.999880
9790,3,0.999881
9800,12,0.999882
9810,10,0.999883
9820,14,0.999884
9830,13,0.999886
9840,7,0.999886
9850,10,0.999887
9860,6,0.999888
9870,13,0.999889
9880,8,0.999890
9890,8,0.999891
9900,4,0.999891
9910,8,0.999892
9920,6,0.999893
9930,5,0.999893
9940,4,0.999894
9950,5,0.999894
9960,11,0.999895
9970,8,0.999896
9980,11,0.999897
9990,5,0.999898
10000,5,0.999898
10010,5,0.999899
10020,6,0.999899
10030,9,0.999900
10040,5,0.999901
10050,9,0.999901
10060,11,0.999903
10070,10,0.999904
10080,6,0.999904
10090,10,0.999905
10100,10,0.999906
10110,12,0.999907
10120,7,0.999908
10130,9,0.999909
10140,11,0.999910
10150,7,0.999911
10160,8,0.999912
10170,7,0.999912
10180,8,0.999913
10190,8,0.999914
10200,6,0.999915
10210,7,0.999915
10220,16,0.999917
10230,6,0.999917
10240,6,0.999918
10250,8,0.999919
10260,2,0.999919
10270,9,0.999920
10280,7,0.999921
10290,3,0.999921
10300,5,0.999921
10310,6,0.999922
10320,4,0.999922
10330,7,0.999923
10340,9,0.999924
10350,6,0.999925
10360,6,0.999925
10370,9,0.999926
10380,8,0.999927
10390,10,0.999928
10400,5,0.999928
10410,5,0.999929
10420,8,0.999930
10430,6,0.999930
10440,2,0.999931
10450,6,0.999931
10460,4,0.999932
10470,10,0.999933
10480,5,0.999933
10490,4,0.999933
10500,4,0.999934
10510,3,0.999934
10520,5,0.999935
10530,6,0.999935
10540,4,0.999936
10550,5,0.999936
10560,2,0.999936
10570,7,0.999937
10580,5,0.999937
10590,5,0.999938
10600,3,0.999938
10610,5,0.999939
10620,8,0.999940
10630,6,0.999940
10640,3,0.999941
10650,9,0.999941
10660,4,0.999942
10670,4,0.999942
10680,2,0.999942
10690,3,0.999943
10700,4,0.999943
10710,2,0.999943
10720,4,0.999944
10730,3,0.999944
10740,3,0.999944
10750,2,0.999945
10770,5,0.999945
10780,5,0.999946
10790,5,0.999946
10800,4,0.999946
10810,7,0.999947
10820,6,0.999948
10830,5,0.999948
10840,3,0.999949
10850,3,0.999949
10860,7,0.999950
10870,3,0.999950
10880,1,0.999950
10890,4,0.999950
10900,5,0.999951
10910,2,0.999951
10920,4,0.999951
10930,2,0.999952
10940,2,0.999952
10950,4,0.999952
10960,6,0.999953
10970,1,0.999953
10980,1,0.999953
10990,9,0.999954
11000,3,0.999954
11010,5,0.999955
11020,3,0.999955
11030,2,0.999955
11040,1,0.999955
11050,4,0.999956
11060,4,0.999956
11070,1,0.999956
11080,2,0.999956
11090,5,0.999957
11100,2,0.999957
11110,3,0.999957
11120,2,0.999958
11130,3,0.999958
11140,1,0.999958
11150,1,0.999958
11160,1,0.999958
11170,4,0.999959
11180,2,0.999959
11190,2,0.999959
11200,1,0.999959
11210,4,0.999960
11220,2,0.999960
11240,3,0.999960
11250,5,0.999960
11260,3,0.999961
11270,5,0.999961
11290,4,0.999962
11300,1,0.999962
11310,2,0.999962
11320,2,0.999962
11330,2,0.999962
11340,3,0.999963
11350,6,0.999963
11360,3,0.999964
11380,1,0.999964
11390,1,0.999964
11400,2,0.999964
11410,3,0.999964
11420,3,0.999965
11430,3,0.999965
11440,4,0.999965
11450,3,0.999966
11460,3,0.999966
11480,1,0.999966
11490,4,0.999966
11500,4,0.999967
11520,3,0.999967
11540,4,0.999968
11550,1,0.999968
11560,2,0.999968
11570,4,0.999968
11580,5,0.999969
11590,6,0.999969
11600,4,0.999970
11610,4,0.999970
11620,1,0.999970
11630,1,0.999970
11640,2,0.999970
11650,4,0.999971
11660,2,0.999971
11670,3,0.999971
11690,4,0.999972
11700,3,0.999972
11710,1,0.999972
11730,1,0.999972
11740,6,0.999973
11750,1,0.999973
11760,2,0.999973
11770,2,0.999973
11780,3,0.999974
11790,2,0.999974
11800,3,0.999974
11810,1,0.999974
11840,2,0.999974
11850,5,0.999975
11860,1,0.999975
11880,2,0.999975
11890,3,0.999976
11900,2,0.999976
11910,3,0.999976
11920,2,0.999976
11940,2,0.999977
11950,2,0.999977
11960,4,0.999977
11970,2,0.999977
11990,1,0.999977
12000,1,0.999978
12010,4,0.999978
12020,2,0.999978
12030,2,0.999978
12040,2,0.999978
12050,3,0.999979
12060,2,0.999979
12070,3,0.999979
12080,1,0.999979
12090,4,0.999980
12100,4,0.999980
12110,2,0.999980
12120,1,0.999981
12130,3,0.999981
12140,2,0.999981
12150,3,0.999981
12170,1,0.999981
12180,3,0.999982
12190,1,0.999982
12200,1,0.999982
12210,1,0.999982
12220,1,0.999982
12230,1,0.999982
12240,1,0.999982
12260,2,0.999982
12270,2,0.999983
12280,4,0.999983
12290,5,0.999984
12300,2,0.999984
12310,3,0.999984
12330,4,0.999985
12350,1,0.999985
12360,1,0.999985
12370,1,0.999985
12380,1,0.999985
12390,2,0.999985
12400,2,0.999985
12410,2,0.999986
12420,1,0.999986
12440,4,0.999986
12450,1,0.999986
12460,1,0.999986
12470,2,0.999986
12480,3,0.999987
12500,4,0.999987
12520,1,0.999987
12530,3,0.999987
12540,1,0.999988
12560,1,0.999988
12570,2,0.999988
12580,1,0.999988
12590,1,0.999988
12610,1,0.999988
12620,1,0.999988
12630,1,0.999988
12650,1,0.999988
12660,1,0.999989
12670,1,0.999989
12680,1,0.999989
12690,1,0.999989
12700,3,0.999989
12750,1,0.999989
12760,1,0.999989
12770,1,0.999990
12780,2,0.999990
12790,3,0.999990
12800,1,0.999990
12820,3,0.999990
12830,1,0.999991
12840,2,0.999991
12850,2,0.999991
12860,2,0.999991
12880,2,0.999991
12900,2,0.999991
12910,1,0.999992
12920,2,0.999992
12930,1,0.999992
12940,1,0.999992
12950,1,0.999992
12970,1,0.999992
12990,1,0.999992
13020,1,0.999992
13030,1,0.999992
13040,2,0.999993
13060,1,0.999993
13080,1,0.999993
13100,1,0.999993
13110,3,0.999993
13120,2,0.999994
13150,1,0.999994
13160,2,0.999994
13170,1,0.999994
13240,1,0.999994
13250,2,0.999994
13290,1,0.999994
13300,1,0.999994
13330,1,0.999995
13340,1,0.999995
13360,2,0.999995
13380,1,0.999995
13390,1,0.999995
13400,2,0.999995
13440,2,0.999995
13490,1,0.999996
13500,1,0.999996
13510,2,0.999996
13520,1,0.999996
13530,1,0.999996
13550,1,0.999996
13580,1,0.999996
13590,1,0.999996
13610,1,0.999996
13630,2,0.999997
13650,2,0.999997
13670,3,0.999997
13700,1,0.999997
13710,1,0.999997
13730,1,0.999997
13740,2,0.999998
13760,1,0.999998
13770,2,0.999998
13800,2,0.999998
13820,2,0.999998
13830,1,0.999998
13850,1,0.999999
13870,1,0.999999
13900,2,0.999999
13930,1,0.999999
13940,2,0.999999
13970,1,0.999999
14010,1,0.999999
14040,2,1.000000
14060,1,1.000000
14090,1,1.000000
14120,2,1.000000
14140,1,1.000000
