#latency,cnt,cdf
0,6413,0.001284
10,1553,0.001595
20,529,0.001700
30,278,0.001756
40,194,0.001795
50,7026,0.003201
60,17079,0.006620
70,20624,0.010748
80,21983,0.015148
90,32484,0.021651
100,40353,0.029728
110,39227,0.037580
120,41456,0.045878
130,52890,0.056465
140,38370,0.064145
150,31863,0.070523
160,34950,0.077519
170,39135,0.085353
180,63163,0.097996
190,52150,0.108435
200,42495,0.116941
210,40412,0.125030
220,42864,0.133610
230,45324,0.142682
240,43079,0.151305
250,41765,0.159665
260,42036,0.168080
270,41762,0.176439
280,41163,0.184678
290,41225,0.192930
300,40688,0.201075
310,40074,0.209096
320,39897,0.217082
330,39827,0.225054
340,39284,0.232918
350,38299,0.240584
360,37904,0.248171
370,37292,0.255636
380,36541,0.262950
390,36383,0.270233
400,35965,0.277432
410,35550,0.284548
420,34901,0.291534
430,34351,0.298410
440,33965,0.305208
450,33597,0.311933
460,33168,0.318573
470,32275,0.325033
480,32143,0.331467
490,31686,0.337809
500,31422,0.344099
510,30981,0.350300
520,30239,0.356353
530,29912,0.362341
540,29838,0.368313
550,29271,0.374172
560,28973,0.379972
570,28465,0.385670
580,28069,0.391288
590,28161,0.396925
600,27178,0.402365
610,27279,0.407826
620,26822,0.413194
630,26456,0.418490
640,26119,0.423718
650,26041,0.428931
660,26126,0.434160
670,25501,0.439265
680,25307,0.444330
690,25330,0.449401
700,24752,0.454355
710,24484,0.459256
720,24393,0.464139
730,24421,0.469027
740,24146,0.473860
750,23759,0.478616
760,23954,0.483411
770,23254,0.488066
780,23264,0.492722
790,23231,0.497372
800,22549,0.501886
810,22711,0.506432
820,22767,0.510989
830,22388,0.515471
840,22304,0.519935
850,21546,0.524248
860,21950,0.528642
870,21780,0.533001
880,21159,0.537237
890,20983,0.541437
900,20973,0.545635
910,20585,0.549755
920,20581,0.553875
930,20219,0.557922
940,19915,0.561908
950,20074,0.565926
960,19430,0.569816
970,19316,0.573682
980,19169,0.577519
990,19083,0.581339
1000,18811,0.585104
1010,18672,0.588842
1020,18487,0.592542
1030,18380,0.596221
1040,18126,0.599850
1050,18257,0.603504
1060,18047,0.607117
1070,17796,0.610679
1080,17789,0.614240
1090,17621,0.617767
1100,17359,0.621241
1110,17016,0.624647
1120,16830,0.628016
1130,16941,0.631407
1140,16675,0.634745
1150,16728,0.638093
1160,16615,0.641419
1170,16076,0.644637
1180,16386,0.647917
1190,16071,0.651134
1200,15953,0.654327
1210,15627,0.657455
1220,15464,0.660551
1230,15661,0.663685
1240,15267,0.666741
1250,14977,0.669739
1260,14943,0.672730
1270,14793,0.675691
1280,14932,0.678680
1290,14823,0.681647
1300,14447,0.684539
1310,14332,0.687408
1320,14109,0.690232
1330,14396,0.693114
1340,14008,0.695918
1350,13856,0.698691
1360,13587,0.701411
1370,13612,0.704136
1380,13393,0.706816
1390,13194,0.709458
1400,13314,0.712123
1410,13174,0.714760
1420,12717,0.717305
1430,12872,0.719882
1440,12640,0.722412
1450,12334,0.724881
1460,12188,0.727320
1470,12307,0.729784
1480,11982,0.732182
1490,11838,0.734552
1500,11758,0.736905
1510,11557,0.739219
1520,11627,0.741546
1530,11360,0.743820
1540,11231,0.746068
1550,11022,0.748274
1560,10763,0.750429
1570,10668,0.752564
1580,10450,0.754656
1590,10645,0.756786
1600,10231,0.758834
1610,10169,0.760870
1620,9983,0.762868
1630,9855,0.764841
1640,9836,0.766810
1650,9713,0.768754
1660,9700,0.770696
1670,9597,0.772617
1680,9532,0.774525
1690,9421,0.776410
1700,8945,0.778201
1710,9072,0.780017
1720,8910,0.781800
1730,8904,0.783582
1740,8803,0.785345
1750,8670,0.787080
1760,8756,0.788833
1770,8496,0.790533
1780,8618,0.792258
1790,8307,0.793921
1800,8208,0.795564
1810,8251,0.797216
1820,8066,0.798830
1830,7895,0.800411
1840,7955,0.802003
1850,7816,0.803567
1860,7781,0.805125
1870,7757,0.806678
1880,7647,0.808208
1890,7779,0.809765
1900,7344,0.811235
1910,7518,0.812740
1920,7393,0.814220
1930,7138,0.815649
1940,7210,0.817092
1950,7032,0.818500
1960,7102,0.819921
1970,7021,0.821327
1980,6902,0.822708
1990,6815,0.824072
2000,6651,0.825404
2010,6807,0.826766
2020,6637,0.828095
2030,6766,0.829449
2040,6512,0.830752
2050,6463,0.832046
2060,6334,0.833314
2070,6189,0.834553
2080,6079,0.835770
2090,6158,0.837002
2100,5921,0.838188
2110,5935,0.839375
2120,5865,0.840550
2130,5788,0.841708
2140,5771,0.842863
2150,5622,0.843989
2160,5561,0.845102
2170,5571,0.846217
2180,5557,0.847329
2190,5471,0.848424
2200,5480,0.849521
2210,5274,0.850577
2220,5322,0.851642
2230,5320,0.852707
2240,5166,0.853741
2250,5179,0.854778
2260,5009,0.855780
2270,5067,0.856795
2280,5002,0.857796
2290,5053,0.858807
2300,5001,0.859808
2310,4893,0.860788
2320,4961,0.861781
2330,4936,0.862769
2340,4866,0.863743
2350,4758,0.864695
2360,4702,0.865636
2370,4573,0.866552
2380,4558,0.867464
2390,4630,0.868391
2400,4630,0.869318
2410,4401,0.870199
2420,4539,0.871107
2430,4497,0.872007
2440,4391,0.872886
2450,4248,0.873737
2460,4428,0.874623
2470,4356,0.875495
2480,4190,0.876334
2490,4352,0.877205
2500,4279,0.878061
2510,4167,0.878895
2520,4196,0.879735
2530,4035,0.880543
2540,4067,0.881357
2550,4118,0.882181
2560,4006,0.882983
2570,4072,0.883798
2580,3998,0.884599
2590,3958,0.885391
2600,3993,0.886190
2610,3825,0.886956
2620,4071,0.887771
2630,3887,0.888549
2640,3796,0.889308
2650,3805,0.890070
2660,3842,0.890839
2670,3917,0.891623
2680,3697,0.892363
2690,3628,0.893089
2700,3676,0.893825
2710,3680,0.894562
2720,3627,0.895288
2730,3595,0.896007
2740,3578,0.896724
2750,3673,0.897459
2760,3675,0.898194
2770,3627,0.898920
2780,3506,0.899622
2790,3431,0.900309
2800,3515,0.901013
2810,3490,0.901711
2820,3396,0.902391
2830,3436,0.903079
2840,3472,0.903774
2850,3326,0.904440
2860,3492,0.905138
2870,3491,0.905837
2880,3360,0.906510
2890,3419,0.907194
2900,3472,0.907889
2910,3288,0.908547
2920,3390,0.909226
2930,3171,0.909861
2940,3148,0.910491
2950,3316,0.911155
2960,3194,0.911794
2970,3295,0.912453
2980,3288,0.913112
2990,3157,0.913743
3000,3155,0.914375
3010,3300,0.915036
3020,3164,0.915669
3030,3138,0.916297
3040,3204,0.916938
3050,3127,0.917564
3060,3129,0.918191
3070,3124,0.918816
3080,3115,0.919439
3090,3163,0.920073
3100,3023,0.920678
3110,3116,0.921301
3120,3044,0.921911
3130,3094,0.922530
3140,3046,0.923140
3150,2940,0.923728
3160,3017,0.924332
3170,3007,0.924934
3180,3029,0.925540
3190,2916,0.926124
3200,3006,0.926726
3210,3103,0.927347
3220,2909,0.927929
3230,2926,0.928515
3240,2916,0.929099
3250,2926,0.929684
3260,2896,0.930264
3270,2825,0.930829
3280,2933,0.931416
3290,2782,0.931973
3300,2881,0.932550
3310,2874,0.933125
3320,2846,0.933695
3330,2909,0.934277
3340,2869,0.934852
3350,2791,0.935410
3360,2811,0.935973
3370,2855,0.936544
3380,2864,0.937118
3390,2890,0.937696
3400,2737,0.938244
3410,2968,0.938838
3420,2854,0.939409
3430,2753,0.939960
3440,2781,0.940517
3450,2708,0.941059
3460,2772,0.941614
3470,2647,0.942144
3480,2802,0.942705
3490,2779,0.943261
3500,2713,0.943804
3510,2649,0.944334
3520,2651,0.944865
3530,2676,0.945401
3540,2660,0.945933
3550,2572,0.946448
3560,2590,0.946966
3570,2616,0.947490
3580,2609,0.948012
3590,2616,0.948536
3600,2544,0.949045
3610,2525,0.949550
3620,2618,0.950074
3630,2557,0.950586
3640,2484,0.951083
3650,2574,0.951599
3660,2554,0.952110
3670,2512,0.952613
3680,2469,0.953107
3690,2498,0.953607
3700,2504,0.954108
3710,2450,0.954599
3720,2424,0.955084
3730,2388,0.955562
3740,2306,0.956023
3750,2290,0.956482
3760,2288,0.956940
3770,2304,0.957401
3780,2147,0.957831
3790,2138,0.958259
3800,2272,0.958713
3810,2175,0.959149
3820,2102,0.959570
3830,2094,0.959989
3840,2064,0.960402
3850,1994,0.960801
3860,1996,0.961201
3870,1962,0.961593
3880,1937,0.961981
3890,1865,0.962354
3900,1830,0.962721
3910,1789,0.963079
3920,1865,0.963452
3930,1830,0.963818
3940,1742,0.964167
3950,1722,0.964512
3960,1751,0.964862
3970,1645,0.965191
3980,1632,0.965518
3990,1621,0.965843
4000,1519,0.966147
4010,1509,0.966449
4020,1469,0.966743
4030,1458,0.967035
4040,1451,0.967325
4050,1514,0.967628
4060,1347,0.967898
4070,1331,0.968164
4080,1435,0.968451
4090,1399,0.968731
4100,1334,0.968998
4110,1286,0.969256
4120,1255,0.969507
4130,1265,0.969760
4140,1266,0.970014
4150,1162,0.970246
4160,1148,0.970476
4170,1237,0.970724
4180,1167,0.970957
4190,1118,0.971181
4200,1175,0.971416
4210,1235,0.971664
4220,1102,0.971884
4230,1084,0.972101
4240,1105,0.972322
4250,1070,0.972536
4260,1032,0.972743
4270,1086,0.972960
4280,1050,0.973171
4290,1064,0.973384
4300,1019,0.973588
4310,1043,0.973796
4320,1036,0.974004
4330,1017,0.974207
4340,966,0.974401
4350,977,0.974596
4360,1032,0.974803
4370,1035,0.975010
4380,995,0.975209
4390,973,0.975404
4400,960,0.975596
4410,955,0.975787
4420,924,0.975972
4430,958,0.976164
4440,966,0.976357
4450,993,0.976556
4460,962,0.976749
4470,959,0.976941
4480,979,0.977136
4490,919,0.977320
4500,944,0.977509
4510,881,0.977686
4520,880,0.977862
4530,929,0.978048
4540,900,0.978228
4550,861,0.978400
4560,895,0.978580
4570,899,0.978759
4580,838,0.978927
4590,888,0.979105
4600,856,0.979276
4610,874,0.979451
4620,824,0.979616
4630,841,0.979784
4640,840,0.979953
4650,841,0.980121
4660,837,0.980289
4670,843,0.980457
4680,874,0.980632
4690,790,0.980790
4700,787,0.980948
4710,807,0.981109
4720,721,0.981254
4730,747,0.981403
4740,741,0.981552
4750,784,0.981709
4760,749,0.981858
4770,761,0.982011
4780,716,0.982154
4790,705,0.982295
4800,743,0.982444
4810,650,0.982574
4820,744,0.982723
4830,745,0.982872
4840,639,0.983000
4850,668,0.983134
4860,696,0.983273
4870,678,0.983409
4880,654,0.983540
4890,674,0.983675
4900,590,0.983793
4910,653,0.983923
4920,594,0.984042
4930,630,0.984168
4940,645,0.984297
4950,630,0.984424
4960,568,0.984537
4970,633,0.984664
4980,598,0.984784
4990,540,0.984892
5000,538,0.984999
5010,586,0.985117
5020,541,0.985225
5030,551,0.985335
5040,587,0.985453
5050,557,0.985564
5060,561,0.985677
5070,561,0.985789
5080,516,0.985892
5090,516,0.985995
5100,532,0.986102
5110,513,0.986205
5120,523,0.986309
5130,538,0.986417
5140,523,0.986522
5150,486,0.986619
5160,525,0.986724
5170,486,0.986821
5180,458,0.986913
5190,488,0.987011
5200,464,0.987104
5210,516,0.987207
5220,503,0.987308
5230,430,0.987394
5240,474,0.987489
5250,477,0.987584
5260,428,0.987670
5270,429,0.987756
5280,442,0.987844
5290,445,0.987933
5300,406,0.988014
5310,423,0.988099
5320,448,0.988189
5330,395,0.988268
5340,402,0.988348
5350,366,0.988421
5360,412,0.988504
5370,407,0.988585
5380,409,0.988667
5390,366,0.988741
5400,405,0.988822
5410,387,0.988899
5420,424,0.988984
5430,383,0.989061
5440,416,0.989144
5450,397,0.989223
5460,342,0.989292
5470,376,0.989367
5480,336,0.989434
5490,362,0.989507
5500,357,0.989578
5510,365,0.989651
5520,333,0.989718
5530,347,0.989787
5540,354,0.989858
5550,391,0.989937
5560,386,0.990014
5570,315,0.990077
5580,336,0.990144
5590,329,0.990210
5600,332,0.990276
5610,362,0.990349
5620,352,0.990419
5630,300,0.990479
5640,305,0.990541
5650,313,0.990603
5660,326,0.990668
5670,328,0.990734
5680,315,0.990797
5690,307,0.990859
5700,315,0.990922
5710,299,0.990981
5720,329,0.991047
5730,316,0.991111
5740,306,0.991172
5750,295,0.991231
5760,288,0.991289
5770,293,0.991347
5780,305,0.991408
5790,277,0.991464
5800,294,0.991522
5810,308,0.991584
5820,286,0.991641
5830,303,0.991702
5840,287,0.991760
5850,270,0.991814
5860,282,0.991870
5870,293,0.991929
5880,276,0.991984
5890,270,0.992038
5900,276,0.992093
5910,281,0.992149
5920,249,0.992199
5930,303,0.992260
5940,259,0.992312
5950,242,0.992360
5960,255,0.992411
5970,258,0.992463
5980,248,0.992513
5990,267,0.992566
6000,232,0.992612
6010,279,0.992668
6020,246,0.992718
6030,240,0.992766
6040,265,0.992819
6050,240,0.992867
6060,240,0.992915
6070,245,0.992964
6080,257,0.993015
6090,221,0.993059
6100,240,0.993107
6110,246,0.993157
6120,247,0.993206
6130,249,0.993256
6140,204,0.993297
6150,252,0.993347
6160,202,0.993388
6170,204,0.993429
6180,235,0.993476
6190,235,0.993523
6200,224,0.993567
6210,210,0.993609
6220,205,0.993650
6230,232,0.993697
6240,238,0.993745
6250,203,0.993785
6260,221,0.993829
6270,233,0.993876
6280,207,0.993918
6290,191,0.993956
6300,221,0.994000
6310,222,0.994044
6320,196,0.994084
6330,213,0.994126
6340,169,0.994160
6350,184,0.994197
6360,190,0.994235
6370,203,0.994276
6380,194,0.994314
6390,180,0.994350
6400,184,0.994387
6410,219,0.994431
6420,173,0.994466
6430,188,0.994503
6440,182,0.994540
6450,191,0.994578
6460,182,0.994614
6470,184,0.994651
6480,187,0.994689
6490,210,0.994731
6500,188,0.994768
6510,196,0.994808
6520,182,0.994844
6530,185,0.994881
6540,169,0.994915
6550,190,0.994953
6560,184,0.994990
6570,193,0.995028
6580,178,0.995064
6590,201,0.995104
6600,179,0.995140
6610,191,0.995178
6620,179,0.995214
6630,177,0.995250
6640,184,0.995286
6650,174,0.995321
6660,170,0.995355
6670,183,0.995392
6680,174,0.995427
6690,146,0.995456
6700,157,0.995487
6710,162,0.995520
6720,165,0.995553
6730,174,0.995588
6740,171,0.995622
6750,170,0.995656
6760,164,0.995689
6770,157,0.995720
6780,171,0.995754
6790,166,0.995788
6800,145,0.995817
6810,164,0.995850
6820,138,0.995877
6830,148,0.995907
6840,146,0.995936
6850,160,0.995968
6860,148,0.995998
6870,178,0.996033
6880,157,0.996065
6890,153,0.996095
6900,142,0.996124
6910,181,0.996160
6920,145,0.996189
6930,143,0.996218
6940,132,0.996244
6950,128,0.996270
6960,140,0.996298
6970,122,0.996322
6980,138,0.996350
6990,132,0.996376
7000,137,0.996404
7010,122,0.996428
7020,130,0.996454
7030,149,0.996484
7040,151,0.996514
7050,137,0.996542
7060,137,0.996569
7070,112,0.996591
7080,111,0.996614
7090,110,0.996636
7100,127,0.996661
7110,117,0.996684
7120,139,0.996712
7130,125,0.996737
7140,111,0.996759
7150,117,0.996783
7160,124,0.996808
7170,139,0.996836
7180,136,0.996863
7190,114,0.996886
7200,110,0.996908
7210,107,0.996929
7220,106,0.996950
7230,126,0.996975
7240,124,0.997000
7250,123,0.997025
7260,119,0.997049
7270,102,0.997069
7280,123,0.997094
7290,86,0.997111
7300,100,0.997131
7310,100,0.997151
7320,113,0.997174
7330,103,0.997194
7340,105,0.997215
7350,112,0.997238
7360,109,0.997259
7370,98,0.997279
7380,108,0.997301
7390,100,0.997321
7400,126,0.997346
7410,97,0.997365
7420,119,0.997389
7430,121,0.997413
7440,102,0.997434
7450,86,0.997451
7460,91,0.997469
7470,101,0.997490
7480,99,0.997509
7490,97,0.997529
7500,109,0.997551
7510,103,0.997571
7520,113,0.997594
7530,108,0.997615
7540,83,0.997632
7550,73,0.997647
7560,87,0.997664
7570,86,0.997681
7580,104,0.997702
7590,84,0.997719
7600,96,0.997738
7610,83,0.997755
7620,86,0.997772
7630,98,0.997792
7640,101,0.997812
7650,85,0.997829
7660,83,0.997845
7670,92,0.997864
7680,90,0.997882
7690,65,0.997895
7700,91,0.997913
7710,78,0.997929
7720,71,0.997943
7730,96,0.997962
7740,76,0.997977
7750,79,0.997993
7760,66,0.998006
7770,72,0.998021
7780,77,0.998036
7790,79,0.998052
7800,70,0.998066
7810,75,0.998081
7820,90,0.998099
7830,77,0.998114
7840,66,0.998128
7850,87,0.998145
7860,68,0.998159
7870,73,0.998173
7880,81,0.998190
7890,63,0.998202
7900,65,0.998215
7910,75,0.998230
7920,72,0.998245
7930,70,0.998259
7940,76,0.998274
7950,83,0.998290
7960,79,0.998306
7970,71,0.998320
7980,67,0.998334
7990,71,0.998348
8000,58,0.998360
8010,68,0.998373
8020,79,0.998389
8030,71,0.998403
8040,39,0.998411
8050,66,0.998424
8060,53,0.998435
8070,58,0.998447
8080,56,0.998458
8090,64,0.998471
8100,69,0.998484
8110,59,0.998496
8120,72,0.998511
8130,59,0.998522
8140,49,0.998532
8150,53,0.998543
8160,59,0.998555
8170,55,0.998566
8180,51,0.998576
8190,65,0.998589
8200,50,0.998599
8210,52,0.998609
8220,52,0.998620
8230,53,0.998630
8240,59,0.998642
8250,41,0.998650
8260,50,0.998660
8270,46,0.998670
8280,52,0.998680
8290,42,0.998688
8300,45,0.998697
8310,39,0.998705
8320,58,0.998717
8330,36,0.998724
8340,51,0.998734
8350,50,0.998744
8360,63,0.998757
8370,36,0.998764
8380,41,0.998772
8390,67,0.998786
8400,38,0.998793
8410,38,0.998801
8420,40,0.998809
8430,43,0.998817
8440,41,0.998826
8450,52,0.998836
8460,43,0.998845
8470,46,0.998854
8480,50,0.998864
8490,37,0.998871
8500,36,0.998878
8510,34,0.998885
8520,42,0.998894
8530,48,0.998903
8540,39,0.998911
8550,36,0.998918
8560,44,0.998927
8570,43,0.998936
8580,36,0.998943
8590,38,0.998951
8600,42,0.998959
8610,40,0.998967
8620,39,0.998975
8630,34,0.998982
8640,44,0.998990
8650,58,0.999002
8660,29,0.999008
8670,38,0.999015
8680,36,0.999023
8690,43,0.999031
8700,38,0.999039
8710,26,0.999044
8720,48,0.999054
8730,39,0.999061
8740,41,0.999070
8750,30,0.999076
8760,38,0.999083
8770,43,0.999092
8780,45,0.999101
8790,31,0.999107
8800,32,0.999113
8810,29,0.999119
8820,31,0.999125
8830,40,0.999133
8840,36,0.999141
8850,31,0.999147
8860,37,0.999154
8870,35,0.999161
8880,33,0.999168
8890,32,0.999174
8900,27,0.999180
8910,26,0.999185
8920,37,0.999192
8930,37,0.999200
8940,21,0.999204
8950,34,0.999211
8960,31,0.999217
8970,23,0.999222
8980,25,0.999227
8990,22,0.999231
9000,36,0.999238
9010,24,0.999243
9020,31,0.999249
9030,38,0.999257
9040,30,0.999263
9050,25,0.999268
9060,28,0.999273
9070,21,0.999278
9080,25,0.999283
9090,16,0.999286
9100,30,0.999292
9110,28,0.999297
9120,25,0.999302
9130,22,0.999307
9140,20,0.999311
9150,28,0.999316
9160,28,0.999322
9170,20,0.999326
9180,24,0.999331
9190,26,0.999336
9200,13,0.999339
9210,36,0.999346
9220,19,0.999350
9230,23,0.999354
9240,17,0.999358
9250,22,0.999362
9260,24,0.999367
9270,29,0.999373
9280,20,0.999377
9290,23,0.999381
9300,18,0.999385
9310,24,0.999390
9320,28,0.999395
9330,19,0.999399
9340,21,0.999403
9350,19,0.999407
9360,19,0.999411
9370,21,0.999415
9380,17,0.999418
9390,17,0.999422
9400,23,0.999427
9410,19,0.999430
9420,19,0.999434
9430,27,0.999440
9440,18,0.999443
9450,12,0.999446
9460,15,0.999449
9470,14,0.999451
9480,19,0.999455
9490,18,0.999459
9500,17,0.999462
9510,18,0.999466
9520,12,0.999468
9530,20,0.999472
9540,24,0.999477
9550,22,0.999481
9560,12,0.999484
9570,16,0.999487
9580,19,0.999491
9590,15,0.999494
9600,13,0.999496
9610,7,0.999498
9620,13,0.999500
9630,16,0.999504
9640,18,0.999507
9650,19,0.999511
9660,13,0.999514
9670,15,0.999517
9680,12,0.999519
9690,15,0.999522
9700,16,0.999525
9710,17,0.999529
9720,14,0.999531
9730,17,0.999535
9740,17,0.999538
9750,14,0.999541
9760,16,0.999544
9770,11,0.999546
9780,12,0.999549
9790,11,0.999551
9800,10,0.999553
9810,15,0.999556
9820,18,0.999560
9830,20,0.999564
9840,22,0.999568
9850,25,0.999573
9860,20,0.999577
9870,13,0.999580
9880,20,0.999584
9890,13,0.999586
9900,20,0.999590
9910,22,0.999595
9920,17,0.999598
9930,12,0.999600
9940,12,0.999603
9950,10,0.999605
9960,14,0.999608
9970,13,0.999610
9980,15,0.999613
9990,17,0.999617
10000,23,0.999621
10010,5,0.999622
10020,14,0.999625
10030,16,0.999628
10040,11,0.999631
10050,14,0.999633
10060,10,0.999635
10070,8,0.999637
10080,15,0.999640
10090,15,0.999643
10100,6,0.999644
10110,4,0.999645
10120,13,0.999647
10130,9,0.999649
10140,10,0.999651
10150,10,0.999653
10160,9,0.999655
10170,14,0.999658
10180,5,0.999659
10190,10,0.999661
10200,19,0.999665
10210,9,0.999667
10220,14,0.999669
10230,13,0.999672
10240,7,0.999673
10250,11,0.999676
10260,9,0.999677
10270,9,0.999679
10280,13,0.999682
10290,10,0.999684
10300,6,0.999685
10310,7,0.999686
10320,6,0.999688
10330,8,0.999689
10340,11,0.999691
10350,11,0.999694
10360,9,0.999695
10370,6,0.999697
10380,10,0.999699
10390,6,0.999700
10400,11,0.999702
10410,4,0.999703
10420,10,0.999705
10430,6,0.999706
10440,8,0.999708
10450,6,0.999709
10460,9,0.999711
10470,8,0.999712
10480,6,0.999713
10490,8,0.999715
10500,5,0.999716
10510,9,0.999718
10520,11,0.999720
10530,4,0.999721
10540,6,0.999722
10550,14,0.999725
10560,15,0.999728
10570,3,0.999728
10580,4,0.999729
10590,3,0.999730
10600,8,0.999731
10610,13,0.999734
10620,8,0.999736
10630,9,0.999737
10640,12,0.999740
10650,6,0.999741
10660,7,0.999742
10670,6,0.999744
10680,6,0.999745
10690,13,0.999747
10700,4,0.999748
10710,5,0.999749
10720,10,0.999751
10730,20,0.999755
10740,5,0.999756
10750,7,0.999758
10760,7,0.999759
10770,8,0.999761
10780,6,0.999762
10790,9,0.999764
10800,9,0.999765
10810,8,0.999767
10820,7,0.999768
10830,8,0.999770
10840,2,0.999770
10850,3,0.999771
10860,4,0.999772
10870,10,0.999774
10880,6,0.999775
10890,9,0.999777
10900,6,0.999778
10910,8,0.999780
10920,5,0.999781
10930,3,0.999781
10940,10,0.999783
10950,7,0.999785
10960,4,0.999785
10970,5,0.999786
10980,9,0.999788
10990,3,0.999789
11000,6,0.999790
11010,6,0.999791
11020,7,0.999793
11030,2,0.999793
11040,4,0.999794
11050,9,0.999796
11060,7,0.999797
11070,5,0.999798
11080,6,0.999799
11090,3,0.999800
11100,12,0.999802
11110,7,0.999804
11120,5,0.999805
11130,2,0.999805
11140,3,0.999806
11150,8,0.999807
11160,9,0.999809
11170,3,0.999810
11180,4,0.999810
11190,4,0.999811
11200,8,0.999813
11210,6,0.999814
11220,6,0.999815
11230,7,0.999817
11240,5,0.999818
11250,8,0.999819
11260,3,0.999820
11270,5,0.999821
11280,4,0.999822
11290,3,0.999822
11300,5,0.999823
11310,11,0.999825
11320,8,0.999827
11330,2,0.999827
11340,7,0.999829
11350,8,0.999830
11360,6,0.999832
11370,2,0.999832
11380,8,0.999834
11390,10,0.999836
11400,8,0.999837
11410,6,0.999838
11420,8,0.999840
11430,3,0.999841
11440,3,0.999841
11460,9,0.999843
11470,5,0.999844
11480,10,0.999846
11490,4,0.999847
11500,4,0.999848
11510,5,0.999849
11520,3,0.999849
11530,2,0.999850
11540,6,0.999851
11550,5,0.999852
11560,6,0.999853
11570,9,0.999855
11580,6,0.999856
11590,6,0.999857
11600,4,0.999858
11610,9,0.999860
11620,4,0.999861
11630,3,0.999861
11640,4,0.999862
11650,1,0.999862
11660,1,0.999862
11670,5,0.999864
11680,6,0.999865
11690,3,0.999865
11700,4,0.999866
11710,6,0.999867
11720,4,0.999868
11730,6,0.999869
11740,6,0.999870
11750,1,0.999871
11760,3,0.999871
11770,3,0.999872
11780,1,0.999872
11800,2,0.999873
11810,4,0.999873
11820,1,0.999874
11840,2,0.999874
11850,4,0.999875
11860,4,0.999875
11870,3,0.999876
11880,4,0.999877
11890,3,0.999878
11900,6,0.999879
11910,10,0.999881
11920,3,0.999881
11940,2,0.999882
11960,1,0.999882
11970,2,0.999882
11980,1,0.999883
11990,4,0.999883
12000,3,0.999884
12010,5,0.999885
12020,3,0.999885
12030,3,0.999886
12040,2,0.999887
12050,5,0.999888
12060,2,0.999888
12070,2,0.999888
12080,4,0.999889
12090,2,0.999889
12100,2,0.999890
12110,6,0.999891
12130,5,0.999892
12140,4,0.999893
12150,1,0.999893
12170,1,0.999893
12180,2,0.999894
12190,4,0.999894
12200,1,0.999895
12210,3,0.999895
12220,3,0.999896
12230,1,0.999896
12240,3,0.999897
12250,3,0.999897
12260,1,0.999898
12270,2,0.999898
12280,1,0.999898
12290,4,0.999899
12300,3,0.999900
12320,10,0.999902
12330,4,0.999902
12340,2,0.999903
12350,4,0.999904
12360,3,0.999904
12370,1,0.999904
12380,3,0.999905
12390,1,0.999905
12400,3,0.999906
12410,4,0.999907
12420,4,0.999907
12440,2,0.999908
12450,3,0.999908
12470,4,0.999909
12480,1,0.999909
12490,3,0.999910
12500,5,0.999911
12520,1,0.999911
12530,2,0.999912
12540,4,0.999912
12550,1,0.999913
12560,1,0.999913
12570,4,0.999914
12580,3,0.999914
12590,5,0.999915
12600,2,0.999916
12610,2,0.999916
12620,3,0.999917
12630,1,0.999917
12640,4,0.999918
12650,1,0.999918
12660,8,0.999919
12670,4,0.999920
12680,4,0.999921
12690,2,0.999921
12700,5,0.999922
12710,1,0.999923
12720,4,0.999923
12730,2,0.999924
12740,8,0.999925
12750,2,0.999926
12760,4,0.999927
12770,2,0.999927
12780,3,0.999928
12790,3,0.999928
12810,2,0.999929
12820,1,0.999929
12850,3,0.999929
12860,2,0.999930
12870,3,0.999930
12880,3,0.999931
12890,4,0.999932
12900,1,0.999932
12910,2,0.999932
12920,1,0.999933
12930,1,0.999933
12940,1,0.999933
12950,3,0.999934
12960,4,0.999934
12970,2,0.999935
12980,2,0.999935
12990,2,0.999936
13000,1,0.999936
13010,3,0.999936
13020,2,0.999937
13030,2,0.999937
13040,1,0.999937
13060,3,0.999938
13070,3,0.999939
13080,2,0.999939
13090,4,0.999940
13100,1,0.999940
13110,5,0.999941
13130,3,0.999942
13140,2,0.999942
13150,1,0.999942
13160,1,0.999942
13170,4,0.999943
13180,2,0.999944
13190,2,0.999944
13200,1,0.999944
13210,1,0.999944
13220,2,0.999945
13240,2,0.999945
13250,2,0.999946
13270,3,0.999946
13280,2,0.999947
13300,3,0.999947
13310,2,0.999948
13320,2,0.999948
13330,4,0.999949
13340,3,0.999949
13360,1,0.999950
13370,2,0.999950
13380,2,0.999950
13400,3,0.999951
13410,1,0.999951
13420,2,0.999952
13440,1,0.999952
13450,2,0.999952
13470,3,0.999953
13480,1,0.999953
13490,1,0.999953
13500,1,0.999953
13510,1,0.999954
13520,1,0.999954
13530,1,0.999954
13540,2,0.999954
13550,2,0.999955
13560,3,0.999955
13570,3,0.999956
13590,2,0.999956
13600,2,0.999957
13610,1,0.999957
13620,1,0.999957
13630,2,0.999958
13640,2,0.999958
13660,1,0.999958
13670,1,0.999958
13680,1,0.999959
13690,1,0.999959
13720,2,0.999959
13740,3,0.999960
13760,1,0.999960
13780,1,0.999960
13800,1,0.999960
13810,3,0.999961
13830,1,0.999961
13850,4,0.999962
13880,2,0.999962
13890,4,0.999963
13900,1,0.999963
13910,2,0.999964
13920,1,0.999964
13930,1,0.999964
13960,2,0.999965
13980,1,0.999965
14030,1,0.999965
14050,2,0.999965
14060,1,0.999966
14070,1,0.999966
14080,2,0.999966
14110,2,0.999967
14120,2,0.999967
14130,1,0.999967
14140,1,0.999967
14150,1,0.999968
14160,1,0.999968
14180,3,0.999968
14190,1,0.999969
14200,1,0.999969
14210,2,0.999969
14220,1,0.999969
14240,1,0.999970
14250,2,0.999970
14260,1,0.999970
14280,1,0.999970
14320,1,0.999971
14330,3,0.999971
14340,2,0.999972
14360,1,0.999972
14380,1,0.999972
14390,3,0.999973
14400,1,0.999973
14410,1,0.999973
14420,1,0.999973
14430,1,0.999973
14440,3,0.999974
14450,1,0.999974
14460,1,0.999974
14470,1,0.999975
14500,2,0.999975
14530,2,0.999975
14540,2,0.999976
14550,1,0.999976
14590,1,0.999976
14600,2,0.999977
14610,1,0.999977
14670,1,0.999977
14680,2,0.999977
14720,1,0.999978
14730,1,0.999978
14770,1,0.999978
14790,1,0.999978
14800,1,0.999978
14820,2,0.999979
14830,2,0.999979
14850,1,0.999979
14880,1,0.999980
14900,1,0.999980
14910,1,0.999980
14920,1,0.999980
14950,1,0.999980
14980,1,0.999981
14990,2,0.999981
15000,1,0.999981
15010,3,0.999982
15060,1,0.999982
15080,1,0.999982
15090,2,0.999983
15120,1,0.999983
15140,2,0.999983
15190,1,0.999983
15200,2,0.999984
15210,3,0.999984
15220,1,0.999985
15290,1,0.999985
15310,1,0.999985
15330,1,0.999985
15350,1,0.999985
15380,1,0.999986
15420,1,0.999986
15430,1,0.999986
15440,1,0.999986
15450,1,0.999986
15480,1,0.999987
15500,2,0.999987
15520,1,0.999987
15540,1,0.999987
15630,1,0.999988
15660,2,0.999988
15700,1,0.999988
15720,1,0.999988
15730,1,0.999989
15860,1,0.999989
15890,1,0.999989
15920,3,0.999990
15940,1,0.999990
16020,2,0.999990
16090,1,0.999990
16100,1,0.999991
16160,1,0.999991
16190,1,0.999991
16240,1,0.999991
16250,1,0.999991
16290,2,0.999992
16320,2,0.999992
16340,2,0.999993
16360,1,0.999993
16370,1,0.999993
16390,1,0.999993
16400,2,0.999994
16410,1,0.999994
16430,1,0.999994
16470,1,0.999994
16510,1,0.999994
16540,1,0.999995
16590,1,0.999995
16600,1,0.999995
16610,1,0.999995
16670,1,0.999995
16690,2,0.999996
16790,1,0.999996
16810,1,0.999996
16830,1,0.999996
16880,5,0.999997
16900,1,0.999998
16940,1,0.999998
16960,1,0.999998
17000,1,0.999998
17020,1,0.999998
17030,1,0.999999
17040,1,0.999999
17060,1,0.999999
17120,1,0.999999
17130,1,0.999999
17200,1,1.000000
17210,1,1.000000
17360,1,1.000000
