#latency,cnt,cdf
50,1,0.000000
70,2,0.000000
100,1,0.000000
110,3,0.000001
120,1,0.000001
140,1,0.000001
160,1,0.000001
180,1,0.000001
270,1,0.000001
280,1,0.000001
300,1,0.000001
350,2,0.000002
370,1,0.000002
380,1,0.000002
390,2,0.000002
420,1,0.000002
480,1,0.000002
540,1,0.000002
550,2,0.000003
560,1,0.000003
570,3,0.000003
630,2,0.000003
660,1,0.000003
690,1,0.000003
720,1,0.000004
750,1,0.000004
770,2,0.000004
800,1,0.000004
810,1,0.000004
830,3,0.000004
840,2,0.000005
850,2,0.000005
860,1,0.000005
870,1,0.000005
880,2,0.000005
890,3,0.000006
900,2,0.000006
920,3,0.000006
940,2,0.000006
950,1,0.000006
980,2,0.000007
1000,3,0.000007
1020,1,0.000007
1040,3,0.000007
1050,1,0.000007
1060,2,0.000008
1070,1,0.000008
1090,1,0.000008
1100,1,0.000008
1150,1,0.000008
1240,1,0.000008
1250,1,0.000008
1280,1,0.000008
1370,1,0.000009
1380,1,0.000009
1390,1,0.000009
1400,1,0.000009
1420,2,0.000009
1470,1,0.000009
1500,1,0.000009
1520,1,0.000009
1540,1,0.000009
1550,3,0.000010
1560,2,0.000010
1580,2,0.000010
1590,2,0.000010
1600,1,0.000011
1620,2,0.000011
1640,3,0.000011
1700,1,0.000011
1710,2,0.000011
1720,1,0.000011
1730,1,0.000012
1740,2,0.000012
1750,1,0.000012
1780,1,0.000012
1790,1,0.000012
1800,3,0.000012
1810,1,0.000013
1820,1,0.000013
1830,1,0.000013
1840,1,0.000013
1850,1,0.000013
1870,1,0.000013
1880,1,0.000013
1900,1,0.000013
1910,2,0.000013
1940,1,0.000014
1950,2,0.000014
1960,1,0.000014
1990,1,0.000014
2020,1,0.000014
2040,2,0.000014
2050,2,0.000015
2060,1,0.000015
2070,1,0.000015
2080,1,0.000015
2090,2,0.000015
2140,1,0.000015
2160,1,0.000015
2170,2,0.000015
2190,1,0.000016
2200,2,0.000016
2210,1,0.000016
2230,1,0.000016
2240,2,0.000016
2260,3,0.000017
2270,1,0.000017
2310,1,0.000017
2320,1,0.000017
2330,1,0.000017
2340,1,0.000017
2350,2,0.000017
2360,1,0.000017
2370,4,0.000018
2380,3,0.000018
2390,1,0.000018
2410,3,0.000019
2420,2,0.000019
2430,1,0.000019
2440,2,0.000019
2450,1,0.000019
2470,1,0.000019
2480,6,0.000020
2490,4,0.000020
2500,5,0.000021
2510,3,0.000021
2520,6,0.000022
2530,5,0.000022
2540,3,0.000023
2550,4,0.000023
2560,3,0.000023
2570,2,0.000024
2580,4,0.000024
2590,6,0.000025
2600,11,0.000026
2610,6,0.000026
2620,9,0.000027
2630,8,0.000028
2640,13,0.000030
2650,9,0.000031
2660,19,0.000033
2670,12,0.000034
2680,5,0.000034
2690,13,0.000036
2700,5,0.000036
2710,12,0.000037
2720,7,0.000038
2730,12,0.000039
2740,7,0.000040
2750,13,0.000042
2760,13,0.000043
2770,19,0.000045
2780,20,0.000047
2790,27,0.000050
2800,17,0.000052
2810,15,0.000053
2820,18,0.000055
2830,20,0.000057
2840,25,0.000060
2850,29,0.000063
2860,27,0.000066
2870,17,0.000068
2880,29,0.000071
2890,38,0.000075
2900,34,0.000078
2910,30,0.000081
2920,32,0.000085
2930,25,0.000087
2940,40,0.000092
2950,36,0.000095
2960,26,0.000098
2970,43,0.000103
2980,42,0.000107
2990,31,0.000110
3000,48,0.000115
3010,45,0.000120
3020,55,0.000126
3030,51,0.000131
3040,54,0.000137
3050,57,0.000143
3060,36,0.000147
3070,55,0.000153
3080,68,0.000160
3090,55,0.000165
3100,78,0.000174
3110,72,0.000181
3120,78,0.000189
3130,52,0.000195
3140,70,0.000202
3150,69,0.000210
3160,84,0.000218
3170,62,0.000225
3180,74,0.000233
3190,80,0.000241
3200,78,0.000249
3210,96,0.000259
3220,105,0.000271
3230,96,0.000281
3240,112,0.000292
3250,129,0.000306
3260,115,0.000318
3270,87,0.000327
3280,131,0.000341
3290,101,0.000352
3300,151,0.000368
3310,143,0.000383
3320,142,0.000398
3330,150,0.000413
3340,160,0.000430
3350,138,0.000445
3360,121,0.000457
3370,161,0.000474
3380,135,0.000489
3390,131,0.000502
3400,154,0.000519
3410,188,0.000538
3420,174,0.000557
3430,175,0.000575
3440,144,0.000590
3450,185,0.000610
3460,199,0.000631
3470,164,0.000648
3480,182,0.000667
3490,194,0.000688
3500,211,0.000710
3510,197,0.000731
3520,203,0.000752
3530,235,0.000777
3540,200,0.000798
3550,220,0.000821
3560,219,0.000844
3570,237,0.000869
3580,252,0.000895
3590,218,0.000918
3600,256,0.000945
3610,251,0.000972
3620,291,0.001002
3630,252,0.001029
3640,279,0.001058
3650,293,0.001089
3660,282,0.001119
3670,330,0.001153
3680,311,0.001186
3690,295,0.001217
3700,315,0.001250
3710,320,0.001284
3720,316,0.001317
3730,351,0.001354
3740,341,0.001390
3750,371,0.001429
3760,355,0.001467
3770,339,0.001502
3780,360,0.001540
3790,377,0.001580
3800,376,0.001619
3810,381,0.001660
3820,407,0.001702
3830,377,0.001742
3840,389,0.001783
3850,422,0.001827
3860,393,0.001869
3870,420,0.001913
3880,457,0.001961
3890,487,0.002012
3900,429,0.002058
3910,465,0.002106
3920,465,0.002155
3930,524,0.002211
3940,548,0.002268
3950,489,0.002320
3960,542,0.002377
3970,505,0.002430
3980,496,0.002482
3990,525,0.002537
4000,545,0.002595
4010,561,0.002654
4020,564,0.002713
4030,564,0.002773
4040,581,0.002834
4050,569,0.002894
4060,607,0.002958
4070,589,0.003020
4080,656,0.003089
4090,658,0.003158
4100,647,0.003226
4110,629,0.003292
4120,659,0.003361
4130,640,0.003429
4140,676,0.003500
4150,690,0.003573
4160,731,0.003650
4170,741,0.003728
4180,673,0.003798
4190,724,0.003875
4200,723,0.003951
4210,746,0.004029
4220,702,0.004103
4230,758,0.004183
4240,773,0.004264
4250,795,0.004348
4260,758,0.004428
4270,846,0.004517
4280,882,0.004610
4290,816,0.004696
4300,893,0.004790
4310,839,0.004878
4320,932,0.004976
4330,918,0.005073
4340,934,0.005171
4350,927,0.005268
4360,981,0.005372
4370,995,0.005476
4380,1008,0.005583
4390,1024,0.005690
4400,1034,0.005799
4410,983,0.005903
4420,1054,0.006014
4430,1032,0.006122
4440,1069,0.006235
4450,1039,0.006344
4460,1089,0.006459
4470,1112,0.006576
4480,1124,0.006694
4490,1148,0.006815
4500,1028,0.006923
4510,1130,0.007042
4520,1146,0.007163
4530,1112,0.007280
4540,1148,0.007401
4550,1157,0.007522
4560,1172,0.007646
4570,1196,0.007772
4580,1148,0.007893
4590,1157,0.008014
4600,1245,0.008145
4610,1206,0.008272
4620,1146,0.008393
4630,1113,0.008510
4640,1170,0.008633
4650,1303,0.008770
4660,1195,0.008896
4670,1236,0.009026
4680,1213,0.009154
4690,1222,0.009283
4700,1235,0.009413
4710,1266,0.009546
4720,1274,0.009680
4730,1288,0.009816
4740,1220,0.009944
4750,1278,0.010078
4760,1231,0.010208
4770,1310,0.010346
4780,1227,0.010475
4790,1309,0.010613
4800,1246,0.010744
4810,1270,0.010878
4820,1331,0.011018
4830,1311,0.011156
4840,1275,0.011290
4850,1326,0.011430
4860,1355,0.011572
4870,1316,0.011711
4880,1307,0.011848
4890,1327,0.011988
4900,1376,0.012133
4910,1365,0.012277
4920,1364,0.012420
4930,1348,0.012562
4940,1357,0.012705
4950,1312,0.012843
4960,1367,0.012987
4970,1336,0.013127
4980,1384,0.013273
4990,1451,0.013426
5000,1399,0.013573
5010,1367,0.013717
5020,1457,0.013870
5030,1433,0.014021
5040,1430,0.014172
5050,1421,0.014321
5060,1445,0.014473
5070,1442,0.014625
5080,1505,0.014784
5090,1466,0.014938
5100,1436,0.015089
5110,1386,0.015235
5120,1473,0.015390
5130,1452,0.015543
5140,1525,0.015703
5150,1513,0.015863
5160,1486,0.016019
5170,1505,0.016177
5180,1533,0.016339
5190,1591,0.016506
5200,1568,0.016671
5210,1598,0.016840
5220,1563,0.017004
5230,1547,0.017167
5240,1643,0.017340
5250,1598,0.017508
5260,1569,0.017673
5270,1599,0.017842
5280,1503,0.018000
5290,1614,0.018170
5300,1606,0.018339
5310,1532,0.018500
5320,1598,0.018668
5330,1607,0.018837
5340,1639,0.019010
5350,1667,0.019185
5360,1594,0.019353
5370,1560,0.019517
5380,1641,0.019690
5390,1641,0.019863
5400,1644,0.020036
5410,1635,0.020208
5420,1593,0.020376
5430,1633,0.020547
5440,1667,0.020723
5450,1603,0.020892
5460,1633,0.021064
5470,1690,0.021241
5480,1740,0.021425
5490,1697,0.021603
5500,1689,0.021781
5510,1707,0.021961
5520,1693,0.022139
5530,1712,0.022319
5540,1705,0.022499
5550,1788,0.022687
5560,1709,0.022867
5570,1728,0.023049
5580,1643,0.023221
5590,1669,0.023397
5600,1652,0.023571
5610,1592,0.023739
5620,1646,0.023912
5630,1640,0.024085
5640,1569,0.024250
5650,1674,0.024426
5660,1712,0.024606
5670,1613,0.024776
5680,1723,0.024957
5690,1684,0.025135
5700,1725,0.025316
5710,1766,0.025502
5720,1729,0.025684
5730,1650,0.025858
5740,1676,0.026034
5750,1690,0.026212
5760,1681,0.026389
5770,1718,0.026570
5780,1779,0.026757
5790,1773,0.026944
5800,1742,0.027127
5810,1777,0.027314
5820,1805,0.027504
5830,1799,0.027693
5840,1788,0.027882
5850,1780,0.028069
5860,1778,0.028256
5870,1782,0.028444
5880,1884,0.028642
5890,1811,0.028833
5900,1896,0.029032
5910,1816,0.029223
5920,1781,0.029411
5930,1828,0.029603
5940,1943,0.029808
5950,1878,0.030005
5960,1856,0.030201
5970,1903,0.030401
5980,1966,0.030608
5990,1935,0.030812
6000,2022,0.031025
6010,1960,0.031231
6020,1947,0.031436
6030,1991,0.031645
6040,1958,0.031851
6050,1915,0.032053
6060,1957,0.032259
6070,1939,0.032463
6080,2001,0.032674
6090,1981,0.032882
6100,2033,0.033096
6110,2012,0.033308
6120,2028,0.033522
6130,2034,0.033736
6140,2025,0.033949
6150,1975,0.034157
6160,1980,0.034365
6170,2141,0.034590
6180,2115,0.034813
6190,2097,0.035034
6200,2135,0.035259
6210,2162,0.035486
6220,2207,0.035718
6230,2130,0.035943
6240,2182,0.036172
6250,2123,0.036396
6260,2112,0.036618
6270,2292,0.036859
6280,2274,0.037099
6290,2298,0.037341
6300,2247,0.037577
6310,2320,0.037821
6320,2327,0.038066
6330,2384,0.038317
6340,2384,0.038568
6350,2331,0.038814
6360,2411,0.039067
6370,2512,0.039332
6380,2413,0.039586
6390,2471,0.039846
6400,2536,0.040113
6410,2441,0.040370
6420,2565,0.040640
6430,2539,0.040907
6440,2644,0.041185
6450,2684,0.041468
6460,2620,0.041744
6470,2719,0.042030
6480,2638,0.042307
6490,2730,0.042595
6500,2728,0.042882
6510,2855,0.043182
6520,2779,0.043475
6530,2790,0.043769
6540,2885,0.044072
6550,2841,0.044371
6560,2980,0.044685
6570,3066,0.045008
6580,2997,0.045323
6590,3002,0.045639
6600,2981,0.045953
6610,2977,0.046266
6620,3186,0.046602
6630,3088,0.046927
6640,3268,0.047271
6650,3211,0.047609
6660,3202,0.047946
6670,3359,0.048299
6680,3395,0.048657
6690,3423,0.049017
6700,3281,0.049362
6710,3411,0.049721
6720,3544,0.050094
6730,3553,0.050468
6740,3627,0.050850
6750,3630,0.051232
6760,3746,0.051627
6770,3782,0.052025
6780,3920,0.052437
6790,4029,0.052861
6800,3911,0.053273
6810,3910,0.053685
6820,3989,0.054105
6830,4056,0.054532
6840,4145,0.054968
6850,4136,0.055403
6860,4374,0.055864
6870,4278,0.056314
6880,4443,0.056782
6890,4680,0.057274
6900,4538,0.057752
6910,4561,0.058232
6920,4635,0.058720
6930,4650,0.059209
6940,4773,0.059712
6950,4926,0.060230
6960,5062,0.060763
6970,5048,0.061294
6980,5321,0.061854
6990,5108,0.062392
7000,5203,0.062940
7010,5387,0.063507
7020,5536,0.064090
7030,5529,0.064672
7040,5632,0.065264
7050,5761,0.065871
7060,5897,0.066492
7070,5963,0.067119
7080,6131,0.067765
7090,6189,0.068416
7100,6291,0.069078
7110,6456,0.069758
7120,6402,0.070432
7130,6588,0.071125
7140,6716,0.071832
7150,6633,0.072530
7160,7032,0.073270
7170,7168,0.074025
7180,7085,0.074771
7190,7310,0.075540
7200,7171,0.076295
7210,7485,0.077083
7220,7623,0.077885
7230,7659,0.078691
7240,7979,0.079531
7250,7981,0.080371
7260,8116,0.081226
7270,8388,0.082109
7280,8465,0.083000
7290,8524,0.083897
7300,8667,0.084809
7310,8690,0.085724
7320,8783,0.086648
7330,9010,0.087597
7340,9295,0.088575
7350,9496,0.089575
7360,9371,0.090561
7370,9644,0.091576
7380,9938,0.092622
7390,9761,0.093650
7400,10122,0.094715
7410,9977,0.095765
7420,10339,0.096854
7430,10540,0.097963
7440,10532,0.099072
7450,10739,0.100202
7460,10969,0.101357
7470,10989,0.102513
7480,11415,0.103715
7490,11531,0.104929
7500,11683,0.106158
7510,11840,0.107405
7520,11837,0.108651
7530,12298,0.109945
7540,12316,0.111242
7550,12490,0.112556
7560,12769,0.113900
7570,13011,0.115270
7580,13144,0.116653
7590,13326,0.118056
7600,13503,0.119478
7610,13872,0.120938
7620,14070,0.122419
7630,14140,0.123907
7640,14208,0.125403
7650,14579,0.126937
7660,14636,0.128478
7670,14903,0.130047
7680,15334,0.131661
7690,15422,0.133284
7700,15731,0.134940
7710,15847,0.136608
7720,16158,0.138309
7730,16336,0.140028
7740,16570,0.141772
7750,16765,0.143537
7760,16749,0.145300
7770,17066,0.147096
7780,17479,0.148936
7790,17494,0.150778
7800,17788,0.152650
7810,17869,0.154531
7820,18585,0.156487
7830,18407,0.158425
7840,18723,0.160396
7850,18984,0.162394
7860,19306,0.164426
7870,19239,0.166451
7880,19746,0.168529
7890,19883,0.170622
7900,20151,0.172743
7910,20346,0.174885
7920,20765,0.177071
7930,20855,0.179266
7940,21150,0.181492
7950,20965,0.183699
7960,21631,0.185976
7970,21684,0.188258
7980,21769,0.190550
7990,22453,0.192913
8000,22403,0.195271
8010,22668,0.197657
8020,22962,0.200074
8030,23078,0.202504
8040,23468,0.204974
8050,23584,0.207456
8060,23834,0.209965
8070,24125,0.212505
8080,24293,0.215062
8090,24604,0.217651
8100,24705,0.220252
8110,24722,0.222854
8120,25043,0.225490
8130,25465,0.228171
8140,25587,0.230864
8150,25751,0.233575
8160,25966,0.236308
8170,26054,0.239050
8180,26596,0.241850
8190,26809,0.244672
8200,26820,0.247495
8210,27112,0.250349
8220,27366,0.253229
8230,27550,0.256129
8240,27685,0.259043
8250,28365,0.262029
8260,28085,0.264985
8270,28602,0.267996
8280,28852,0.271033
8290,28656,0.274049
8300,29130,0.277115
8310,29330,0.280203
8320,29067,0.283262
8330,29804,0.286399
8340,29589,0.289514
8350,29895,0.292661
8360,30176,0.295837
8370,30442,0.299041
8380,30309,0.302232
8390,30815,0.305475
8400,31118,0.308751
8410,30895,0.312003
8420,31087,0.315275
8430,31021,0.318540
8440,31238,0.321828
8450,31746,0.325170
8460,31925,0.328530
8470,31823,0.331880
8480,32037,0.335252
8490,31959,0.338616
8500,32334,0.342020
8510,32243,0.345414
8520,32658,0.348851
8530,32797,0.352304
8540,33166,0.355795
8550,33101,0.359279
8560,33016,0.362754
8570,33535,0.366284
8580,33353,0.369795
8590,33535,0.373325
8600,33735,0.376876
8610,33765,0.380430
8620,33900,0.383998
8630,33709,0.387546
8640,34058,0.391131
8650,34260,0.394738
8660,34146,0.398332
8670,34214,0.401933
8680,34465,0.405561
8690,34636,0.409207
8700,34416,0.412829
8710,34280,0.416438
8720,34690,0.420089
8730,34601,0.423731
8740,34467,0.427359
8750,34603,0.431002
8760,34371,0.434620
8770,34586,0.438260
8780,34286,0.441869
8790,34651,0.445516
8800,34485,0.449146
8810,35009,0.452831
8820,35254,0.456542
8830,34667,0.460191
8840,34946,0.463870
8850,34499,0.467501
8860,34851,0.471170
8870,34961,0.474850
8880,34783,0.478511
8890,35040,0.482199
8900,34558,0.485837
8910,34838,0.489504
8920,34827,0.493170
8930,34752,0.496828
8940,34498,0.500459
8950,34472,0.504088
8960,34802,0.507751
8970,34578,0.511391
8980,34487,0.515021
8990,34402,0.518642
9000,34270,0.522249
9010,33862,0.525813
9020,34203,0.529414
9030,33628,0.532953
9040,34160,0.536549
9050,33681,0.540094
9060,33787,0.543651
9070,33732,0.547201
9080,33253,0.550702
9090,33350,0.554212
9100,33241,0.557711
9110,33828,0.561272
9120,32864,0.564731
9130,32768,0.568180
9140,32928,0.571646
9150,32773,0.575096
9160,32947,0.578564
9170,32361,0.581970
9180,32405,0.585381
9190,32373,0.588789
9200,32079,0.592165
9210,31970,0.595531
9220,32071,0.598906
9230,31767,0.602250
9240,31790,0.605596
9250,31433,0.608905
9260,31296,0.612199
9270,31294,0.615493
9280,31127,0.618770
9290,31074,0.622041
9300,31062,0.625310
9310,30824,0.628555
9320,30850,0.631802
9330,30501,0.635013
9340,30432,0.638216
9350,29664,0.641338
9360,29927,0.644489
9370,29772,0.647622
9380,29323,0.650709
9390,29407,0.653804
9400,29145,0.656872
9410,28858,0.659910
9420,28646,0.662925
9430,28779,0.665954
9440,28540,0.668958
9450,28173,0.671924
9460,27784,0.674848
9470,27668,0.677761
9480,27568,0.680663
9490,27571,0.683565
9500,26913,0.686398
9510,27034,0.689243
9520,26569,0.692040
9530,26468,0.694826
9540,26361,0.697601
9550,26035,0.700341
9560,25930,0.703071
9570,25595,0.705765
9580,25437,0.708442
9590,25063,0.711080
9600,24844,0.713695
9610,24626,0.716288
9620,24447,0.718861
9630,24296,0.721418
9640,24094,0.723954
9650,23794,0.726459
9660,23424,0.728925
9670,23364,0.731384
9680,23220,0.733828
9690,22819,0.736230
9700,22526,0.738601
9710,22290,0.740947
9720,22534,0.743319
9730,22016,0.745637
9740,21850,0.747937
9750,21602,0.750211
9760,21162,0.752438
9770,21545,0.754706
9780,20800,0.756895
9790,20668,0.759071
9800,20600,0.761239
9810,20332,0.763379
9820,20159,0.765501
9830,19935,0.767600
9840,19626,0.769665
9850,19688,0.771738
9860,19136,0.773752
9870,19021,0.775754
9880,18771,0.777730
9890,18565,0.779684
9900,18331,0.781614
9910,18275,0.783537
9920,17972,0.785429
9930,17887,0.787312
9940,17594,0.789164
9950,17587,0.791015
9960,17215,0.792827
9970,17124,0.794630
9980,16992,0.796418
9990,16764,0.798183
10000,16530,0.799923
10010,16297,0.801638
10020,16162,0.803339
10030,15849,0.805008
10040,15458,0.806635
10050,15859,0.808304
10060,15322,0.809917
10070,15356,0.811533
10080,15111,0.813124
10090,14808,0.814683
10100,14477,0.816206
10110,14439,0.817726
10120,14238,0.819225
10130,13987,0.820697
10140,14105,0.822182
10150,13698,0.823624
10160,13809,0.825077
10170,13508,0.826499
10180,13214,0.827890
10190,13304,0.829291
10200,13008,0.830660
10210,12714,0.831998
10220,12419,0.833305
10230,12458,0.834617
10240,12444,0.835926
10250,12250,0.837216
10260,11920,0.838471
10270,12067,0.839741
10280,11706,0.840973
10290,11719,0.842207
10300,11240,0.843390
10310,11473,0.844597
10320,11140,0.845770
10330,11176,0.846946
10340,11030,0.848107
10350,10851,0.849250
10360,10492,0.850354
10370,10625,0.851472
10380,10577,0.852586
10390,10319,0.853672
10400,10161,0.854741
10410,10272,0.855823
10420,9881,0.856863
10430,9785,0.857893
10440,9652,0.858909
10450,9700,0.859930
10460,9280,0.860906
10470,9367,0.861892
10480,9457,0.862888
10490,8892,0.863824
10500,9024,0.864774
10510,8837,0.865704
10520,8901,0.866641
10530,8625,0.867549
10540,8524,0.868446
10550,8392,0.869329
10560,8417,0.870215
10570,8305,0.871089
10580,8092,0.871941
10590,8051,0.872789
10600,8076,0.873639
10610,7947,0.874475
10620,7909,0.875308
10630,7564,0.876104
10640,7636,0.876908
10650,7493,0.877696
10660,7464,0.878482
10670,7209,0.879241
10680,7217,0.880001
10690,7328,0.880772
10700,7190,0.881529
10710,7000,0.882266
10720,6980,0.883000
10730,6957,0.883733
10740,6966,0.884466
10750,6869,0.885189
10760,6842,0.885909
10770,6739,0.886618
10780,6661,0.887320
10790,6552,0.888009
10800,6494,0.888693
10810,6527,0.889380
10820,6382,0.890052
10830,6200,0.890704
10840,6256,0.891363
10850,6130,0.892008
10860,6281,0.892669
10870,6128,0.893314
10880,6045,0.893950
10890,6039,0.894586
10900,5978,0.895215
10910,5844,0.895831
10920,5933,0.896455
10930,5826,0.897068
10940,5752,0.897674
10950,5761,0.898280
10960,5623,0.898872
10970,5583,0.899460
10980,5668,0.900056
10990,5629,0.900649
11000,5489,0.901227
11010,5475,0.901803
11020,5410,0.902372
11030,5394,0.902940
11040,5291,0.903497
11050,5357,0.904061
11060,5393,0.904629
11070,5294,0.905186
11080,5189,0.905732
11090,5129,0.906272
11100,5281,0.906828
11110,5229,0.907378
11120,5178,0.907923
11130,5278,0.908479
11140,5176,0.909024
11150,5078,0.909558
11160,5018,0.910086
11170,5072,0.910620
11180,5017,0.911148
11190,5024,0.911677
11200,4958,0.912199
11210,4955,0.912721
11220,4934,0.913240
11230,4793,0.913744
11240,4812,0.914251
11250,4987,0.914776
11260,4881,0.915290
11270,4900,0.915805
11280,4847,0.916316
11290,4821,0.916823
11300,4662,0.917314
11310,4699,0.917808
11320,4849,0.918319
11330,4628,0.918806
11340,4697,0.919300
11350,4707,0.919796
11360,4638,0.920284
11370,4547,0.920763
11380,4599,0.921247
11390,4542,0.921725
11400,4452,0.922194
11410,4580,0.922676
11420,4420,0.923141
11430,4358,0.923600
11440,4585,0.924082
11450,4490,0.924555
11460,4496,0.925028
11470,4414,0.925493
11480,4455,0.925962
11490,4378,0.926422
11500,4385,0.926884
11510,4402,0.927347
11520,4416,0.927812
11530,4369,0.928272
11540,4379,0.928733
11550,4349,0.929191
11560,4270,0.929640
11570,4280,0.930091
11580,4225,0.930535
11590,4204,0.930978
11600,4236,0.931424
11610,4359,0.931883
11620,4159,0.932320
11630,4241,0.932767
11640,4218,0.933211
11650,4159,0.933649
11660,4095,0.934080
11670,4095,0.934511
11680,4200,0.934953
11690,4215,0.935397
11700,4177,0.935836
11710,4112,0.936269
11720,4148,0.936706
11730,4172,0.937145
11740,4190,0.937586
11750,4098,0.938017
11760,4140,0.938453
11770,4077,0.938882
11780,4086,0.939312
11790,4016,0.939735
11800,3884,0.940144
11810,4015,0.940566
11820,3982,0.940986
11830,3989,0.941405
11840,4014,0.941828
11850,4026,0.942252
11860,3943,0.942667
11870,3857,0.943073
11880,3852,0.943478
11890,3817,0.943880
11900,3852,0.944285
11910,3984,0.944705
11920,3926,0.945118
11930,3810,0.945519
11940,3841,0.945923
11950,3873,0.946331
11960,3842,0.946736
11970,3805,0.947136
11980,3851,0.947541
11990,3734,0.947934
12000,3731,0.948327
12010,3808,0.948728
12020,3761,0.949124
12030,3795,0.949523
12040,3794,0.949923
12050,3706,0.950313
12060,3725,0.950705
12070,3558,0.951079
12080,3715,0.951470
12090,3626,0.951852
12100,3909,0.952264
12110,3722,0.952655
12120,3728,0.953048
12130,3651,0.953432
12140,3556,0.953806
12150,3674,0.954193
12160,3511,0.954563
12170,3607,0.954942
12180,3503,0.955311
12190,3553,0.955685
12200,3549,0.956059
12210,3407,0.956417
12220,3610,0.956797
12230,3489,0.957164
12240,3434,0.957526
12250,3448,0.957889
12260,3410,0.958248
12270,3526,0.958619
12280,3407,0.958978
12290,3385,0.959334
12300,3468,0.959699
12310,3460,0.960063
12320,3393,0.960420
12330,3354,0.960773
12340,3458,0.961137
12350,3310,0.961486
12360,3294,0.961832
12370,3248,0.962174
12380,3309,0.962523
12390,3112,0.962850
12400,3274,0.963195
12410,3125,0.963524
12420,3176,0.963858
12430,3215,0.964197
12440,3121,0.964525
12450,3064,0.964848
12460,3069,0.965171
12470,3033,0.965490
12480,2996,0.965805
12490,3103,0.966132
12500,3091,0.966457
12510,3054,0.966779
12520,3028,0.967097
12530,2953,0.967408
12540,2993,0.967723
12550,2965,0.968035
12560,2925,0.968343
12570,2915,0.968650
12580,2971,0.968963
12590,2865,0.969264
12600,2894,0.969569
12610,2896,0.969874
12620,2913,0.970180
12630,2716,0.970466
12640,2792,0.970760
12650,2685,0.971043
12660,2795,0.971337
12670,2770,0.971629
12680,2719,0.971915
12690,2706,0.972200
12700,2674,0.972481
12710,2640,0.972759
12720,2573,0.973030
12730,2586,0.973302
12740,2552,0.973571
12750,2523,0.973836
12760,2487,0.974098
12770,2459,0.974357
12780,2413,0.974611
12790,2558,0.974880
12800,2519,0.975145
12810,2479,0.975406
12820,2456,0.975665
12830,2490,0.975927
12840,2383,0.976178
12850,2347,0.976425
12860,2331,0.976670
12870,2342,0.976917
12880,2265,0.977155
12890,2282,0.977395
12900,2260,0.977633
12910,2208,0.977866
12920,2198,0.978097
12930,2214,0.978330
12940,2163,0.978558
12950,2097,0.978778
12960,2148,0.979004
12970,2062,0.979221
12980,2180,0.979451
12990,2132,0.979675
13000,2063,0.979893
13010,2018,0.980105
13020,1962,0.980311
13030,2074,0.980530
13040,1979,0.980738
13050,2022,0.980951
13060,1965,0.981158
13070,1951,0.981363
13080,1969,0.981570
13090,1930,0.981774
13100,1890,0.981972
13110,1910,0.982174
13120,1904,0.982374
13130,1925,0.982577
13140,1879,0.982774
13150,1879,0.982972
13160,1848,0.983167
13170,1840,0.983360
13180,1683,0.983537
13190,1764,0.983723
13200,1801,0.983913
13210,1748,0.984097
13220,1690,0.984275
13230,1657,0.984449
13240,1605,0.984618
13250,1660,0.984793
13260,1599,0.984961
13270,1649,0.985135
13280,1631,0.985306
13290,1588,0.985473
13300,1520,0.985633
13310,1521,0.985794
13320,1515,0.985953
13330,1597,0.986121
13340,1503,0.986279
13350,1488,0.986436
13360,1409,0.986584
13370,1436,0.986735
13380,1369,0.986880
13390,1341,0.987021
13400,1358,0.987164
13410,1292,0.987300
13420,1304,0.987437
13430,1264,0.987570
13440,1338,0.987711
13450,1283,0.987846
13460,1206,0.987973
13470,1239,0.988103
13480,1209,0.988230
13490,1246,0.988362
13500,1169,0.988485
13510,1163,0.988607
13520,1170,0.988730
13530,1110,0.988847
13540,1100,0.988963
13550,1139,0.989083
13560,1166,0.989205
13570,1103,0.989322
13580,1052,0.989432
13590,1029,0.989541
13600,991,0.989645
13610,1050,0.989755
13620,987,0.989859
13630,1035,0.989968
13640,1070,0.990081
13650,987,0.990185
13660,972,0.990287
13670,974,0.990390
13680,937,0.990488
13690,968,0.990590
13700,991,0.990694
13710,924,0.990792
13720,905,0.990887
13730,896,0.990981
13740,859,0.991072
13750,856,0.991162
13760,901,0.991257
13770,774,0.991338
13780,858,0.991428
13790,841,0.991517
13800,821,0.991603
13810,770,0.991684
13820,798,0.991768
13830,770,0.991849
13840,738,0.991927
13850,733,0.992004
13860,731,0.992081
13870,743,0.992159
13880,744,0.992238
13890,675,0.992309
13900,674,0.992380
13910,660,0.992449
13920,622,0.992515
13930,652,0.992583
13940,612,0.992648
13950,650,0.992716
13960,640,0.992784
13970,576,0.992844
13980,594,0.992907
13990,540,0.992964
14000,530,0.993019
14010,542,0.993076
14020,546,0.993134
14030,526,0.993189
14040,516,0.993244
14050,569,0.993303
14060,547,0.993361
14070,483,0.993412
14080,517,0.993466
14090,491,0.993518
14100,467,0.993567
14110,446,0.993614
14120,487,0.993665
14130,459,0.993714
14140,459,0.993762
14150,436,0.993808
14160,421,0.993852
14170,431,0.993898
14180,398,0.993939
14190,412,0.993983
14200,381,0.994023
14210,415,0.994067
14220,423,0.994111
14230,352,0.994148
14240,344,0.994184
14250,383,0.994225
14260,387,0.994265
14270,387,0.994306
14280,377,0.994346
14290,376,0.994385
14300,362,0.994424
14310,328,0.994458
14320,340,0.994494
14330,326,0.994528
14340,298,0.994560
14350,333,0.994595
14360,297,0.994626
14370,312,0.994659
14380,293,0.994690
14390,294,0.994720
14400,296,0.994752
14410,246,0.994778
14420,287,0.994808
14430,284,0.994838
14440,260,0.994865
14450,289,0.994895
14460,273,0.994924
14470,252,0.994951
14480,237,0.994976
14490,266,0.995004
14500,258,0.995031
14510,245,0.995057
14520,220,0.995080
14530,209,0.995102
14540,214,0.995124
14550,220,0.995147
14560,203,0.995169
14570,217,0.995192
14580,201,0.995213
14590,199,0.995234
14600,207,0.995255
14610,208,0.995277
14620,191,0.995297
14630,204,0.995319
14640,167,0.995337
14650,189,0.995356
14660,189,0.995376
14670,201,0.995398
14680,150,0.995413
14690,164,0.995431
14700,150,0.995446
14710,189,0.995466
14720,162,0.995483
14730,193,0.995504
14740,158,0.995520
14750,183,0.995539
14760,172,0.995558
14770,168,0.995575
14780,166,0.995593
14790,164,0.995610
14800,140,0.995625
14810,154,0.995641
14820,167,0.995659
14830,156,0.995675
14840,150,0.995691
14850,158,0.995707
14860,133,0.995721
14870,146,0.995737
14880,130,0.995750
14890,150,0.995766
14900,135,0.995780
14910,133,0.995794
14920,146,0.995810
14930,121,0.995823
14940,148,0.995838
14950,133,0.995852
14960,116,0.995864
14970,129,0.995878
14980,133,0.995892
14990,117,0.995904
15000,121,0.995917
15010,111,0.995929
15020,145,0.995944
15030,105,0.995955
15040,115,0.995967
15050,108,0.995978
15060,113,0.995990
15070,119,0.996003
15080,104,0.996014
15090,102,0.996025
15100,114,0.996037
15110,121,0.996049
15120,118,0.996062
15130,96,0.996072
15140,89,0.996081
15150,90,0.996091
15160,112,0.996102
15170,120,0.996115
15180,91,0.996125
15190,99,0.996135
15200,115,0.996147
15210,97,0.996157
15220,76,0.996165
15230,107,0.996177
15240,107,0.996188
15250,94,0.996198
15260,99,0.996208
15270,86,0.996217
15280,84,0.996226
15290,86,0.996235
15300,96,0.996245
15310,93,0.996255
15320,89,0.996264
15330,91,0.996274
15340,90,0.996283
15350,84,0.996292
15360,83,0.996301
15370,80,0.996309
15380,71,0.996317
15390,79,0.996325
15400,81,0.996334
15410,75,0.996342
15420,82,0.996350
15430,83,0.996359
15440,80,0.996367
15450,79,0.996376
15460,70,0.996383
15470,78,0.996391
15480,75,0.996399
15490,74,0.996407
15500,104,0.996418
15510,90,0.996427
15520,93,0.996437
15530,85,0.996446
15540,92,0.996456
15550,100,0.996466
15560,77,0.996475
15570,74,0.996482
15580,91,0.996492
15590,68,0.996499
15600,97,0.996509
15610,71,0.996517
15620,86,0.996526
15630,83,0.996535
15640,65,0.996541
15650,76,0.996549
15660,88,0.996559
15670,67,0.996566
15680,81,0.996574
15690,67,0.996581
15700,83,0.996590
15710,81,0.996598
15720,70,0.996606
15730,72,0.996613
15740,83,0.996622
15750,62,0.996629
15760,70,0.996636
15770,74,0.996644
15780,64,0.996651
15790,80,0.996659
15800,68,0.996666
15810,79,0.996675
15820,70,0.996682
15830,66,0.996689
15840,62,0.996695
15850,75,0.996703
15860,61,0.996710
15870,72,0.996717
15880,72,0.996725
15890,67,0.996732
15900,77,0.996740
15910,66,0.996747
15920,58,0.996753
15930,78,0.996761
15940,65,0.996768
15950,57,0.996774
15960,67,0.996781
15970,60,0.996787
15980,77,0.996796
15990,59,0.996802
16000,65,0.996809
16010,64,0.996815
16020,79,0.996824
16030,74,0.996831
16040,65,0.996838
16050,65,0.996845
16060,61,0.996852
16070,63,0.996858
16080,59,0.996864
16090,56,0.996870
16100,64,0.996877
16110,63,0.996884
16120,56,0.996890
16130,79,0.996898
16140,60,0.996904
16150,52,0.996910
16160,55,0.996915
16170,44,0.996920
16180,67,0.996927
16190,77,0.996935
16200,50,0.996940
16210,48,0.996946
16220,70,0.996953
16230,64,0.996960
16240,57,0.996966
16250,62,0.996972
16260,61,0.996979
16270,50,0.996984
16280,45,0.996989
16290,64,0.996995
16300,49,0.997001
16310,49,0.997006
16320,60,0.997012
16330,45,0.997017
16340,49,0.997022
16350,55,0.997028
16360,56,0.997034
16370,48,0.997039
16380,44,0.997043
16390,46,0.997048
16400,60,0.997054
16410,55,0.997060
16420,63,0.997067
16430,71,0.997074
16440,47,0.997079
16450,43,0.997084
16460,55,0.997090
16470,57,0.997096
16480,35,0.997099
16490,57,0.997105
16500,64,0.997112
16510,42,0.997116
16520,42,0.997121
16530,52,0.997126
16540,59,0.997132
16550,55,0.997138
16560,41,0.997143
16570,49,0.997148
16580,41,0.997152
16590,61,0.997158
16600,56,0.997164
16610,60,0.997171
16620,40,0.997175
16630,55,0.997181
16640,50,0.997186
16650,50,0.997191
16660,62,0.997198
16670,44,0.997202
16680,57,0.997208
16690,50,0.997214
16700,61,0.997220
16710,50,0.997225
16720,42,0.997230
16730,53,0.997235
16740,53,0.997241
16750,40,0.997245
16760,33,0.997249
16770,47,0.997254
16780,43,0.997258
16790,47,0.997263
16800,38,0.997267
16810,44,0.997272
16820,42,0.997276
16830,38,0.997280
16840,44,0.997285
16850,38,0.997289
16860,43,0.997293
16870,38,0.997297
16880,46,0.997302
16890,46,0.997307
16900,54,0.997313
16910,44,0.997317
16920,34,0.997321
16930,29,0.997324
16940,44,0.997329
16950,39,0.997333
16960,37,0.997337
16970,35,0.997340
16980,32,0.997344
16990,35,0.997347
17000,34,0.997351
17010,27,0.997354
17020,32,0.997357
17030,23,0.997359
17040,28,0.997362
17050,28,0.997365
17060,26,0.997368
17070,31,0.997371
17080,20,0.997373
17090,32,0.997377
17100,24,0.997379
17110,25,0.997382
17120,22,0.997384
17130,22,0.997387
17140,29,0.997390
17150,21,0.997392
17160,19,0.997394
17170,22,0.997396
17180,22,0.997398
17190,21,0.997401
17200,21,0.997403
17210,23,0.997405
17220,15,0.997407
17230,16,0.997409
17240,19,0.997411
17250,17,0.997412
17260,14,0.997414
17270,19,0.997416
17280,15,0.997417
17290,17,0.997419
17300,14,0.997421
17310,13,0.997422
17320,23,0.997424
17330,20,0.997427
17340,17,0.997428
17350,15,0.997430
17360,21,0.997432
17370,20,0.997434
17380,13,0.997436
17390,19,0.997438
17400,19,0.997440
17410,17,0.997441
17420,7,0.997442
17430,15,0.997444
17440,9,0.997445
17450,9,0.997446
17460,15,0.997447
17470,11,0.997448
17480,18,0.997450
17490,22,0.997453
17500,13,0.997454
17510,11,0.997455
17520,17,0.997457
17530,19,0.997459
17540,15,0.997460
17550,14,0.997462
17560,20,0.997464
17570,16,0.997466
17580,16,0.997467
17590,7,0.997468
17600,9,0.997469
17610,17,0.997471
17620,15,0.997472
17630,15,0.997474
17640,11,0.997475
17650,13,0.997477
17660,15,0.997478
17670,7,0.997479
17680,10,0.997480
17690,18,0.997482
17700,12,0.997483
17710,15,0.997485
17720,14,0.997486
17730,10,0.997487
17740,9,0.997488
17750,15,0.997490
17760,12,0.997491
17770,19,0.997493
17780,18,0.997495
17790,15,0.997496
17800,8,0.997497
17810,11,0.997499
17820,12,0.997500
17830,12,0.997501
17840,8,0.997502
17850,14,0.997503
17860,18,0.997505
17870,7,0.997506
17880,17,0.997508
17890,10,0.997509
17900,8,0.997510
17910,15,0.997511
17920,12,0.997512
17930,15,0.997514
17940,16,0.997516
17950,8,0.997517
17960,9,0.997518
17970,11,0.997519
17980,6,0.997519
17990,12,0.997521
18000,12,0.997522
18010,12,0.997523
18020,6,0.997524
18030,11,0.997525
18040,9,0.997526
18050,14,0.997527
18060,12,0.997529
18070,8,0.997529
18080,10,0.997530
18090,5,0.997531
18100,5,0.997532
18110,6,0.997532
18120,4,0.997533
18130,5,0.997533
18140,6,0.997534
18150,9,0.997535
18160,5,0.997535
18170,8,0.997536
18180,5,0.997537
18190,10,0.997538
18200,11,0.997539
18210,7,0.997540
18220,12,0.997541
18230,7,0.997542
18240,4,0.997542
18250,4,0.997542
18260,10,0.997543
18270,8,0.997544
18280,4,0.997545
18290,5,0.997545
18300,8,0.997546
18310,5,0.997547
18320,9,0.997548
18330,9,0.997548
18340,4,0.997549
18350,4,0.997549
18360,5,0.997550
18370,5,0.997550
18380,9,0.997551
18390,10,0.997552
18400,8,0.997553
18410,16,0.997555
18420,6,0.997556
18430,1,0.997556
18440,5,0.997556
18450,5,0.997557
18460,5,0.997557
18470,4,0.997558
18480,7,0.997558
18490,8,0.997559
18500,8,0.997560
18510,6,0.997561
18520,11,0.997562
18530,6,0.997562
18540,3,0.997563
18550,5,0.997563
18560,4,0.997564
18570,5,0.997564
18580,11,0.997565
18590,5,0.997566
18600,6,0.997567
18610,6,0.997567
18620,4,0.997568
18630,3,0.997568
18640,9,0.997569
18650,10,0.997570
18660,3,0.997570
18670,5,0.997571
18680,2,0.997571
18690,3,0.997571
18700,7,0.997572
18710,4,0.997572
18720,8,0.997573
18730,5,0.997574
18740,5,0.997574
18750,5,0.997575
18760,8,0.997576
18770,7,0.997576
18780,9,0.997577
18790,3,0.997578
18800,5,0.997578
18810,3,0.997579
18820,5,0.997579
18830,4,0.997580
18840,8,0.997580
18850,1,0.997580
18860,7,0.997581
18870,5,0.997582
18880,6,0.997582
18890,8,0.997583
18900,10,0.997584
18910,7,0.997585
18920,3,0.997585
18930,12,0.997587
18940,5,0.997587
18950,1,0.997587
18960,11,0.997588
18970,6,0.997589
18980,7,0.997590
18990,3,0.997590
19000,9,0.997591
19010,7,0.997592
19020,9,0.997593
19030,5,0.997593
19040,8,0.997594
19050,6,0.997595
19060,3,0.997595
19070,5,0.997596
19080,5,0.997596
19090,5,0.997597
19100,5,0.997597
19110,2,0.997597
19120,6,0.997598
19130,4,0.997598
19140,3,0.997599
19150,5,0.997599
19160,3,0.997600
19170,2,0.997600
19180,7,0.997600
19190,6,0.997601
19200,3,0.997601
19210,6,0.997602
19220,4,0.997602
19230,7,0.997603
19240,7,0.997604
19250,6,0.997605
19260,8,0.997605
19270,7,0.997606
19280,8,0.997607
19290,6,0.997608
19300,3,0.997608
19310,1,0.997608
19320,3,0.997608
19330,5,0.997609
19340,4,0.997609
19350,2,0.997610
19360,5,0.997610
19370,2,0.997610
19390,2,0.997611
19400,1,0.997611
19410,1,0.997611
19420,3,0.997611
19430,4,0.997611
19440,3,0.997612
19450,2,0.997612
19460,1,0.997612
19470,1,0.997612
19480,3,0.997612
19490,4,0.997613
19500,3,0.997613
19510,2,0.997613
19520,5,0.997614
19530,5,0.997615
19540,4,0.997615
19550,4,0.997615
19560,2,0.997616
19570,5,0.997616
19580,3,0.997616
19590,5,0.997617
19600,1,0.997617
19610,2,0.997617
19630,5,0.997618
19640,1,0.997618
19650,7,0.997619
19660,5,0.997619
19670,4,0.997620
19680,1,0.997620
19690,2,0.997620
19700,4,0.997620
19710,4,0.997621
19720,3,0.997621
19730,6,0.997622
19740,4,0.997622
19750,5,0.997623
19760,3,0.997623
19770,4,0.997623
19780,5,0.997624
19790,6,0.997624
19800,9,0.997625
19810,6,0.997626
19820,1,0.997626
19830,9,0.997627
19840,4,0.997628
19850,3,0.997628
19860,6,0.997629
19870,5,0.997629
19880,6,0.997630
19890,5,0.997630
19900,7,0.997631
19910,8,0.997632
19920,6,0.997632
19930,9,0.997633
19940,5,0.997634
19950,7,0.997635
19960,7,0.997635
19970,3,0.997636
19980,10,0.997637
19990,9,0.997638
20000,3,0.997638
20010,4,0.997638
20020,8,0.997639
20030,6,0.997640
20040,5,0.997640
20050,3,0.997641
20060,5,0.997641
20070,6,0.997642
20080,2,0.997642
20090,7,0.997643
20100,6,0.997643
20110,5,0.997644
20120,5,0.997644
20130,9,0.997645
20140,4,0.997646
20150,4,0.997646
20160,3,0.997647
20170,5,0.997647
20180,5,0.997648
20190,4,0.997648
20200,3,0.997648
20210,7,0.997649
20220,6,0.997650
20230,8,0.997651
20240,3,0.997651
20250,9,0.997652
20260,4,0.997652
20270,5,0.997653
20280,4,0.997653
20290,6,0.997654
20300,4,0.997654
20310,3,0.997655
20320,4,0.997655
20340,6,0.997656
20350,1,0.997656
20360,2,0.997656
20370,6,0.997657
20380,5,0.997657
20390,2,0.997657
20400,5,0.997658
20410,5,0.997658
20420,4,0.997659
20430,3,0.997659
20440,3,0.997659
20450,4,0.997660
20460,4,0.997660
20470,5,0.997661
20480,6,0.997661
20490,2,0.997662
20500,7,0.997662
20510,7,0.997663
20520,4,0.997664
20530,2,0.997664
20540,4,0.997664
20550,5,0.997665
20560,5,0.997665
20570,3,0.997666
20580,3,0.997666
20590,6,0.997666
20600,3,0.997667
20610,5,0.997667
20620,3,0.997668
20630,2,0.997668
20640,5,0.997668
20650,5,0.997669
20660,6,0.997670
20670,3,0.997670
20680,4,0.997670
20690,4,0.997671
20700,10,0.997672
20710,6,0.997672
20720,3,0.997673
20730,4,0.997673
20740,4,0.997674
20750,5,0.997674
20760,7,0.997675
20770,3,0.997675
20780,6,0.997676
20790,5,0.997676
20800,3,0.997677
20810,5,0.997677
20820,1,0.997677
20830,2,0.997677
20840,2,0.997678
20850,7,0.997678
20860,1,0.997678
20870,4,0.997679
20880,3,0.997679
20890,4,0.997680
20900,3,0.997680
20910,3,0.997680
20920,4,0.997681
20930,3,0.997681
20940,5,0.997682
20950,2,0.997682
20960,3,0.997682
20970,10,0.997683
20980,5,0.997684
20990,4,0.997684
21000,3,0.997684
21010,1,0.997684
21020,2,0.997685
21030,2,0.997685
21040,2,0.997685
21050,4,0.997686
21060,2,0.997686
21070,6,0.997686
21080,4,0.997687
21090,4,0.997687
21100,5,0.997688
21110,6,0.997688
21120,2,0.997689
21130,9,0.997690
21140,2,0.997690
21150,2,0.997690
21160,5,0.997690
21170,7,0.997691
21180,5,0.997692
21190,4,0.997692
21200,2,0.997692
21210,3,0.997693
21220,3,0.997693
21230,2,0.997693
21240,2,0.997693
21250,2,0.997694
21260,5,0.997694
21270,4,0.997695
21280,3,0.997695
21290,1,0.997695
21300,7,0.997696
21310,5,0.997696
21320,6,0.997697
21330,7,0.997698
21340,9,0.997699
21350,6,0.997699
21360,3,0.997700
21370,4,0.997700
21380,3,0.997700
21390,4,0.997701
21400,4,0.997701
21410,4,0.997702
21420,3,0.997702
21430,8,0.997703
21440,6,0.997703
21450,10,0.997704
21460,2,0.997705
21470,7,0.997705
21480,5,0.997706
21490,4,0.997706
21500,6,0.997707
21510,4,0.997707
21520,5,0.997708
21530,4,0.997708
21540,3,0.997709
21550,4,0.997709
21560,1,0.997709
21570,2,0.997709
21580,2,0.997710
21590,5,0.997710
21600,1,0.997710
21610,4,0.997711
21620,3,0.997711
21630,2,0.997711
21640,5,0.997712
21650,1,0.997712
21660,5,0.997712
21670,5,0.997713
21680,2,0.997713
21690,2,0.997713
21700,4,0.997714
21710,3,0.997714
21720,3,0.997714
21730,2,0.997714
21740,2,0.997715
21750,3,0.997715
21760,5,0.997716
21770,2,0.997716
21780,8,0.997717
21790,2,0.997717
21800,7,0.997718
21810,2,0.997718
21820,3,0.997718
21830,3,0.997718
21840,6,0.997719
21850,4,0.997719
21860,3,0.997720
21870,6,0.997720
21880,2,0.997721
21890,6,0.997721
21900,4,0.997722
21910,5,0.997722
21920,8,0.997723
21930,4,0.997723
21940,5,0.997724
21950,5,0.997724
21960,4,0.997725
21970,4,0.997725
21980,7,0.997726
21990,5,0.997727
22000,7,0.997727
22010,3,0.997728
22020,1,0.997728
22030,3,0.997728
22040,9,0.997729
22050,6,0.997730
22060,8,0.997730
22070,8,0.997731
22080,6,0.997732
22090,5,0.997732
22100,4,0.997733
22110,9,0.997734
22120,4,0.997734
22130,7,0.997735
22140,3,0.997735
22150,4,0.997736
22160,6,0.997736
22170,14,0.997738
22180,11,0.997739
22190,9,0.997740
22200,12,0.997741
22210,6,0.997742
22220,6,0.997742
22230,7,0.997743
22240,11,0.997744
22250,5,0.997745
22260,8,0.997746
22270,7,0.997746
22280,9,0.997747
22290,6,0.997748
22300,7,0.997749
22310,12,0.997750
22320,15,0.997752
22330,5,0.997752
22340,4,0.997753
22350,6,0.997753
22360,7,0.997754
22370,7,0.997755
22380,7,0.997755
22390,5,0.997756
22400,6,0.997757
22410,4,0.997757
22420,4,0.997757
22430,6,0.997758
22440,7,0.997759
22450,10,0.997760
22460,5,0.997760
22470,6,0.997761
22480,1,0.997761
22490,9,0.997762
22500,8,0.997763
22510,8,0.997764
22520,4,0.997764
22530,8,0.997765
22540,7,0.997766
22550,9,0.997767
22560,9,0.997768
22570,1,0.997768
22580,8,0.997769
22590,5,0.997769
22600,3,0.997769
22610,2,0.997770
22620,5,0.997770
22630,7,0.997771
22640,2,0.997771
22650,9,0.997772
22670,5,0.997773
22680,7,0.997773
22690,3,0.997774
22700,2,0.997774
22710,2,0.997774
22720,7,0.997775
22730,1,0.997775
22740,6,0.997776
22750,2,0.997776
22760,4,0.997776
22770,5,0.997777
22780,4,0.997777
22790,3,0.997777
22800,6,0.997778
22810,8,0.997779
22820,6,0.997780
22830,9,0.997781
22840,3,0.997781
22850,6,0.997781
22860,8,0.997782
22870,7,0.997783
22880,5,0.997784
22890,9,0.997784
22900,9,0.997785
22910,5,0.997786
22920,5,0.997786
22930,13,0.997788
22940,8,0.997789
22950,6,0.997789
22960,7,0.997790
22970,4,0.997790
22980,9,0.997791
22990,6,0.997792
23000,6,0.997793
23010,6,0.997793
23020,6,0.997794
23030,6,0.997795
23040,12,0.997796
23050,6,0.997796
23060,8,0.997797
23070,10,0.997798
23080,7,0.997799
23090,5,0.997800
23100,8,0.997800
23110,12,0.997802
23120,5,0.997802
23130,11,0.997803
23140,6,0.997804
23150,10,0.997805
23160,7,0.997806
23170,7,0.997807
23180,5,0.997807
23190,9,0.997808
23200,9,0.997809
23210,7,0.997810
23220,7,0.997810
23230,6,0.997811
23240,2,0.997811
23250,12,0.997813
23260,12,0.997814
23270,6,0.997814
23280,6,0.997815
23290,5,0.997816
23300,11,0.997817
23310,11,0.997818
23320,10,0.997819
23330,17,0.997821
23340,8,0.997822
23350,10,0.997823
23360,8,0.997824
23370,6,0.997824
23380,10,0.997825
23390,14,0.997827
23400,11,0.997828
23410,11,0.997829
23420,8,0.997830
23430,11,0.997831
23440,12,0.997832
23450,11,0.997833
23460,7,0.997834
23470,13,0.997836
23480,10,0.997837
23490,8,0.997837
23500,15,0.997839
23510,14,0.997840
23520,15,0.997842
23530,11,0.997843
23540,12,0.997844
23550,14,0.997846
23560,10,0.997847
23570,10,0.997848
23580,16,0.997850
23590,12,0.997851
23600,4,0.997851
23610,18,0.997853
23620,15,0.997855
23630,13,0.997856
23640,12,0.997858
23650,15,0.997859
23660,14,0.997861
23670,17,0.997862
23680,11,0.997864
23690,14,0.997865
23700,19,0.997867
23710,24,0.997870
23720,13,0.997871
23730,17,0.997873
23740,9,0.997874
23750,7,0.997874
23760,18,0.997876
23770,15,0.997878
23780,13,0.997879
23790,15,0.997881
23800,13,0.997882
23810,10,0.997883
23820,14,0.997885
23830,17,0.997886
23840,12,0.997888
23850,15,0.997889
23860,19,0.997891
23870,14,0.997893
23880,12,0.997894
23890,12,0.997895
23900,16,0.997897
23910,11,0.997898
23920,14,0.997900
23930,12,0.997901
23940,17,0.997903
23950,9,0.997904
23960,9,0.997905
23970,15,0.997906
23980,16,0.997908
23990,14,0.997909
24000,9,0.997910
24010,18,0.997912
24020,16,0.997914
24030,14,0.997915
24040,13,0.997917
24050,9,0.997918
24060,11,0.997919
24070,9,0.997920
24080,12,0.997921
24090,16,0.997923
24100,16,0.997924
24110,16,0.997926
24120,16,0.997928
24130,13,0.997929
24140,13,0.997930
24150,13,0.997932
24160,22,0.997934
24170,18,0.997936
24180,17,0.997938
24190,11,0.997939
24200,19,0.997941
24210,22,0.997943
24220,16,0.997945
24230,8,0.997946
24240,16,0.997948
24250,22,0.997950
24260,18,0.997952
24270,25,0.997954
24280,15,0.997956
24290,9,0.997957
24300,17,0.997959
24310,10,0.997960
24320,16,0.997961
24330,12,0.997963
24340,18,0.997965
24350,16,0.997966
24360,21,0.997968
24370,13,0.997970
24380,22,0.997972
24390,9,0.997973
24400,11,0.997974
24410,25,0.997977
24420,10,0.997978
24430,22,0.997980
24440,13,0.997982
24450,15,0.997983
24460,13,0.997985
24470,18,0.997986
24480,10,0.997988
24490,10,0.997989
24500,15,0.997990
24510,14,0.997992
24520,19,0.997994
24530,13,0.997995
24540,19,0.997997
24550,18,0.997999
24560,23,0.998001
24570,19,0.998003
24580,18,0.998005
24590,13,0.998007
24600,21,0.998009
24610,13,0.998010
24620,13,0.998012
24630,35,0.998015
24640,24,0.998018
24650,17,0.998020
24660,29,0.998023
24670,20,0.998025
24680,27,0.998028
24690,17,0.998029
24700,27,0.998032
24710,20,0.998034
24720,21,0.998036
24730,22,0.998039
24740,25,0.998041
24750,18,0.998043
24760,28,0.998046
24770,19,0.998048
24780,18,0.998050
24790,27,0.998053
24800,26,0.998056
24810,24,0.998058
24820,17,0.998060
24830,28,0.998063
24840,16,0.998065
24850,20,0.998067
24860,18,0.998069
24870,15,0.998070
24880,20,0.998072
24890,31,0.998076
24900,20,0.998078
24910,16,0.998079
24920,12,0.998081
24930,12,0.998082
24940,21,0.998084
24950,26,0.998087
24960,24,0.998089
24970,25,0.998092
24980,19,0.998094
24990,14,0.998096
25000,16,0.998097
25010,16,0.998099
25020,12,0.998100
25030,18,0.998102
25040,16,0.998104
25050,8,0.998105
25060,15,0.998106
25070,22,0.998108
25080,18,0.998110
25090,16,0.998112
25100,22,0.998114
25110,32,0.998118
25120,18,0.998120
25130,25,0.998122
25140,18,0.998124
25150,19,0.998126
25160,21,0.998128
25170,23,0.998131
25180,20,0.998133
25190,19,0.998135
25200,19,0.998137
25210,24,0.998139
25220,32,0.998143
25230,24,0.998145
25240,32,0.998149
25250,28,0.998152
25260,27,0.998154
25270,19,0.998156
25280,35,0.998160
25290,24,0.998163
25300,37,0.998167
25310,29,0.998170
25320,22,0.998172
25330,28,0.998175
25340,30,0.998178
25350,35,0.998182
25360,31,0.998185
25370,22,0.998187
25380,25,0.998190
25390,24,0.998192
25400,34,0.998196
25410,31,0.998199
25420,27,0.998202
25430,33,0.998206
25440,21,0.998208
25450,33,0.998211
25460,37,0.998215
25470,28,0.998218
25480,17,0.998220
25490,20,0.998222
25500,25,0.998225
25510,19,0.998227
25520,24,0.998229
25530,20,0.998231
25540,22,0.998234
25550,19,0.998236
25560,26,0.998238
25570,23,0.998241
25580,33,0.998244
25590,15,0.998246
25600,24,0.998248
25610,25,0.998251
25620,24,0.998254
25630,14,0.998255
25640,19,0.998257
25650,22,0.998259
25660,27,0.998262
25670,19,0.998264
25680,27,0.998267
25690,23,0.998269
25700,36,0.998273
25710,33,0.998277
25720,26,0.998279
25730,13,0.998281
25740,19,0.998283
25750,16,0.998284
25760,25,0.998287
25770,22,0.998289
25780,23,0.998292
25790,18,0.998294
25800,36,0.998298
25810,18,0.998299
25820,23,0.998302
25830,32,0.998305
25840,26,0.998308
25850,26,0.998311
25860,15,0.998312
25870,17,0.998314
25880,27,0.998317
25890,21,0.998319
25900,17,0.998321
25910,16,0.998323
25920,17,0.998324
25930,16,0.998326
25940,17,0.998328
25950,26,0.998331
25960,15,0.998332
25970,16,0.998334
25980,19,0.998336
25990,26,0.998339
26000,27,0.998341
26010,25,0.998344
26020,25,0.998347
26030,21,0.998349
26040,26,0.998352
26050,39,0.998356
26060,23,0.998358
26070,16,0.998360
26080,19,0.998362
26090,26,0.998365
26100,32,0.998368
26110,31,0.998371
26120,27,0.998374
26130,29,0.998377
26140,23,0.998380
26150,36,0.998383
26160,31,0.998387
26170,35,0.998390
26180,33,0.998394
26190,20,0.998396
26200,32,0.998399
26210,37,0.998403
26220,27,0.998406
26230,30,0.998409
26240,21,0.998411
26250,34,0.998415
26260,39,0.998419
26270,23,0.998421
26280,26,0.998424
26290,32,0.998428
26300,30,0.998431
26310,34,0.998434
26320,28,0.998437
26330,31,0.998440
26340,35,0.998444
26350,46,0.998449
26360,26,0.998452
26370,36,0.998456
26380,42,0.998460
26390,39,0.998464
26400,32,0.998467
26410,31,0.998471
26420,29,0.998474
26430,37,0.998478
26440,39,0.998482
26450,32,0.998485
26460,40,0.998489
26470,36,0.998493
26480,33,0.998497
26490,30,0.998500
26500,26,0.998502
26510,36,0.998506
26520,37,0.998510
26530,38,0.998514
26540,30,0.998517
26550,47,0.998522
26560,26,0.998525
26570,29,0.998528
26580,49,0.998533
26590,34,0.998537
26600,32,0.998540
26610,33,0.998544
26620,18,0.998546
26630,27,0.998548
26640,33,0.998552
26650,37,0.998556
26660,33,0.998559
26670,22,0.998562
26680,25,0.998564
26690,36,0.998568
26700,25,0.998571
26710,24,0.998573
26720,25,0.998576
26730,26,0.998578
26740,29,0.998582
26750,29,0.998585
26760,27,0.998587
26770,36,0.998591
26780,28,0.998594
26790,21,0.998596
26800,32,0.998600
26810,19,0.998602
26820,29,0.998605
26830,38,0.998609
26840,33,0.998612
26850,40,0.998616
26860,27,0.998619
26870,27,0.998622
26880,31,0.998625
26890,28,0.998628
26900,40,0.998633
26910,29,0.998636
26920,31,0.998639
26930,28,0.998642
26940,23,0.998644
26950,30,0.998647
26960,34,0.998651
26970,16,0.998653
26980,29,0.998656
26990,34,0.998659
27000,25,0.998662
27010,27,0.998665
27020,28,0.998668
27030,26,0.998670
27040,23,0.998673
27050,39,0.998677
27060,23,0.998679
27070,26,0.998682
27080,30,0.998685
27090,30,0.998688
27100,27,0.998691
27110,32,0.998695
27120,33,0.998698
27130,23,0.998701
27140,31,0.998704
27150,31,0.998707
27160,25,0.998710
27170,27,0.998713
27180,31,0.998716
27190,27,0.998719
27200,44,0.998723
27210,28,0.998726
27220,29,0.998729
27230,26,0.998732
27240,26,0.998735
27250,23,0.998737
27260,28,0.998740
27270,27,0.998743
27280,37,0.998747
27290,41,0.998751
27300,34,0.998755
27310,35,0.998758
27320,33,0.998762
27330,32,0.998765
27340,35,0.998769
27350,33,0.998772
27360,31,0.998776
27370,29,0.998779
27380,35,0.998782
27390,37,0.998786
27400,38,0.998790
27410,35,0.998794
27420,36,0.998798
27430,36,0.998802
27440,35,0.998805
27450,44,0.998810
27460,35,0.998814
27470,50,0.998819
27480,45,0.998824
27490,39,0.998828
27500,39,0.998832
27510,46,0.998837
27520,36,0.998840
27530,40,0.998845
27540,44,0.998849
27550,41,0.998854
27560,40,0.998858
27570,38,0.998862
27580,30,0.998865
27590,34,0.998869
27600,32,0.998872
27610,29,0.998875
27620,38,0.998879
27630,44,0.998884
27640,24,0.998886
27650,34,0.998890
27660,31,0.998893
27670,38,0.998897
27680,32,0.998900
27690,27,0.998903
27700,29,0.998906
27710,21,0.998908
27720,27,0.998911
27730,25,0.998914
27740,21,0.998916
27750,29,0.998919
27760,30,0.998922
27770,33,0.998926
27780,25,0.998928
27790,26,0.998931
27800,29,0.998934
27810,33,0.998938
27820,37,0.998942
27830,36,0.998945
27840,34,0.998949
27850,22,0.998951
27860,23,0.998954
27870,25,0.998956
27880,31,0.998960
27890,35,0.998963
27900,30,0.998966
27910,31,0.998970
27920,26,0.998972
27930,37,0.998976
27940,27,0.998979
27950,35,0.998983
27960,34,0.998986
27970,38,0.998990
27980,31,0.998994
27990,25,0.998996
28000,36,0.999000
28010,30,0.999003
28020,29,0.999006
28030,40,0.999011
28040,26,0.999013
28050,26,0.999016
28060,33,0.999020
28070,26,0.999022
28080,31,0.999026
28090,23,0.999028
28100,29,0.999031
28110,27,0.999034
28120,31,0.999037
28130,31,0.999040
28140,20,0.999042
28150,28,0.999045
28160,26,0.999048
28170,33,0.999052
28180,30,0.999055
28190,22,0.999057
28200,35,0.999061
28210,30,0.999064
28220,27,0.999067
28230,33,0.999070
28240,30,0.999073
28250,32,0.999077
28260,30,0.999080
28270,25,0.999083
28280,32,0.999086
28290,23,0.999088
28300,23,0.999091
28310,27,0.999094
28320,24,0.999096
28330,31,0.999099
28340,25,0.999102
28350,24,0.999105
28360,25,0.999107
28370,23,0.999110
28380,30,0.999113
28390,35,0.999116
28400,32,0.999120
28410,23,0.999122
28420,26,0.999125
28430,18,0.999127
28440,22,0.999129
28450,24,0.999132
28460,15,0.999133
28470,22,0.999136
28480,29,0.999139
28490,20,0.999141
28500,13,0.999142
28510,24,0.999145
28520,24,0.999147
28530,21,0.999149
28540,21,0.999152
28550,19,0.999154
28560,22,0.999156
28570,23,0.999158
28580,20,0.999160
28590,21,0.999163
28600,17,0.999164
28610,21,0.999167
28620,17,0.999168
28630,15,0.999170
28640,23,0.999172
28650,27,0.999175
28660,19,0.999177
28670,20,0.999179
28680,19,0.999181
28690,23,0.999184
28700,20,0.999186
28710,15,0.999187
28720,18,0.999189
28730,20,0.999192
28740,20,0.999194
28750,22,0.999196
28760,16,0.999198
28770,21,0.999200
28780,25,0.999202
28790,18,0.999204
28800,15,0.999206
28810,19,0.999208
28820,16,0.999210
28830,17,0.999211
28840,21,0.999214
28850,10,0.999215
28860,18,0.999217
28870,15,0.999218
28880,23,0.999221
28890,22,0.999223
28900,23,0.999225
28910,25,0.999228
28920,27,0.999231
28930,15,0.999232
28940,17,0.999234
28950,17,0.999236
28960,20,0.999238
28970,20,0.999240
28980,14,0.999242
28990,13,0.999243
29000,16,0.999245
29010,22,0.999247
29020,18,0.999249
29030,22,0.999251
29040,28,0.999254
29050,14,0.999256
29060,18,0.999258
29070,13,0.999259
29080,23,0.999261
29090,16,0.999263
29100,26,0.999266
29110,17,0.999268
29120,23,0.999270
29130,19,0.999272
29140,16,0.999274
29150,14,0.999275
29160,27,0.999278
29170,19,0.999280
29180,19,0.999282
29190,14,0.999283
29200,18,0.999285
29210,13,0.999287
29220,13,0.999288
29230,17,0.999290
29240,21,0.999292
29250,19,0.999294
29260,12,0.999295
29270,16,0.999297
29280,17,0.999299
29290,20,0.999301
29300,24,0.999303
29310,15,0.999305
29320,8,0.999306
29330,13,0.999307
29340,14,0.999309
29350,16,0.999310
29360,13,0.999312
29370,20,0.999314
29380,18,0.999316
29390,7,0.999316
29400,20,0.999319
29410,12,0.999320
29420,19,0.999322
29430,7,0.999323
29440,20,0.999325
29450,12,0.999326
29460,16,0.999328
29470,16,0.999329
29480,10,0.999330
29490,10,0.999331
29500,12,0.999333
29510,7,0.999333
29520,14,0.999335
29530,8,0.999336
29540,15,0.999337
29550,12,0.999339
29560,14,0.999340
29570,12,0.999341
29580,6,0.999342
29590,14,0.999343
29600,6,0.999344
29610,18,0.999346
29620,16,0.999348
29630,13,0.999349
29640,16,0.999351
29650,19,0.999353
29660,17,0.999354
29670,18,0.999356
29680,16,0.999358
29690,12,0.999359
29700,10,0.999360
29710,15,0.999362
29720,10,0.999363
29730,11,0.999364
29740,10,0.999365
29750,16,0.999367
29760,10,0.999368
29770,15,0.999370
29780,15,0.999371
29790,12,0.999372
29800,12,0.999374
29810,10,0.999375
29820,9,0.999376
29830,20,0.999378
29840,12,0.999379
29850,10,0.999380
29860,14,0.999381
29870,11,0.999383
29880,6,0.999383
29890,9,0.999384
29900,10,0.999385
29910,8,0.999386
29920,10,0.999387
29930,13,0.999389
29940,8,0.999389
29950,10,0.999390
29960,16,0.999392
29970,6,0.999393
29980,13,0.999394
29990,7,0.999395
30000,13,0.999396
30010,8,0.999397
30020,13,0.999398
30030,11,0.999400
30040,7,0.999400
30050,10,0.999401
30060,7,0.999402
30070,3,0.999402
30080,7,0.999403
30090,11,0.999404
30100,9,0.999405
30110,18,0.999407
30120,14,0.999409
30130,11,0.999410
30140,9,0.999411
30150,15,0.999412
30160,5,0.999413
30170,14,0.999414
30180,6,0.999415
30190,18,0.999417
30200,15,0.999418
30210,2,0.999419
30220,15,0.999420
30230,9,0.999421
30240,10,0.999422
30250,9,0.999423
30260,8,0.999424
30270,7,0.999425
30280,6,0.999425
30290,15,0.999427
30300,8,0.999428
30310,10,0.999429
30320,6,0.999429
30330,11,0.999431
30340,9,0.999432
30350,8,0.999432
30360,7,0.999433
30370,5,0.999434
30380,9,0.999435
30390,8,0.999435
30400,8,0.999436
30410,7,0.999437
30420,5,0.999438
30430,6,0.999438
30440,11,0.999439
30450,10,0.999440
30460,7,0.999441
30470,8,0.999442
30480,4,0.999442
30490,13,0.999444
30500,11,0.999445
30510,7,0.999446
30520,11,0.999447
30530,12,0.999448
30540,8,0.999449
30550,12,0.999450
30560,19,0.999452
30570,8,0.999453
30580,10,0.999454
30590,5,0.999455
30600,5,0.999455
30610,9,0.999456
30620,12,0.999457
30630,6,0.999458
30640,15,0.999460
30650,9,0.999461
30660,10,0.999462
30670,11,0.999463
30680,8,0.999464
30690,9,0.999465
30700,11,0.999466
30710,16,0.999467
30720,12,0.999469
30730,7,0.999469
30740,11,0.999471
30750,5,0.999471
30760,6,0.999472
30770,7,0.999472
30780,9,0.999473
30790,13,0.999475
30800,8,0.999476
30810,12,0.999477
30820,9,0.999478
30830,8,0.999479
30840,7,0.999479
30850,9,0.999480
30860,7,0.999481
30870,14,0.999483
30880,7,0.999483
30890,8,0.999484
30900,9,0.999485
30910,9,0.999486
30920,8,0.999487
30930,9,0.999488
30940,3,0.999488
30950,11,0.999489
30960,3,0.999490
30970,7,0.999490
30980,12,0.999492
30990,9,0.999493
31000,3,0.999493
31010,5,0.999493
31020,8,0.999494
31030,8,0.999495
31040,5,0.999496
31050,9,0.999497
31060,2,0.999497
31070,5,0.999497
31080,10,0.999498
31090,4,0.999499
31100,12,0.999500
31110,7,0.999501
31120,4,0.999501
31130,14,0.999503
31140,7,0.999503
31150,10,0.999504
31160,11,0.999506
31170,3,0.999506
31180,9,0.999507
31190,7,0.999508
31200,11,0.999509
31210,9,0.999510
31220,3,0.999510
31230,7,0.999511
31240,7,0.999511
31250,10,0.999513
31260,5,0.999513
31270,9,0.999514
31280,11,0.999515
31290,9,0.999516
31300,8,0.999517
31310,11,0.999518
31320,5,0.999519
31330,6,0.999519
31340,8,0.999520
31350,8,0.999521
31360,14,0.999522
31370,14,0.999524
31380,16,0.999526
31390,10,0.999527
31400,10,0.999528
31410,10,0.999529
31420,10,0.999530
31430,9,0.999531
31440,8,0.999532
31450,12,0.999533
31460,7,0.999534
31470,13,0.999535
31480,8,0.999536
31490,13,0.999537
31500,8,0.999538
31510,6,0.999539
31520,7,0.999539
31530,4,0.999540
31540,5,0.999540
31550,7,0.999541
31560,9,0.999542
31570,12,0.999543
31580,4,0.999544
31590,8,0.999545
31600,9,0.999546
31610,5,0.999546
31620,10,0.999547
31630,12,0.999548
31640,8,0.999549
31650,3,0.999550
31660,5,0.999550
31670,7,0.999551
31680,6,0.999551
31690,4,0.999552
31700,11,0.999553
31710,7,0.999554
31720,4,0.999554
31730,8,0.999555
31740,12,0.999556
31750,8,0.999557
31760,15,0.999559
31770,8,0.999559
31780,2,0.999560
31790,6,0.999560
31800,5,0.999561
31810,11,0.999562
31820,7,0.999563
31830,10,0.999564
31840,9,0.999565
31850,6,0.999565
31860,8,0.999566
31870,13,0.999568
31880,7,0.999568
31890,4,0.999569
31900,9,0.999570
31910,8,0.999571
31920,9,0.999572
31930,10,0.999573
31940,8,0.999573
31950,15,0.999575
31960,10,0.999576
31970,11,0.999577
31980,8,0.999578
31990,5,0.999579
32000,9,0.999579
32010,12,0.999581
32020,11,0.999582
32030,9,0.999583
32040,7,0.999584
32050,8,0.999584
32060,8,0.999585
32070,4,0.999586
32080,7,0.999586
32090,6,0.999587
32100,9,0.999588
32110,8,0.999589
32120,13,0.999590
32130,6,0.999591
32140,12,0.999592
32150,11,0.999593
32160,12,0.999595
32170,10,0.999596
32180,13,0.999597
32190,5,0.999597
32200,11,0.999599
32210,9,0.999600
32220,9,0.999601
32230,9,0.999601
32240,12,0.999603
32250,9,0.999604
32260,14,0.999605
32270,9,0.999606
32280,14,0.999608
32290,12,0.999609
32300,17,0.999611
32310,11,0.999612
32320,15,0.999613
32330,11,0.999615
32340,16,0.999616
32350,15,0.999618
32360,12,0.999619
32370,15,0.999621
32380,11,0.999622
32390,14,0.999623
32400,21,0.999626
32410,12,0.999627
32420,10,0.999628
32430,20,0.999630
32440,19,0.999632
32450,15,0.999633
32460,17,0.999635
32470,9,0.999636
32480,15,0.999638
32490,10,0.999639
32500,13,0.999640
32510,11,0.999641
32520,7,0.999642
32530,5,0.999643
32540,14,0.999644
32550,6,0.999645
32560,7,0.999645
32570,14,0.999647
32580,8,0.999648
32590,14,0.999649
32600,7,0.999650
32610,9,0.999651
32620,10,0.999652
32630,9,0.999653
32640,7,0.999654
32650,10,0.999655
32660,4,0.999655
32670,7,0.999656
32680,11,0.999657
32690,6,0.999658
32700,9,0.999659
32710,15,0.999660
32720,11,0.999661
32730,15,0.999663
32740,13,0.999664
32750,12,0.999666
32760,12,0.999667
32770,12,0.999668
32780,15,0.999670
32790,9,0.999671
32800,8,0.999671
32810,18,0.999673
32820,16,0.999675
32830,13,0.999676
32840,6,0.999677
32850,12,0.999678
32860,15,0.999680
32870,12,0.999681
32880,13,0.999683
32890,16,0.999684
32900,10,0.999685
32910,12,0.999687
32920,10,0.999688
32930,14,0.999689
32940,12,0.999690
32950,12,0.999692
32960,11,0.999693
32970,10,0.999694
32980,11,0.999695
32990,12,0.999696
33000,16,0.999698
33010,15,0.999699
33020,11,0.999701
33030,16,0.999702
33040,10,0.999703
33050,12,0.999705
33060,9,0.999706
33070,18,0.999707
33080,17,0.999709
33090,14,0.999711
33100,14,0.999712
33110,12,0.999713
33120,7,0.999714
33130,16,0.999716
33140,9,0.999717
33150,11,0.999718
33160,6,0.999719
33170,13,0.999720
33180,14,0.999721
33190,9,0.999722
33200,12,0.999724
33210,6,0.999724
33220,7,0.999725
33230,8,0.999726
33240,16,0.999728
33250,9,0.999729
33260,14,0.999730
33270,8,0.999731
33280,7,0.999732
33290,9,0.999733
33300,8,0.999733
33310,10,0.999734
33320,5,0.999735
33330,7,0.999736
33340,1,0.999736
33350,7,0.999737
33360,7,0.999737
33370,8,0.999738
33380,5,0.999739
33390,7,0.999739
33400,8,0.999740
33410,9,0.999741
33420,6,0.999742
33430,7,0.999743
33440,7,0.999743
33450,8,0.999744
33460,8,0.999745
33470,6,0.999746
33480,7,0.999746
33490,11,0.999747
33500,9,0.999748
33510,4,0.999749
33520,8,0.999750
33530,11,0.999751
33540,8,0.999752
33550,6,0.999752
33560,8,0.999753
33570,5,0.999754
33580,9,0.999755
33590,7,0.999755
33600,11,0.999757
33610,9,0.999757
33620,8,0.999758
33630,13,0.999760
33640,6,0.999760
33650,16,0.999762
33660,9,0.999763
33670,11,0.999764
33680,5,0.999765
33690,10,0.999766
33700,12,0.999767
33710,9,0.999768
33720,10,0.999769
33730,12,0.999770
33740,7,0.999771
33750,8,0.999772
33760,10,0.999773
33770,7,0.999774
33780,8,0.999774
33790,3,0.999775
33800,6,0.999775
33810,5,0.999776
33820,14,0.999777
33830,4,0.999778
33840,14,0.999779
33850,14,0.999781
33860,5,0.999781
33870,8,0.999782
33880,2,0.999782
33890,9,0.999783
33900,17,0.999785
33910,10,0.999786
33920,9,0.999787
33930,11,0.999788
33940,7,0.999789
33950,9,0.999790
33960,7,0.999791
33970,11,0.999792
33980,5,0.999792
33990,11,0.999793
34000,12,0.999795
34010,5,0.999795
34020,9,0.999796
34030,8,0.999797
34040,12,0.999798
34050,10,0.999799
34060,11,0.999801
34070,4,0.999801
34080,10,0.999802
34090,5,0.999803
34100,5,0.999803
34110,5,0.999804
34120,3,0.999804
34130,6,0.999805
34140,7,0.999805
34150,6,0.999806
34160,7,0.999807
34170,5,0.999807
34180,8,0.999808
34190,5,0.999809
34200,5,0.999809
34210,3,0.999809
34220,7,0.999810
34230,1,0.999810
34240,7,0.999811
34250,2,0.999811
34260,6,0.999812
34270,5,0.999812
34280,2,0.999813
34290,3,0.999813
34300,2,0.999813
34310,9,0.999814
34320,7,0.999815
34330,5,0.999815
34340,6,0.999816
34350,7,0.999817
34360,4,0.999817
34370,1,0.999817
34380,6,0.999818
34390,3,0.999818
34400,3,0.999818
34410,6,0.999819
34420,2,0.999819
34430,3,0.999820
34440,4,0.999820
34450,3,0.999820
34460,7,0.999821
34470,1,0.999821
34480,4,0.999822
34490,5,0.999822
34500,6,0.999823
34510,4,0.999823
34520,5,0.999824
34530,3,0.999824
34540,8,0.999825
34550,2,0.999825
34560,2,0.999825
34570,10,0.999826
34580,8,0.999827
34590,8,0.999828
34600,9,0.999829
34610,4,0.999829
34620,6,0.999830
34630,5,0.999831
34640,7,0.999831
34650,9,0.999832
34660,6,0.999833
34670,5,0.999833
34680,6,0.999834
34690,13,0.999835
34700,6,0.999836
34710,4,0.999836
34720,8,0.999837
34730,4,0.999838
34740,8,0.999839
34750,4,0.999839
34760,7,0.999840
34770,5,0.999840
34780,6,0.999841
34790,5,0.999841
34800,4,0.999842
34810,2,0.999842
34820,12,0.999843
34830,7,0.999844
34840,9,0.999845
34850,8,0.999846
34860,5,0.999846
34870,5,0.999847
34880,5,0.999847
34890,3,0.999848
34900,10,0.999849
34910,8,0.999850
34920,4,0.999850
34930,4,0.999850
34940,4,0.999851
34950,2,0.999851
34960,7,0.999852
34970,6,0.999852
34980,6,0.999853
34990,6,0.999854
35000,2,0.999854
35010,4,0.999854
35020,5,0.999855
35030,4,0.999855
35040,5,0.999856
35050,3,0.999856
35060,4,0.999857
35070,3,0.999857
35090,2,0.999857
35100,4,0.999857
35110,1,0.999858
35120,1,0.999858
35130,7,0.999858
35150,1,0.999859
35160,3,0.999859
35170,1,0.999859
35190,1,0.999859
35200,2,0.999859
35210,1,0.999859
35220,5,0.999860
35230,3,0.999860
35240,2,0.999860
35250,2,0.999861
35260,4,0.999861
35270,6,0.999862
35280,1,0.999862
35290,3,0.999862
35300,1,0.999862
35310,1,0.999862
35320,7,0.999863
35330,4,0.999864
35340,4,0.999864
35350,2,0.999864
35360,4,0.999865
35370,10,0.999866
35380,5,0.999866
35390,3,0.999866
35400,7,0.999867
35410,8,0.999868
35430,3,0.999868
35440,7,0.999869
35450,7,0.999870
35460,6,0.999870
35470,5,0.999871
35480,9,0.999872
35490,6,0.999873
35500,4,0.999873
35510,5,0.999873
35520,3,0.999874
35530,4,0.999874
35540,3,0.999875
35550,5,0.999875
35560,4,0.999875
35570,9,0.999876
35580,3,0.999877
35590,2,0.999877
35610,6,0.999878
35620,4,0.999878
35630,1,0.999878
35650,1,0.999878
35660,2,0.999878
35670,4,0.999879
35680,2,0.999879
35700,3,0.999879
35710,2,0.999880
35720,1,0.999880
35730,1,0.999880
35760,1,0.999880
35770,2,0.999880
35780,3,0.999880
35810,3,0.999881
35820,1,0.999881
35830,4,0.999881
35840,1,0.999881
35850,2,0.999882
35870,1,0.999882
35880,2,0.999882
35890,1,0.999882
35910,3,0.999882
35920,1,0.999882
35930,1,0.999883
35960,1,0.999883
35970,1,0.999883
35980,3,0.999883
35990,1,0.999883
36000,1,0.999883
36010,1,0.999883
36050,1,0.999883
36060,1,0.999884
36070,1,0.999884
36080,2,0.999884
36090,1,0.999884
36120,1,0.999884
36130,3,0.999884
36140,3,0.999885
36150,1,0.999885
36160,1,0.999885
36170,2,0.999885
36190,1,0.999885
36200,6,0.999886
36210,2,0.999886
36220,5,0.999887
36230,2,0.999887
36240,3,0.999887
36260,1,0.999887
36280,2,0.999887
36290,2,0.999888
36310,1,0.999888
36320,3,0.999888
36330,3,0.999888
36350,1,0.999889
36360,1,0.999889
36370,1,0.999889
36390,2,0.999889
36400,1,0.999889
36410,1,0.999889
36420,2,0.999889
36430,2,0.999890
36440,3,0.999890
36450,3,0.999890
36460,2,0.999890
36470,3,0.999891
36490,1,0.999891
36510,2,0.999891
36520,1,0.999891
36540,3,0.999891
36550,2,0.999892
36560,2,0.999892
36570,1,0.999892
36580,2,0.999892
36600,1,0.999892
36610,2,0.999893
36620,1,0.999893
36640,2,0.999893
36660,5,0.999893
36670,4,0.999894
36680,1,0.999894
36690,3,0.999894
36700,1,0.999894
36710,3,0.999895
36720,2,0.999895
36730,2,0.999895
36740,1,0.999895
36750,1,0.999895
36760,1,0.999895
36780,1,0.999895
36790,4,0.999896
36800,1,0.999896
36810,1,0.999896
36820,5,0.999897
36830,4,0.999897
36840,2,0.999897
36850,1,0.999897
36860,1,0.999897
36870,3,0.999898
36880,1,0.999898
36890,4,0.999898
36900,2,0.999899
36910,2,0.999899
36940,1,0.999899
36950,1,0.999899
36960,3,0.999899
36980,1,0.999899
36990,1,0.999899
37000,1,0.999900
37010,1,0.999900
37030,1,0.999900
37050,3,0.999900
37060,1,0.999900
37070,1,0.999900
37080,2,0.999901
37090,1,0.999901
37100,1,0.999901
37110,2,0.999901
37120,3,0.999901
37130,1,0.999901
37140,2,0.999902
37150,2,0.999902
37160,5,0.999902
37170,1,0.999902
37190,5,0.999903
37210,3,0.999903
37220,1,0.999903
37230,3,0.999904
37240,3,0.999904
37250,5,0.999905
37260,5,0.999905
37270,5,0.999906
37290,3,0.999906
37300,2,0.999906
37310,2,0.999906
37320,4,0.999907
37330,3,0.999907
37340,3,0.999907
37350,3,0.999908
37370,4,0.999908
37380,5,0.999909
37390,3,0.999909
37400,1,0.999909
37410,2,0.999909
37420,1,0.999909
37440,3,0.999910
37450,3,0.999910
37460,3,0.999910
37470,5,0.999911
37480,1,0.999911
37490,4,0.999911
37500,1,0.999911
37510,1,0.999912
37520,2,0.999912
37530,1,0.999912
37540,2,0.999912
37550,1,0.999912
37560,3,0.999913
37570,4,0.999913
37580,2,0.999913
37590,2,0.999913
37600,5,0.999914
37610,3,0.999914
37620,3,0.999915
37630,3,0.999915
37640,2,0.999915
37650,3,0.999915
37660,1,0.999915
37670,3,0.999916
37680,1,0.999916
37690,3,0.999916
37700,2,0.999916
37710,1,0.999917
37720,2,0.999917
37730,6,0.999917
37740,2,0.999918
37750,3,0.999918
37770,3,0.999918
37780,1,0.999918
37840,1,0.999918
37860,1,0.999919
37880,2,0.999919
37900,2,0.999919
37910,1,0.999919
37920,2,0.999919
37930,2,0.999919
37940,1,0.999920
37950,1,0.999920
37960,3,0.999920
37970,2,0.999920
37980,1,0.999920
37990,3,0.999921
38000,3,0.999921
38010,2,0.999921
38020,4,0.999922
38030,4,0.999922
38040,5,0.999923
38050,2,0.999923
38060,5,0.999923
38070,1,0.999923
38080,1,0.999923
38090,3,0.999924
38100,2,0.999924
38110,1,0.999924
38120,2,0.999924
38130,2,0.999925
38140,1,0.999925
38150,2,0.999925
38170,5,0.999925
38180,2,0.999926
38190,2,0.999926
38200,2,0.999926
38210,2,0.999926
38230,5,0.999927
38240,1,0.999927
38260,2,0.999927
38270,2,0.999927
38280,2,0.999927
38290,4,0.999928
38310,1,0.999928
38320,2,0.999928
38330,1,0.999928
38340,1,0.999928
38350,1,0.999929
38360,1,0.999929
38370,2,0.999929
38380,2,0.999929
38400,1,0.999929
38410,3,0.999929
38420,1,0.999930
38430,1,0.999930
38450,2,0.999930
38460,3,0.999930
38470,3,0.999931
38480,5,0.999931
38490,3,0.999931
38500,3,0.999932
38510,2,0.999932
38520,1,0.999932
38530,5,0.999933
38540,2,0.999933
38550,1,0.999933
38560,3,0.999933
38570,3,0.999933
38580,1,0.999934
38590,1,0.999934
38600,4,0.999934
38610,3,0.999934
38620,1,0.999935
38630,2,0.999935
38640,1,0.999935
38650,3,0.999935
38660,4,0.999936
38690,1,0.999936
38700,1,0.999936
38710,1,0.999936
38720,2,0.999936
38740,1,0.999936
38760,1,0.999936
38770,1,0.999936
38820,2,0.999937
38830,1,0.999937
38840,1,0.999937
38870,1,0.999937
38880,1,0.999937
38890,1,0.999937
38940,1,0.999937
38960,1,0.999937
39000,1,0.999937
39030,2,0.999938
39040,1,0.999938
39060,1,0.999938
39090,1,0.999938
39100,1,0.999938
39110,2,0.999938
39150,1,0.999938
39180,2,0.999939
39200,1,0.999939
39210,2,0.999939
39220,2,0.999939
39230,2,0.999939
39240,1,0.999940
39250,1,0.999940
39260,1,0.999940
39270,2,0.999940
39280,4,0.999940
39290,1,0.999940
39300,1,0.999941
39330,1,0.999941
39340,1,0.999941
39350,2,0.999941
39370,1,0.999941
39380,2,0.999941
39400,1,0.999941
39410,1,0.999941
39420,1,0.999942
39430,1,0.999942
39440,2,0.999942
39450,2,0.999942
39480,1,0.999942
39520,1,0.999942
39550,2,0.999943
39570,1,0.999943
39580,1,0.999943
39600,1,0.999943
39640,2,0.999943
39650,1,0.999943
39660,3,0.999943
39670,2,0.999944
39690,1,0.999944
39710,2,0.999944
39720,2,0.999944
39730,1,0.999944
39740,2,0.999945
39750,2,0.999945
39760,2,0.999945
39770,1,0.999945
39780,1,0.999945
39790,1,0.999945
39820,1,0.999945
39850,1,0.999945
39870,2,0.999946
39880,2,0.999946
39900,2,0.999946
39910,1,0.999946
39920,1,0.999946
39930,1,0.999946
39960,2,0.999947
39970,1,0.999947
39980,1,0.999947
39990,1,0.999947
40000,1,0.999947
40010,1,0.999947
40020,4,0.999948
40030,2,0.999948
40040,1,0.999948
40050,1,0.999948
40060,4,0.999948
40080,2,0.999949
40130,3,0.999949
40140,2,0.999949
40150,1,0.999949
40180,2,0.999949
40190,1,0.999950
40200,1,0.999950
40210,2,0.999950
40230,1,0.999950
40240,1,0.999950
40250,2,0.999950
40270,1,0.999950
40280,3,0.999951
40290,1,0.999951
40300,2,0.999951
40310,1,0.999951
40340,1,0.999951
40360,2,0.999951
40370,3,0.999952
40380,1,0.999952
40390,3,0.999952
40400,5,0.999953
40410,1,0.999953
40430,2,0.999953
40440,5,0.999954
40450,3,0.999954
40460,3,0.999954
40470,3,0.999955
40480,1,0.999955
40490,2,0.999955
40500,1,0.999955
40510,4,0.999955
40520,1,0.999955
40530,5,0.999956
40560,3,0.999956
40570,1,0.999956
40580,4,0.999957
40590,1,0.999957
40600,2,0.999957
40610,2,0.999957
40620,2,0.999958
40630,4,0.999958
40640,1,0.999958
40670,2,0.999958
40680,3,0.999959
40700,4,0.999959
40740,1,0.999959
40750,1,0.999959
40760,4,0.999960
40770,2,0.999960
40780,1,0.999960
40810,2,0.999960
40820,1,0.999960
40850,1,0.999960
40870,2,0.999961
40880,1,0.999961
40900,2,0.999961
40910,1,0.999961
40930,3,0.999961
40940,2,0.999962
40950,2,0.999962
40970,2,0.999962
40990,1,0.999962
41000,1,0.999962
41020,1,0.999962
41040,1,0.999962
41060,1,0.999963
41070,2,0.999963
41080,1,0.999963
41090,1,0.999963
41110,1,0.999963
41130,3,0.999963
41140,2,0.999964
41150,1,0.999964
41170,1,0.999964
41210,1,0.999964
41270,1,0.999964
41320,1,0.999964
41370,2,0.999964
41380,1,0.999964
41390,1,0.999965
41400,2,0.999965
41410,2,0.999965
41420,1,0.999965
41430,3,0.999965
41450,2,0.999966
41480,1,0.999966
41500,1,0.999966
41510,1,0.999966
41520,4,0.999966
41530,1,0.999966
41540,1,0.999967
41550,3,0.999967
41560,1,0.999967
41570,3,0.999967
41580,3,0.999968
41590,1,0.999968
41600,3,0.999968
41610,1,0.999968
41620,4,0.999969
41630,2,0.999969
41640,6,0.999969
41650,2,0.999970
41660,1,0.999970
41670,1,0.999970
41680,4,0.999970
41690,3,0.999971
41700,2,0.999971
41710,3,0.999971
41720,2,0.999971
41730,2,0.999971
41740,1,0.999972
41750,3,0.999972
41770,3,0.999972
41790,1,0.999972
41800,1,0.999972
41810,2,0.999973
41820,1,0.999973
41830,2,0.999973
41880,1,0.999973
41920,2,0.999973
41940,1,0.999973
41950,1,0.999973
42010,1,0.999974
42020,1,0.999974
42070,1,0.999974
42080,1,0.999974
42100,1,0.999974
44000,2,0.999974
44040,1,0.999974
44050,1,0.999974
44080,1,0.999975
44090,2,0.999975
44110,1,0.999975
44120,1,0.999975
44180,1,0.999975
44190,3,0.999975
44200,2,0.999976
44220,1,0.999976
44230,3,0.999976
44250,1,0.999976
44270,2,0.999976
44280,1,0.999976
44290,1,0.999977
44300,1,0.999977
44320,1,0.999977
44330,1,0.999977
44360,2,0.999977
44370,1,0.999977
44380,1,0.999977
44410,1,0.999977
44420,1,0.999977
44430,2,0.999978
44450,3,0.999978
44460,2,0.999978
44490,1,0.999978
44500,1,0.999978
44510,1,0.999979
44530,5,0.999979
44540,1,0.999979
44550,1,0.999979
44560,1,0.999979
44570,1,0.999979
44590,2,0.999980
44660,1,0.999980
44690,2,0.999980
44740,1,0.999980
44830,1,0.999980
44890,1,0.999980
44920,1,0.999980
44940,1,0.999981
44980,1,0.999981
45000,1,0.999981
45030,2,0.999981
45090,1,0.999981
45100,1,0.999981
45120,1,0.999981
45150,1,0.999981
45170,1,0.999981
45180,1,0.999982
45250,2,0.999982
45260,2,0.999982
45460,1,0.999982
45480,1,0.999982
45510,1,0.999982
45520,2,0.999983
45550,3,0.999983
45570,1,0.999983
45580,2,0.999983
45590,2,0.999983
45610,2,0.999984
45620,2,0.999984
45630,2,0.999984
45640,2,0.999984
45650,1,0.999984
45660,1,0.999984
45670,2,0.999985
45680,4,0.999985
45690,3,0.999985
45700,2,0.999986
45710,2,0.999986
45720,1,0.999986
45730,1,0.999986
45740,2,0.999986
45760,2,0.999986
45770,1,0.999987
45780,2,0.999987
45790,1,0.999987
45800,3,0.999987
45810,1,0.999987
45840,1,0.999987
45850,1,0.999987
45860,1,0.999988
45890,2,0.999988
45910,1,0.999988
45960,2,0.999988
45980,1,0.999988
46000,1,0.999988
46040,1,0.999988
46050,1,0.999989
46100,1,0.999989
46300,1,0.999989
46320,1,0.999989
46380,1,0.999989
46400,1,0.999989
46430,1,0.999989
46450,1,0.999989
46480,1,0.999989
46490,2,0.999990
46540,1,0.999990
46560,1,0.999990
46600,1,0.999990
46620,1,0.999990
46700,1,0.999990
46740,1,0.999990
49360,1,0.999990
49380,1,0.999990
49420,2,0.999991
49430,1,0.999991
49460,1,0.999991
49480,1,0.999991
49490,1,0.999991
49510,1,0.999991
49520,3,0.999991
49550,2,0.999992
49570,2,0.999992
49620,2,0.999992
49630,1,0.999992
49670,2,0.999992
49680,5,0.999993
49690,1,0.999993
49700,1,0.999993
49710,2,0.999993
49720,1,0.999994
49730,2,0.999994
49750,1,0.999994
49780,1,0.999994
49810,1,0.999994
49920,1,0.999994
49960,1,0.999994
50000,1,0.999994
50050,1,0.999994
50060,1,0.999995
50070,2,0.999995
50080,1,0.999995
50090,1,0.999995
50100,1,0.999995
50120,1,0.999995
50130,1,0.999995
50150,2,0.999995
50160,1,0.999996
50170,1,0.999996
50200,2,0.999996
50210,1,0.999996
50230,1,0.999996
50260,1,0.999996
50300,1,0.999996
50310,1,0.999996
50320,2,0.999997
50330,2,0.999997
50340,1,0.999997
50350,1,0.999997
50360,1,0.999997
50410,1,0.999997
50440,1,0.999997
50470,1,0.999997
50870,1,0.999998
50960,1,0.999998
50980,1,0.999998
51060,1,0.999998
51080,1,0.999998
51090,1,0.999998
51100,1,0.999998
51120,2,0.999998
51140,1,0.999999
51200,1,0.999999
51230,1,0.999999
51260,1,0.999999
51290,2,0.999999
51310,1,0.999999
51400,3,0.999999
51420,1,1.000000
51620,3,1.000000
51630,1,1.000000
