#latency,cnt,cdf
50,9,0.000001
60,15,0.000002
70,17,0.000004
80,13,0.000005
90,9,0.000006
100,13,0.000008
110,18,0.000009
120,13,0.000011
130,23,0.000013
140,16,0.000015
150,18,0.000016
160,20,0.000018
170,25,0.000021
180,29,0.000024
190,29,0.000027
200,29,0.000030
210,23,0.000032
220,24,0.000034
230,26,0.000037
240,24,0.000039
250,31,0.000042
260,30,0.000045
270,19,0.000047
280,21,0.000049
290,21,0.000052
300,16,0.000053
310,24,0.000056
320,23,0.000058
330,12,0.000059
340,19,0.000061
350,17,0.000063
360,13,0.000064
370,15,0.000065
380,21,0.000068
390,21,0.000070
400,21,0.000072
410,16,0.000073
420,31,0.000076
430,13,0.000078
440,21,0.000080
450,25,0.000082
460,19,0.000084
470,19,0.000086
480,16,0.000088
490,22,0.000090
500,19,0.000092
510,22,0.000094
520,13,0.000095
530,18,0.000097
540,17,0.000099
550,19,0.000101
560,28,0.000104
570,9,0.000104
580,16,0.000106
590,19,0.000108
600,26,0.000111
610,25,0.000113
620,20,0.000115
630,23,0.000117
640,24,0.000120
650,39,0.000124
660,21,0.000126
670,19,0.000128
680,23,0.000130
690,20,0.000132
700,26,0.000135
710,31,0.000138
720,22,0.000140
730,28,0.000143
740,23,0.000145
750,15,0.000146
760,22,0.000149
770,25,0.000151
780,30,0.000154
790,27,0.000157
800,26,0.000159
810,23,0.000162
820,32,0.000165
830,33,0.000168
840,34,0.000172
850,38,0.000175
860,38,0.000179
870,26,0.000182
880,31,0.000185
890,38,0.000189
900,28,0.000192
910,25,0.000194
920,28,0.000197
930,38,0.000201
940,40,0.000205
950,31,0.000208
960,26,0.000210
970,28,0.000213
980,37,0.000217
990,37,0.000221
1000,48,0.000225
1010,34,0.000229
1020,28,0.000232
1030,36,0.000235
1040,30,0.000238
1050,27,0.000241
1060,26,0.000243
1070,41,0.000248
1080,32,0.000251
1090,37,0.000254
1100,42,0.000259
1110,41,0.000263
1120,32,0.000266
1130,39,0.000270
1140,30,0.000273
1150,51,0.000278
1160,31,0.000281
1170,40,0.000285
1180,40,0.000289
1190,38,0.000293
1200,33,0.000296
1210,25,0.000299
1220,26,0.000301
1230,35,0.000305
1240,33,0.000308
1250,40,0.000312
1260,36,0.000316
1270,47,0.000320
1280,46,0.000325
1290,41,0.000329
1300,35,0.000333
1310,41,0.000337
1320,46,0.000341
1330,37,0.000345
1340,30,0.000348
1350,42,0.000352
1360,35,0.000356
1370,32,0.000359
1380,49,0.000364
1390,28,0.000367
1400,47,0.000371
1410,42,0.000375
1420,31,0.000379
1430,36,0.000382
1440,43,0.000386
1450,31,0.000390
1460,47,0.000394
1470,36,0.000398
1480,34,0.000401
1490,53,0.000407
1500,50,0.000412
1510,33,0.000415
1520,36,0.000418
1530,30,0.000421
1540,43,0.000426
1550,58,0.000432
1560,43,0.000436
1570,32,0.000439
1580,54,0.000444
1590,37,0.000448
1600,63,0.000454
1610,46,0.000459
1620,61,0.000465
1630,61,0.000471
1640,54,0.000477
1650,43,0.000481
1660,51,0.000486
1670,49,0.000491
1680,47,0.000496
1690,47,0.000500
1700,52,0.000506
1710,67,0.000512
1720,52,0.000517
1730,60,0.000523
1740,55,0.000529
1750,60,0.000535
1760,64,0.000541
1770,59,0.000547
1780,58,0.000553
1790,70,0.000560
1800,72,0.000567
1810,80,0.000575
1820,72,0.000582
1830,84,0.000591
1840,71,0.000598
1850,95,0.000607
1860,92,0.000617
1870,90,0.000626
1880,91,0.000635
1890,92,0.000644
1900,79,0.000652
1910,96,0.000661
1920,86,0.000670
1930,94,0.000679
1940,101,0.000690
1950,107,0.000700
1960,101,0.000710
1970,114,0.000722
1980,114,0.000733
1990,109,0.000744
2000,111,0.000755
2010,142,0.000769
2020,131,0.000782
2030,136,0.000796
2040,131,0.000809
2050,136,0.000823
2060,127,0.000835
2070,150,0.000850
2080,164,0.000867
2090,131,0.000880
2100,185,0.000898
2110,174,0.000916
2120,209,0.000937
2130,180,0.000955
2140,198,0.000975
2150,180,0.000993
2160,198,0.001012
2170,203,0.001033
2180,211,0.001054
2190,227,0.001076
2200,218,0.001098
2210,261,0.001124
2220,261,0.001150
2230,257,0.001176
2240,244,0.001201
2250,303,0.001231
2260,304,0.001261
2270,278,0.001289
2280,279,0.001317
2290,298,0.001347
2300,294,0.001376
2310,377,0.001414
2320,352,0.001449
2330,388,0.001488
2340,349,0.001523
2350,373,0.001560
2360,381,0.001598
2370,387,0.001637
2380,418,0.001679
2390,403,0.001719
2400,445,0.001763
2410,429,0.001806
2420,487,0.001855
2430,477,0.001903
2440,464,0.001949
2450,515,0.002001
2460,545,0.002055
2470,531,0.002108
2480,542,0.002162
2490,540,0.002216
2500,530,0.002269
2510,494,0.002319
2520,574,0.002376
2530,637,0.002440
2540,626,0.002503
2550,608,0.002563
2560,644,0.002628
2570,702,0.002698
2580,712,0.002769
2590,673,0.002836
2600,630,0.002899
2610,730,0.002972
2620,801,0.003053
2630,794,0.003132
2640,763,0.003208
2650,833,0.003292
2660,855,0.003377
2670,801,0.003457
2680,854,0.003543
2690,913,0.003634
2700,924,0.003726
2710,869,0.003813
2720,892,0.003902
2730,918,0.003994
2740,974,0.004092
2750,1000,0.004192
2760,1056,0.004297
2770,996,0.004397
2780,1102,0.004507
2790,1112,0.004618
2800,1094,0.004728
2810,1162,0.004844
2820,1182,0.004962
2830,1095,0.005071
2840,1191,0.005191
2850,1167,0.005307
2860,1240,0.005431
2870,1248,0.005556
2880,1261,0.005682
2890,1311,0.005813
2900,1316,0.005945
2910,1367,0.006082
2920,1477,0.006229
2930,1412,0.006370
2940,1396,0.006510
2950,1419,0.006652
2960,1525,0.006804
2970,1571,0.006962
2980,1561,0.007118
2990,1594,0.007277
3000,1603,0.007437
3010,1706,0.007608
3020,1722,0.007780
3030,1753,0.007955
3040,1761,0.008132
3050,1779,0.008309
3060,1803,0.008490
3070,1867,0.008676
3080,1930,0.008869
3090,1976,0.009067
3100,2015,0.009269
3110,2040,0.009473
3120,1964,0.009669
3130,1968,0.009866
3140,2139,0.010080
3150,2182,0.010298
3160,2266,0.010524
3170,2296,0.010754
3180,2193,0.010973
3190,2220,0.011195
3200,2363,0.011432
3210,2442,0.011676
3220,2470,0.011923
3230,2460,0.012169
3240,2658,0.012435
3250,2612,0.012696
3260,2615,0.012957
3270,2698,0.013227
3280,2652,0.013492
3290,2871,0.013779
3300,2822,0.014062
3310,2878,0.014349
3320,2889,0.014638
3330,3071,0.014945
3340,3023,0.015248
3350,3087,0.015556
3360,3165,0.015873
3370,3221,0.016195
3380,3404,0.016535
3390,3328,0.016868
3400,3488,0.017217
3410,3383,0.017555
3420,3408,0.017896
3430,3593,0.018255
3440,3639,0.018619
3450,3686,0.018988
3460,3847,0.019373
3470,3792,0.019752
3480,3980,0.020150
3490,3939,0.020544
3500,3956,0.020939
3510,4054,0.021345
3520,4335,0.021778
3530,4227,0.022201
3540,4332,0.022634
3550,4523,0.023086
3560,4418,0.023528
3570,4682,0.023996
3580,4690,0.024465
3590,4679,0.024933
3600,4775,0.025411
3610,5010,0.025912
3620,5064,0.026418
3630,5047,0.026923
3640,5184,0.027441
3650,5268,0.027968
3660,5411,0.028509
3670,5589,0.029068
3680,5559,0.029624
3690,5756,0.030200
3700,5986,0.030798
3710,6045,0.031403
3720,6178,0.032021
3730,6062,0.032627
3740,6351,0.033262
3750,6485,0.033910
3760,6607,0.034571
3770,6506,0.035222
3780,6697,0.035891
3790,6991,0.036590
3800,7064,0.037297
3810,7011,0.037998
3820,7350,0.038733
3830,7496,0.039483
3840,7736,0.040256
3850,7616,0.041018
3860,7845,0.041802
3870,7956,0.042598
3880,8197,0.043418
3890,8343,0.044252
3900,8533,0.045105
3910,8646,0.045970
3920,8896,0.046859
3930,9107,0.047770
3940,9111,0.048681
3950,9201,0.049601
3960,9540,0.050555
3970,9650,0.051520
3980,9718,0.052492
3990,10059,0.053498
4000,10243,0.054522
4010,10371,0.055559
4020,10550,0.056614
4030,10719,0.057686
4040,11065,0.058793
4050,11107,0.059903
4060,11667,0.061070
4070,11536,0.062224
4080,11755,0.063399
4090,12150,0.064614
4100,11962,0.065810
4110,12494,0.067060
4120,12576,0.068317
4130,12749,0.069592
4140,13107,0.070903
4150,13239,0.072227
4160,13683,0.073595
4170,13753,0.074971
4180,13684,0.076339
4190,14096,0.077749
4200,14275,0.079176
4210,14679,0.080644
4220,15272,0.082171
4230,15291,0.083700
4240,15536,0.085254
4250,15483,0.086802
4260,15951,0.088397
4270,16104,0.090008
4280,16251,0.091633
4290,16399,0.093273
4300,16879,0.094961
4310,17204,0.096681
4320,17220,0.098403
4330,17609,0.100164
4340,17919,0.101956
4350,18378,0.103794
4360,18578,0.105651
4370,18875,0.107539
4380,19182,0.109457
4390,19228,0.111380
4400,19621,0.113342
4410,19808,0.115323
4420,20166,0.117339
4430,20277,0.119367
4440,20683,0.121435
4450,21160,0.123551
4460,21104,0.125662
4470,21420,0.127804
4480,21801,0.129984
4490,22063,0.132190
4500,22225,0.134413
4510,22235,0.136636
4520,22915,0.138928
4530,23231,0.141251
4540,23446,0.143595
4550,23639,0.145959
4560,23805,0.148340
4570,24201,0.150760
4580,24513,0.153211
4590,24831,0.155694
4600,25018,0.158196
4610,25322,0.160728
4620,25187,0.163247
4630,25695,0.165816
4640,25963,0.168413
4650,26025,0.171015
4660,26480,0.173663
4670,26776,0.176341
4680,27353,0.179076
4690,27288,0.181805
4700,27614,0.184566
4710,27755,0.187342
4720,28453,0.190187
4730,28415,0.193029
4740,28502,0.195879
4750,28908,0.198770
4760,29298,0.201699
4770,29317,0.204631
4780,29662,0.207597
4790,29763,0.210574
4800,29897,0.213563
4810,30206,0.216584
4820,30283,0.219612
4830,30386,0.222651
4840,30536,0.225704
4850,30802,0.228785
4860,31071,0.231892
4870,31315,0.235023
4880,31476,0.238171
4890,31683,0.241339
4900,31936,0.244533
4910,32004,0.247733
4920,32195,0.250953
4930,31968,0.254149
4940,32228,0.257372
4950,32333,0.260606
4960,32963,0.263902
4970,32840,0.267186
4980,33056,0.270491
4990,33245,0.273816
5000,33542,0.277170
5010,33567,0.280527
5020,33368,0.283864
5030,33513,0.287215
5040,33585,0.290573
5050,33701,0.293944
5060,33777,0.297321
5070,34189,0.300740
5080,34331,0.304173
5090,34409,0.307614
5100,34321,0.311046
5110,34282,0.314474
5120,34457,0.317920
5130,34434,0.321364
5140,34279,0.324791
5150,34603,0.328252
5160,34507,0.331702
5170,34642,0.335167
5180,34424,0.338609
5190,34676,0.342077
5200,34603,0.345537
5210,34524,0.348989
5220,34918,0.352481
5230,34860,0.355967
5240,34672,0.359434
5250,34795,0.362914
5260,34506,0.366364
5270,34681,0.369833
5280,34706,0.373303
5290,34758,0.376779
5300,34288,0.380208
5310,34463,0.383654
5320,34384,0.387092
5330,34377,0.390530
5340,34019,0.393932
5350,34171,0.397349
5360,33957,0.400745
5370,34562,0.404201
5380,34237,0.407625
5390,33630,0.410988
5400,33839,0.414372
5410,33834,0.417755
5420,34024,0.421157
5430,33503,0.424508
5440,33530,0.427861
5450,33942,0.431255
5460,33901,0.434645
5470,33463,0.437991
5480,33057,0.441297
5490,32858,0.444583
5500,32663,0.447849
5510,33073,0.451156
5520,32458,0.454402
5530,32603,0.457663
5540,32554,0.460918
5550,32065,0.464124
5560,32285,0.467353
5570,31921,0.470545
5580,31674,0.473712
5590,31819,0.476894
5600,31402,0.480035
5610,31103,0.483145
5620,31368,0.486282
5630,31032,0.489385
5640,30998,0.492485
5650,30341,0.495519
5660,30462,0.498565
5670,30726,0.501638
5680,30050,0.504643
5690,29930,0.507636
5700,29588,0.510594
5710,29637,0.513558
5720,29494,0.516507
5730,29024,0.519410
5740,29369,0.522347
5750,28584,0.525205
5760,28596,0.528065
5770,28611,0.530926
5780,28245,0.533750
5790,28221,0.536572
5800,28010,0.539373
5810,27970,0.542170
5820,27252,0.544896
5830,27641,0.547660
5840,26937,0.550353
5850,26963,0.553050
5860,26852,0.555735
5870,26287,0.558364
5880,26264,0.560990
5890,26016,0.563592
5900,26042,0.566196
5910,25712,0.568767
5920,25167,0.571284
5930,25889,0.573873
5940,25087,0.576381
5950,25184,0.578900
5960,24861,0.581386
5970,24865,0.583872
5980,24405,0.586313
5990,24464,0.588759
6000,24200,0.591179
6010,24053,0.593585
6020,23765,0.595961
6030,23357,0.598297
6040,23114,0.600608
6050,23255,0.602934
6060,22926,0.605226
6070,22619,0.607488
6080,22683,0.609756
6090,22452,0.612002
6100,21867,0.614188
6110,21719,0.616360
6120,21951,0.618555
6130,21814,0.620737
6140,21339,0.622871
6150,21204,0.624991
6160,21215,0.627113
6170,21016,0.629214
6180,20563,0.631270
6190,20812,0.633352
6200,20403,0.635392
6210,20398,0.637432
6220,19932,0.639425
6230,19887,0.641414
6240,19598,0.643373
6250,19450,0.645318
6260,19372,0.647256
6270,19018,0.649157
6280,19000,0.651057
6290,18839,0.652941
6300,18687,0.654810
6310,18703,0.656680
6320,18397,0.658520
6330,18045,0.660325
6340,18050,0.662130
6350,17808,0.663910
6360,17933,0.665704
6370,17821,0.667486
6380,17744,0.669260
6390,17280,0.670988
6400,17044,0.672693
6410,17064,0.674399
6420,16865,0.676085
6430,16660,0.677751
6440,16597,0.679411
6450,16143,0.681025
6460,16400,0.682665
6470,16153,0.684281
6480,15664,0.685847
6490,15713,0.687418
6500,15494,0.688968
6510,15403,0.690508
6520,15382,0.692046
6530,15136,0.693560
6540,15046,0.695065
6550,14853,0.696550
6560,14860,0.698036
6570,14814,0.699517
6580,14501,0.700967
6590,14628,0.702430
6600,14266,0.703857
6610,14514,0.705308
6620,14332,0.706741
6630,13985,0.708140
6640,13777,0.709518
6650,13751,0.710893
6660,13685,0.712261
6670,13497,0.713611
6680,13482,0.714959
6690,13240,0.716283
6700,13250,0.717608
6710,13040,0.718912
6720,13029,0.720215
6730,13169,0.721532
6740,12816,0.722813
6750,12725,0.724086
6760,12657,0.725352
6770,12748,0.726626
6780,12648,0.727891
6790,12370,0.729128
6800,12455,0.730374
6810,12365,0.731610
6820,12396,0.732850
6830,12129,0.734063
6840,12289,0.735292
6850,11998,0.736492
6860,11978,0.737689
6870,11924,0.738882
6880,11884,0.740070
6890,11746,0.741245
6900,11672,0.742412
6910,11628,0.743575
6920,11370,0.744712
6930,11488,0.745860
6940,11240,0.746984
6950,11254,0.748110
6960,10995,0.749209
6970,11127,0.750322
6980,11262,0.751448
6990,11006,0.752549
7000,10785,0.753627
7010,10827,0.754710
7020,10894,0.755799
7030,10734,0.756873
7040,10770,0.757950
7050,10606,0.759010
7060,10427,0.760053
7070,10440,0.761097
7080,10615,0.762159
7090,10371,0.763196
7100,10302,0.764226
7110,10302,0.765256
7120,10122,0.766268
7130,10154,0.767284
7140,10169,0.768301
7150,10029,0.769304
7160,10015,0.770305
7170,10060,0.771311
7180,10035,0.772315
7190,9816,0.773296
7200,9829,0.774279
7210,9882,0.775267
7220,9914,0.776259
7230,9834,0.777242
7240,9751,0.778217
7250,9571,0.779174
7260,9671,0.780141
7270,9672,0.781109
7280,9512,0.782060
7290,9550,0.783015
7300,9488,0.783964
7310,9491,0.784913
7320,9424,0.785855
7330,9475,0.786803
7340,9369,0.787739
7350,9187,0.788658
7360,9381,0.789596
7370,9177,0.790514
7380,9201,0.791434
7390,9179,0.792352
7400,9059,0.793258
7410,9222,0.794180
7420,9039,0.795084
7430,8991,0.795983
7440,8893,0.796872
7450,9028,0.797775
7460,9030,0.798678
7470,8917,0.799570
7480,8966,0.800466
7490,8734,0.801340
7500,8923,0.802232
7510,8701,0.803102
7520,8867,0.803989
7530,8910,0.804880
7540,8687,0.805749
7550,8805,0.806629
7560,8863,0.807516
7570,8798,0.808395
7580,8839,0.809279
7590,8780,0.810157
7600,8558,0.811013
7610,8459,0.811859
7620,8742,0.812733
7630,8715,0.813605
7640,8710,0.814476
7650,8806,0.815356
7660,8727,0.816229
7670,8445,0.817073
7680,8482,0.817922
7690,8632,0.818785
7700,8717,0.819656
7710,8542,0.820511
7720,8508,0.821361
7730,8576,0.822219
7740,8611,0.823080
7750,8665,0.823947
7760,8529,0.824800
7770,8500,0.825650
7780,8495,0.826499
7790,8357,0.827335
7800,8441,0.828179
7810,8437,0.829023
7820,8519,0.829874
7830,8496,0.830724
7840,8544,0.831578
7850,8319,0.832410
7860,8247,0.833235
7870,8362,0.834071
7880,8221,0.834893
7890,8431,0.835737
7900,8274,0.836564
7910,8399,0.837404
7920,8132,0.838217
7930,8237,0.839041
7940,8277,0.839868
7950,8135,0.840682
7960,8319,0.841514
7970,8151,0.842329
7980,8227,0.843152
7990,8158,0.843967
8000,8171,0.844784
8010,8192,0.845604
8020,8067,0.846410
8030,8074,0.847218
8040,8151,0.848033
8050,8087,0.848842
8060,8197,0.849661
8070,8125,0.850474
8080,8075,0.851281
8090,8098,0.852091
8100,8035,0.852895
8110,8031,0.853698
8120,7992,0.854497
8130,8063,0.855303
8140,7897,0.856093
8150,8115,0.856904
8160,7833,0.857688
8170,7850,0.858473
8180,8007,0.859273
8190,8064,0.860080
8200,7865,0.860866
8210,7971,0.861663
8220,7787,0.862442
8230,7703,0.863212
8240,7724,0.863985
8250,7786,0.864763
8260,7814,0.865545
8270,7957,0.866340
8280,7806,0.867121
8290,7668,0.867888
8300,7791,0.868667
8310,7861,0.869453
8320,7750,0.870228
8330,7723,0.871000
8340,7666,0.871767
8350,7539,0.872521
8360,7614,0.873282
8370,7435,0.874026
8380,7594,0.874785
8390,7615,0.875547
8400,7550,0.876302
8410,7532,0.877055
8420,7643,0.877819
8430,7509,0.878570
8440,7483,0.879318
8450,7474,0.880066
8460,7431,0.880809
8470,7525,0.881561
8480,7378,0.882299
8490,7352,0.883034
8500,7312,0.883766
8510,7316,0.884497
8520,7362,0.885233
8530,7418,0.885975
8540,7517,0.886727
8550,7307,0.887458
8560,7336,0.888191
8570,7147,0.888906
8580,7223,0.889628
8590,6822,0.890310
8600,7034,0.891014
8610,7206,0.891734
8620,7105,0.892445
8630,7036,0.893148
8640,7068,0.893855
8650,7016,0.894557
8660,6765,0.895233
8670,6991,0.895932
8680,6893,0.896622
8690,6745,0.897296
8700,6712,0.897968
8710,6740,0.898641
8720,6855,0.899327
8730,6731,0.900000
8740,6701,0.900670
8750,6621,0.901332
8760,6554,0.901988
8770,6503,0.902638
8780,6434,0.903281
8790,6529,0.903934
8800,6617,0.904596
8810,6413,0.905237
8820,6482,0.905886
8830,6452,0.906531
8840,6433,0.907174
8850,6202,0.907794
8860,6096,0.908404
8870,6351,0.909039
8880,6294,0.909668
8890,6140,0.910282
8900,6192,0.910901
8910,6111,0.911513
8920,6139,0.912126
8930,5997,0.912726
8940,6183,0.913345
8950,6017,0.913946
8960,6145,0.914561
8970,5992,0.915160
8980,5906,0.915751
8990,5843,0.916335
9000,5817,0.916916
9010,5879,0.917504
9020,5927,0.918097
9030,5836,0.918681
9040,5688,0.919249
9050,5842,0.919834
9060,5565,0.920390
9070,5745,0.920965
9080,5600,0.921525
9090,5539,0.922079
9100,5461,0.922625
9110,5512,0.923176
9120,5416,0.923717
9130,5362,0.924254
9140,5373,0.924791
9150,5393,0.925330
9160,5233,0.925854
9170,5309,0.926385
9180,5217,0.926906
9190,5197,0.927426
9200,5194,0.927945
9210,5090,0.928454
9220,5192,0.928973
9230,5142,0.929488
9240,5159,0.930004
9250,4982,0.930502
9260,4970,0.930999
9270,4968,0.931496
9280,4838,0.931979
9290,4857,0.932465
9300,4842,0.932949
9310,4819,0.933431
9320,4712,0.933902
9330,4696,0.934372
9340,4706,0.934843
9350,4687,0.935311
9360,4521,0.935763
9370,4513,0.936215
9380,4418,0.936656
9390,4463,0.937103
9400,4477,0.937550
9410,4383,0.937989
9420,4328,0.938422
9430,4347,0.938856
9440,4274,0.939284
9450,4253,0.939709
9460,4164,0.940125
9470,4083,0.940534
9480,4071,0.940941
9490,4192,0.941360
9500,4133,0.941773
9510,4018,0.942175
9520,3919,0.942567
9530,3991,0.942966
9540,3943,0.943360
9550,3839,0.943744
9560,3912,0.944135
9570,3860,0.944521
9580,3883,0.944910
9590,3711,0.945281
9600,3803,0.945661
9610,3582,0.946019
9620,3691,0.946388
9630,3644,0.946753
9640,3655,0.947118
9650,3532,0.947472
9660,3524,0.947824
9670,3442,0.948168
9680,3572,0.948525
9690,3406,0.948866
9700,3460,0.949212
9710,3387,0.949551
9720,3348,0.949885
9730,3428,0.950228
9740,3198,0.950548
9750,3374,0.950885
9760,3065,0.951192
9770,3137,0.951506
9780,3171,0.951823
9790,3075,0.952130
9800,3015,0.952432
9810,2995,0.952731
9820,3015,0.953033
9830,3019,0.953335
9840,3001,0.953635
9850,2975,0.953932
9860,3046,0.954237
9870,2932,0.954530
9880,2897,0.954820
9890,2866,0.955106
9900,2889,0.955395
9910,2868,0.955682
9920,2789,0.955961
9930,2774,0.956238
9940,2708,0.956509
9950,2705,0.956780
9960,2743,0.957054
9970,2662,0.957320
9980,2614,0.957582
9990,2609,0.957842
10000,2576,0.958100
10010,2597,0.958360
10020,2610,0.958621
10030,2550,0.958876
10040,2509,0.959127
10050,2478,0.959374
10060,2563,0.959631
10070,2506,0.959881
10080,2471,0.960128
10090,2463,0.960375
10100,2446,0.960619
10110,2495,0.960869
10120,2444,0.961113
10130,2422,0.961356
10140,2386,0.961594
10150,2296,0.961824
10160,2314,0.962055
10170,2343,0.962289
10180,2253,0.962515
10190,2368,0.962752
10200,2266,0.962978
10210,2295,0.963208
10220,2278,0.963435
10230,2259,0.963661
10240,2191,0.963880
10250,2239,0.964104
10260,2210,0.964325
10270,2123,0.964538
10280,2155,0.964753
10290,2160,0.964969
10300,2054,0.965174
10310,2151,0.965390
10320,2061,0.965596
10330,2141,0.965810
10340,2023,0.966012
10350,2068,0.966219
10360,2113,0.966430
10370,2103,0.966640
10380,2104,0.966851
10390,1914,0.967042
10400,1964,0.967239
10410,2002,0.967439
10420,1914,0.967630
10430,1882,0.967818
10440,1978,0.968016
10450,1949,0.968211
10460,1931,0.968404
10470,1908,0.968595
10480,1962,0.968791
10490,1902,0.968982
10500,1865,0.969168
10510,1833,0.969351
10520,1817,0.969533
10530,1864,0.969719
10540,1848,0.969904
10550,1788,0.970083
10560,1848,0.970268
10570,1858,0.970454
10580,1850,0.970639
10590,1797,0.970818
10600,1846,0.971003
10610,1748,0.971178
10620,1868,0.971364
10630,1858,0.971550
10640,1853,0.971736
10650,1777,0.971913
10660,1747,0.972088
10670,1698,0.972258
10680,1770,0.972435
10690,1766,0.972611
10700,1711,0.972782
10710,1767,0.972959
10720,1677,0.973127
10730,1728,0.973300
10740,1738,0.973473
10750,1664,0.973640
10760,1690,0.973809
10770,1711,0.973980
10780,1652,0.974145
10790,1663,0.974311
10800,1610,0.974473
10810,1688,0.974641
10820,1623,0.974804
10830,1670,0.974971
10840,1636,0.975134
10850,1592,0.975293
10860,1600,0.975453
10870,1576,0.975611
10880,1569,0.975768
10890,1571,0.975925
10900,1601,0.976085
10910,1584,0.976243
10920,1606,0.976404
10930,1565,0.976561
10940,1611,0.976722
10950,1628,0.976884
10960,1565,0.977041
10970,1568,0.977198
10980,1527,0.977350
10990,1496,0.977500
11000,1576,0.977658
11010,1553,0.977813
11020,1482,0.977961
11030,1522,0.978113
11040,1589,0.978272
11050,1537,0.978426
11060,1475,0.978574
11070,1492,0.978723
11080,1437,0.978866
11090,1554,0.979022
11100,1483,0.979170
11110,1417,0.979312
11120,1519,0.979464
11130,1545,0.979618
11140,1434,0.979762
11150,1449,0.979906
11160,1419,0.980048
11170,1409,0.980189
11180,1451,0.980334
11190,1419,0.980476
11200,1410,0.980617
11210,1497,0.980767
11220,1422,0.980909
11230,1381,0.981047
11240,1455,0.981193
11250,1402,0.981333
11260,1409,0.981474
11270,1390,0.981613
11280,1367,0.981750
11290,1339,0.981884
11300,1353,0.982019
11310,1359,0.982155
11320,1318,0.982287
11330,1358,0.982422
11340,1350,0.982557
11350,1395,0.982697
11360,1346,0.982831
11370,1320,0.982963
11380,1336,0.983097
11390,1362,0.983233
11400,1241,0.983357
11410,1331,0.983490
11420,1292,0.983620
11430,1237,0.983743
11440,1332,0.983877
11450,1259,0.984002
11460,1271,0.984129
11470,1230,0.984253
11480,1271,0.984380
11490,1232,0.984503
11500,1264,0.984629
11510,1335,0.984763
11520,1234,0.984886
11530,1230,0.985009
11540,1217,0.985131
11550,1249,0.985256
11560,1279,0.985384
11570,1146,0.985498
11580,1254,0.985624
11590,1236,0.985747
11600,1148,0.985862
11610,1124,0.985974
11620,1187,0.986093
11630,1110,0.986204
11640,1132,0.986317
11650,1177,0.986435
11660,1148,0.986550
11670,1126,0.986662
11680,1208,0.986783
11690,1206,0.986904
11700,1146,0.987018
11710,1152,0.987134
11720,1148,0.987248
11730,1146,0.987363
11740,1115,0.987475
11750,1135,0.987588
11760,1092,0.987697
11770,1086,0.987806
11780,1091,0.987915
11790,1076,0.988023
11800,1191,0.988142
11810,1093,0.988251
11820,1040,0.988355
11830,1042,0.988459
11840,1027,0.988562
11850,1027,0.988665
11860,1111,0.988776
11870,1020,0.988878
11880,1044,0.988982
11890,1059,0.989088
11900,1007,0.989189
11910,1038,0.989292
11920,1033,0.989396
11930,959,0.989492
11940,1019,0.989594
11950,1034,0.989697
11960,1043,0.989801
11970,968,0.989898
11980,957,0.989994
11990,925,0.990086
12000,935,0.990180
12010,939,0.990274
12020,925,0.990366
12030,971,0.990463
12040,926,0.990556
12050,925,0.990648
12060,917,0.990740
12070,903,0.990830
12080,915,0.990922
12090,865,0.991008
12100,866,0.991095
12110,895,0.991184
12120,841,0.991269
12130,841,0.991353
12140,805,0.991433
12150,871,0.991520
12160,876,0.991608
12170,894,0.991697
12180,878,0.991785
12190,828,0.991868
12200,826,0.991950
12210,813,0.992032
12220,809,0.992113
12230,857,0.992198
12240,809,0.992279
12250,797,0.992359
12260,783,0.992437
12270,761,0.992513
12280,718,0.992585
12290,709,0.992656
12300,741,0.992730
12310,768,0.992807
12320,758,0.992883
12330,752,0.992958
12340,669,0.993025
12350,713,0.993096
12360,711,0.993167
12370,696,0.993237
12380,717,0.993308
12390,727,0.993381
12400,705,0.993452
12410,647,0.993516
12420,624,0.993579
12430,677,0.993647
12440,635,0.993710
12450,602,0.993770
12460,638,0.993834
12470,664,0.993900
12480,665,0.993967
12490,657,0.994033
12500,578,0.994090
12510,662,0.994157
12520,669,0.994223
12530,627,0.994286
12540,683,0.994354
12550,639,0.994418
12560,621,0.994480
12570,608,0.994541
12580,597,0.994601
12590,585,0.994659
12600,579,0.994717
12610,572,0.994775
12620,539,0.994829
12630,623,0.994891
12640,579,0.994949
12650,557,0.995004
12660,561,0.995061
12670,550,0.995116
12680,502,0.995166
12690,525,0.995218
12700,574,0.995276
12710,551,0.995331
12720,535,0.995384
12730,515,0.995436
12740,491,0.995485
12750,504,0.995535
12760,494,0.995585
12770,511,0.995636
12780,481,0.995684
12790,515,0.995735
12800,471,0.995782
12810,467,0.995829
12820,465,0.995876
12830,515,0.995927
12840,482,0.995975
12850,504,0.996026
12860,479,0.996074
12870,481,0.996122
12880,479,0.996170
12890,456,0.996215
12900,466,0.996262
12910,464,0.996308
12920,440,0.996352
12930,442,0.996396
12940,493,0.996446
12950,397,0.996485
12960,399,0.996525
12970,413,0.996567
12980,411,0.996608
12990,403,0.996648
13000,398,0.996688
13010,414,0.996729
13020,427,0.996772
13030,381,0.996810
13040,392,0.996849
13050,334,0.996883
13060,373,0.996920
13070,337,0.996954
13080,334,0.996987
13090,346,0.997022
13100,324,0.997054
13110,393,0.997093
13120,317,0.997125
13130,299,0.997155
13140,335,0.997188
13150,304,0.997219
13160,334,0.997252
13170,322,0.997284
13180,303,0.997315
13190,350,0.997350
13200,313,0.997381
13210,338,0.997415
13220,286,0.997443
13230,265,0.997470
13240,284,0.997498
13250,322,0.997531
13260,297,0.997560
13270,276,0.997588
13280,274,0.997615
13290,304,0.997646
13300,295,0.997675
13310,262,0.997701
13320,247,0.997726
13330,259,0.997752
13340,257,0.997778
13350,247,0.997802
13360,231,0.997825
13370,234,0.997849
13380,278,0.997877
13390,226,0.997899
13400,271,0.997926
13410,224,0.997949
13420,234,0.997972
13430,264,0.997998
13440,240,0.998022
13450,236,0.998046
13460,222,0.998068
13470,212,0.998089
13480,215,0.998111
13490,216,0.998133
13500,212,0.998154
13510,190,0.998173
13520,203,0.998193
13530,228,0.998216
13540,201,0.998236
13550,209,0.998257
13560,208,0.998278
13570,200,0.998298
13580,194,0.998317
13590,181,0.998335
13600,171,0.998352
13610,187,0.998371
13620,166,0.998388
13630,179,0.998406
13640,169,0.998422
13650,201,0.998442
13660,165,0.998459
13670,160,0.998475
13680,168,0.998492
13690,143,0.998506
13700,148,0.998521
13710,145,0.998535
13720,152,0.998551
13730,134,0.998564
13740,145,0.998578
13750,157,0.998594
13760,143,0.998609
13770,137,0.998622
13780,155,0.998638
13790,132,0.998651
13800,136,0.998664
13810,137,0.998678
13820,133,0.998691
13830,152,0.998707
13840,129,0.998720
13850,137,0.998733
13860,128,0.998746
13870,132,0.998759
13880,128,0.998772
13890,151,0.998787
13900,142,0.998801
13910,122,0.998814
13920,140,0.998828
13930,128,0.998840
13940,108,0.998851
13950,147,0.998866
13960,97,0.998876
13970,127,0.998888
13980,118,0.998900
13990,114,0.998911
14000,124,0.998924
14010,131,0.998937
14020,113,0.998948
14030,124,0.998961
14040,102,0.998971
14050,102,0.998981
14060,86,0.998990
14070,101,0.999000
14080,94,0.999009
14090,85,0.999018
14100,86,0.999026
14110,80,0.999034
14120,85,0.999043
14130,95,0.999052
14140,106,0.999063
14150,94,0.999072
14160,84,0.999081
14170,76,0.999088
14180,86,0.999097
14190,80,0.999105
14200,70,0.999112
14210,85,0.999120
14220,76,0.999128
14230,62,0.999134
14240,68,0.999141
14250,79,0.999149
14260,94,0.999158
14270,67,0.999165
14280,58,0.999171
14290,75,0.999178
14300,78,0.999186
14310,72,0.999193
14320,78,0.999201
14330,68,0.999208
14340,67,0.999215
14350,69,0.999222
14360,68,0.999228
14370,59,0.999234
14380,46,0.999239
14390,70,0.999246
14400,57,0.999251
14410,51,0.999257
14420,52,0.999262
14430,56,0.999267
14440,56,0.999273
14450,53,0.999278
14460,56,0.999284
14470,52,0.999289
14480,49,0.999294
14490,53,0.999299
14500,45,0.999304
14510,56,0.999309
14520,49,0.999314
14530,58,0.999320
14540,43,0.999324
14550,39,0.999328
14560,43,0.999333
14570,45,0.999337
14580,43,0.999341
14590,47,0.999346
14600,40,0.999350
14610,42,0.999354
14620,33,0.999358
14630,36,0.999361
14640,43,0.999366
14650,49,0.999370
14660,39,0.999374
14670,31,0.999377
14680,32,0.999381
14690,39,0.999385
14700,31,0.999388
14710,43,0.999392
14720,46,0.999397
14730,52,0.999402
14740,34,0.999405
14750,32,0.999408
14760,32,0.999412
14770,45,0.999416
14780,47,0.999421
14790,35,0.999424
14800,32,0.999427
14810,33,0.999431
14820,34,0.999434
14830,25,0.999437
14840,31,0.999440
14850,34,0.999443
14860,40,0.999447
14870,41,0.999451
14880,23,0.999453
14890,25,0.999456
14900,24,0.999458
14910,25,0.999461
14920,29,0.999464
14930,26,0.999466
14940,33,0.999470
14950,24,0.999472
14960,19,0.999474
14970,32,0.999477
14980,33,0.999480
14990,19,0.999482
15000,23,0.999485
15010,22,0.999487
15020,25,0.999489
15030,24,0.999492
15040,30,0.999495
15050,28,0.999498
15060,25,0.999500
15070,30,0.999503
15080,21,0.999505
15090,29,0.999508
15100,23,0.999510
15110,17,0.999512
15120,19,0.999514
15130,22,0.999516
15140,17,0.999518
15150,22,0.999520
15160,23,0.999522
15170,12,0.999524
15180,22,0.999526
15190,19,0.999528
15200,19,0.999530
15210,23,0.999532
15220,25,0.999534
15230,30,0.999537
15240,22,0.999540
15250,13,0.999541
15260,13,0.999542
15270,18,0.999544
15280,20,0.999546
15290,24,0.999548
15300,26,0.999551
15310,30,0.999554
15320,13,0.999555
15330,12,0.999556
15340,16,0.999558
15350,15,0.999560
15360,25,0.999562
15370,17,0.999564
15380,18,0.999566
15390,20,0.999568
15400,20,0.999570
15410,11,0.999571
15420,17,0.999572
15430,17,0.999574
15440,13,0.999575
15450,9,0.999576
15460,22,0.999578
15470,10,0.999579
15480,11,0.999581
15490,7,0.999581
15500,17,0.999583
15510,17,0.999585
15520,16,0.999586
15530,15,0.999588
15540,15,0.999589
15550,9,0.999590
15560,18,0.999592
15570,15,0.999593
15580,17,0.999595
15590,10,0.999596
15600,15,0.999598
15610,18,0.999600
15620,12,0.999601
15630,13,0.999602
15640,9,0.999603
15650,11,0.999604
15660,14,0.999605
15670,10,0.999606
15680,12,0.999608
15690,9,0.999609
15700,10,0.999609
15710,5,0.999610
15720,9,0.999611
15730,14,0.999612
15740,13,0.999614
15750,8,0.999614
15760,3,0.999615
15770,12,0.999616
15780,6,0.999617
15790,4,0.999617
15800,6,0.999618
15810,10,0.999618
15820,6,0.999619
15830,9,0.999620
15840,11,0.999621
15850,16,0.999623
15860,11,0.999624
15870,11,0.999625
15880,8,0.999626
15890,10,0.999627
15900,10,0.999628
15910,11,0.999629
15920,13,0.999630
15930,14,0.999632
15940,8,0.999632
15950,9,0.999633
15960,8,0.999634
15970,11,0.999635
15980,6,0.999636
15990,8,0.999636
16000,10,0.999637
16010,3,0.999638
16020,5,0.999638
16030,8,0.999639
16040,5,0.999640
16050,7,0.999640
16060,10,0.999641
16070,13,0.999643
16080,7,0.999643
16090,6,0.999644
16100,5,0.999644
16110,9,0.999645
16120,8,0.999646
16130,4,0.999646
16140,8,0.999647
16150,5,0.999648
16160,7,0.999649
16170,6,0.999649
16180,5,0.999650
16190,8,0.999650
16200,11,0.999651
16210,6,0.999652
16220,7,0.999653
16230,1,0.999653
16240,4,0.999653
16250,5,0.999654
16260,3,0.999654
16270,13,0.999655
16280,4,0.999656
16290,6,0.999656
16300,3,0.999657
16310,6,0.999657
16320,4,0.999658
16330,8,0.999659
16340,1,0.999659
16350,9,0.999659
16360,5,0.999660
16380,3,0.999660
16390,4,0.999661
16400,3,0.999661
16410,8,0.999662
16420,2,0.999662
16430,4,0.999662
16440,5,0.999663
16450,5,0.999663
16460,5,0.999664
16470,2,0.999664
16480,7,0.999665
16490,7,0.999665
16500,4,0.999666
16510,3,0.999666
16520,5,0.999667
16530,6,0.999667
16540,4,0.999668
16550,7,0.999668
16560,5,0.999669
16570,3,0.999669
16580,3,0.999669
16590,1,0.999670
16600,2,0.999670
16610,2,0.999670
16620,4,0.999670
16630,5,0.999671
16640,6,0.999672
16650,4,0.999672
16660,4,0.999672
16670,1,0.999672
16680,3,0.999673
16690,5,0.999673
16700,3,0.999673
16710,3,0.999674
16720,1,0.999674
16730,1,0.999674
16740,4,0.999674
16750,3,0.999675
16760,1,0.999675
16770,2,0.999675
16780,1,0.999675
16790,4,0.999676
16800,6,0.999676
16810,5,0.999677
16820,4,0.999677
16830,4,0.999677
16840,7,0.999678
16850,1,0.999678
16870,4,0.999679
16880,3,0.999679
16890,3,0.999679
16900,6,0.999680
16910,2,0.999680
16920,2,0.999680
16930,2,0.999680
16940,3,0.999681
16950,1,0.999681
16960,2,0.999681
16970,2,0.999681
16980,1,0.999681
17000,2,0.999681
17010,1,0.999682
17020,3,0.999682
17030,2,0.999682
17050,1,0.999682
17060,3,0.999682
17070,1,0.999683
17080,1,0.999683
17110,1,0.999683
17120,6,0.999683
17130,2,0.999684
17140,3,0.999684
17150,4,0.999684
17160,3,0.999685
17170,1,0.999685
17180,1,0.999685
17190,1,0.999685
17200,1,0.999685
17210,3,0.999685
17220,4,0.999686
17230,1,0.999686
17240,1,0.999686
17250,4,0.999686
17260,4,0.999687
17270,5,0.999687
17280,2,0.999687
17290,6,0.999688
17300,4,0.999688
17310,2,0.999689
17320,1,0.999689
17330,1,0.999689
17340,3,0.999689
17360,1,0.999689
17370,1,0.999689
17380,3,0.999690
17390,2,0.999690
17400,1,0.999690
17460,1,0.999690
17470,1,0.999690
17480,2,0.999690
17490,1,0.999690
17500,1,0.999690
17540,2,0.999691
17550,2,0.999691
17560,1,0.999691
17570,1,0.999691
17580,1,0.999691
17590,1,0.999691
17610,2,0.999691
17630,1,0.999692
17660,2,0.999692
17670,1,0.999692
17680,1,0.999692
17690,1,0.999692
17710,1,0.999692
17720,1,0.999692
17780,1,0.999692
17790,1,0.999692
17830,2,0.999693
17840,1,0.999693
17860,1,0.999693
17870,1,0.999693
17880,6,0.999694
17890,2,0.999694
17900,5,0.999694
17910,1,0.999694
17920,2,0.999695
17930,1,0.999695
17940,2,0.999695
17950,5,0.999695
17960,4,0.999696
17970,1,0.999696
17980,3,0.999696
18000,1,0.999696
18010,3,0.999697
18020,2,0.999697
18030,7,0.999698
18040,3,0.999698
18050,1,0.999698
18060,1,0.999698
18070,6,0.999699
18080,3,0.999699
18090,1,0.999699
18100,7,0.999700
18110,3,0.999700
18120,2,0.999700
18130,4,0.999701
18140,3,0.999701
18150,2,0.999701
18160,5,0.999702
18170,4,0.999702
18180,3,0.999702
18190,2,0.999703
18200,1,0.999703
18210,3,0.999703
18220,3,0.999703
18230,1,0.999703
18240,2,0.999704
18250,6,0.999704
18260,6,0.999705
18280,6,0.999705
18290,4,0.999706
18300,3,0.999706
18310,2,0.999706
18320,1,0.999706
18330,1,0.999706
18340,2,0.999707
18350,1,0.999707
18360,3,0.999707
18370,3,0.999707
18380,3,0.999708
18390,5,0.999708
18400,2,0.999708
18420,5,0.999709
18430,2,0.999709
18440,2,0.999709
18460,1,0.999709
18470,3,0.999710
18480,3,0.999710
18490,1,0.999710
18510,3,0.999710
18520,3,0.999711
18530,2,0.999711
18540,2,0.999711
18550,3,0.999711
18560,3,0.999712
18570,2,0.999712
18580,1,0.999712
18600,2,0.999712
18610,1,0.999712
18620,1,0.999712
18630,1,0.999712
18640,4,0.999713
18650,3,0.999713
18660,2,0.999713
18670,3,0.999714
18680,1,0.999714
18690,3,0.999714
18700,3,0.999714
18710,1,0.999714
18720,1,0.999714
18730,4,0.999715
18750,3,0.999715
18760,2,0.999715
18770,2,0.999716
18780,1,0.999716
18790,2,0.999716
18800,3,0.999716
18810,2,0.999716
18840,2,0.999717
18860,2,0.999717
18870,1,0.999717
18890,1,0.999717
18900,2,0.999717
18910,1,0.999717
18940,1,0.999717
18950,2,0.999718
18980,1,0.999718
18990,1,0.999718
19010,2,0.999718
19030,1,0.999718
19070,3,0.999718
19100,1,0.999718
19130,1,0.999719
19190,1,0.999719
19400,1,0.999719
19420,1,0.999719
19740,1,0.999719
19800,1,0.999719
19830,1,0.999719
19850,3,0.999720
19930,1,0.999720
20050,1,0.999720
20060,1,0.999720
20090,1,0.999720
20110,1,0.999720
20130,1,0.999720
20140,1,0.999720
20160,2,0.999720
20190,3,0.999721
20200,1,0.999721
20210,1,0.999721
20230,1,0.999721
20280,1,0.999721
20330,1,0.999721
20420,1,0.999721
20460,1,0.999721
20470,1,0.999722
20590,1,0.999722
20600,2,0.999722
20610,1,0.999722
20630,2,0.999722
20640,3,0.999722
20650,2,0.999723
20670,1,0.999723
20680,2,0.999723
20690,2,0.999723
20730,1,0.999723
20740,2,0.999723
20750,1,0.999723
20770,3,0.999724
20780,1,0.999724
20790,1,0.999724
20800,1,0.999724
20810,2,0.999724
20820,2,0.999725
20830,1,0.999725
20840,3,0.999725
20870,1,0.999725
20880,2,0.999725
20910,1,0.999725
20940,1,0.999725
20950,2,0.999726
20960,1,0.999726
20980,1,0.999726
21010,1,0.999726
21040,2,0.999726
21050,1,0.999726
21070,1,0.999726
21090,1,0.999726
21110,3,0.999727
21130,1,0.999727
21140,1,0.999727
21150,1,0.999727
21170,2,0.999727
21180,1,0.999727
21210,2,0.999727
21220,2,0.999728
21230,1,0.999728
21240,1,0.999728
21250,1,0.999728
21280,1,0.999728
21290,1,0.999728
21320,2,0.999728
21330,1,0.999729
21380,1,0.999729
21400,3,0.999729
21420,2,0.999729
21460,3,0.999729
21470,1,0.999730
21490,1,0.999730
21500,1,0.999730
21510,3,0.999730
21520,5,0.999731
21530,6,0.999731
21540,3,0.999731
21550,2,0.999732
21560,2,0.999732
21570,1,0.999732
21580,1,0.999732
21590,2,0.999732
21600,6,0.999733
21610,3,0.999733
21620,4,0.999734
21630,4,0.999734
21640,2,0.999734
21650,2,0.999734
21660,5,0.999735
21670,5,0.999735
21680,3,0.999736
21690,2,0.999736
21700,6,0.999736
21710,2,0.999737
21720,7,0.999737
21730,3,0.999738
21740,3,0.999738
21750,3,0.999738
21760,2,0.999738
21770,4,0.999739
21780,3,0.999739
21790,2,0.999739
21800,1,0.999739
21810,5,0.999740
21820,3,0.999740
21830,5,0.999741
21840,2,0.999741
21860,4,0.999741
21870,4,0.999742
21880,5,0.999742
21890,3,0.999743
21900,5,0.999743
21910,3,0.999743
21920,4,0.999744
21930,2,0.999744
21940,2,0.999744
21950,8,0.999745
21960,2,0.999745
21970,1,0.999745
21980,4,0.999746
21990,3,0.999746
22000,1,0.999746
22010,3,0.999746
22020,3,0.999747
22030,2,0.999747
22040,2,0.999747
22050,4,0.999747
22060,2,0.999748
22070,6,0.999748
22090,2,0.999748
22100,3,0.999749
22110,1,0.999749
22120,1,0.999749
22130,1,0.999749
22140,2,0.999749
22180,1,0.999749
22190,1,0.999749
22200,1,0.999749
22220,1,0.999750
22270,2,0.999750
22310,1,0.999750
22320,1,0.999750
22360,1,0.999750
22370,1,0.999750
22400,1,0.999750
22410,1,0.999750
22440,2,0.999751
22450,1,0.999751
22490,1,0.999751
22500,2,0.999751
22510,1,0.999751
22520,2,0.999751
22530,2,0.999752
22540,3,0.999752
22600,2,0.999752
22620,1,0.999752
22630,1,0.999752
22650,1,0.999752
22690,1,0.999752
22720,1,0.999753
22730,1,0.999753
22750,4,0.999753
22770,1,0.999753
22790,1,0.999753
22800,2,0.999753
22830,2,0.999754
22840,1,0.999754
22850,1,0.999754
22900,3,0.999754
22910,1,0.999754
22930,1,0.999754
22960,2,0.999754
22980,2,0.999755
22990,2,0.999755
23030,1,0.999755
23050,1,0.999755
23060,1,0.999755
23080,2,0.999755
23090,2,0.999756
23110,1,0.999756
23140,2,0.999756
23160,1,0.999756
23180,1,0.999756
23190,1,0.999756
23220,2,0.999756
23240,2,0.999757
23250,1,0.999757
23260,1,0.999757
23280,3,0.999757
23290,3,0.999757
23310,2,0.999758
23320,2,0.999758
23330,4,0.999758
23340,4,0.999759
23350,1,0.999759
23360,1,0.999759
23380,1,0.999759
23400,2,0.999759
23420,1,0.999759
23430,5,0.999760
23440,2,0.999760
23450,2,0.999760
23460,2,0.999760
23470,3,0.999761
23480,3,0.999761
23490,1,0.999761
23500,1,0.999761
23510,1,0.999761
23520,1,0.999761
23530,2,0.999762
23550,2,0.999762
23560,2,0.999762
23570,1,0.999762
23580,1,0.999762
23600,2,0.999762
23610,2,0.999762
23620,1,0.999763
23630,1,0.999763
23640,2,0.999763
23650,2,0.999763
23660,1,0.999763
23680,1,0.999763
23690,2,0.999763
23700,2,0.999764
23710,1,0.999764
23720,1,0.999764
23730,2,0.999764
23740,1,0.999764
23760,1,0.999764
23780,1,0.999764
23800,2,0.999765
23830,2,0.999765
23870,2,0.999765
23890,1,0.999765
23900,1,0.999765
23940,1,0.999765
23950,2,0.999766
23960,2,0.999766
23980,1,0.999766
23990,2,0.999766
24010,1,0.999766
24090,3,0.999766
24110,2,0.999767
24130,4,0.999767
24140,2,0.999767
24160,1,0.999767
24180,1,0.999767
24200,1,0.999767
24220,2,0.999768
24230,5,0.999768
24240,1,0.999768
24250,1,0.999768
24260,2,0.999769
24270,1,0.999769
24280,1,0.999769
24290,1,0.999769
24300,1,0.999769
24320,1,0.999769
24330,3,0.999769
24340,3,0.999770
24380,1,0.999770
24390,1,0.999770
24400,1,0.999770
24410,1,0.999770
24420,1,0.999770
24440,3,0.999771
24450,2,0.999771
24470,2,0.999771
24490,1,0.999771
24510,2,0.999771
24530,2,0.999771
24540,1,0.999771
24580,1,0.999772
24590,1,0.999772
24610,1,0.999772
24620,2,0.999772
24640,1,0.999772
24650,1,0.999772
24660,1,0.999772
24670,1,0.999772
24680,1,0.999772
24710,2,0.999773
24720,2,0.999773
24730,2,0.999773
24740,1,0.999773
24750,6,0.999774
24770,1,0.999774
24790,1,0.999774
24800,1,0.999774
24820,2,0.999774
24830,2,0.999775
24840,5,0.999775
24850,2,0.999775
24860,1,0.999775
24870,3,0.999776
24880,1,0.999776
24890,3,0.999776
24900,3,0.999776
24910,4,0.999777
24920,5,0.999777
24930,6,0.999778
24940,1,0.999778
24950,3,0.999778
24960,4,0.999779
24970,2,0.999779
25000,4,0.999779
25010,3,0.999780
25020,1,0.999780
25040,3,0.999780
25050,2,0.999780
25060,2,0.999780
25070,4,0.999781
25090,1,0.999781
25110,1,0.999781
25130,1,0.999781
25150,3,0.999781
25160,2,0.999781
25170,1,0.999782
25200,1,0.999782
25210,1,0.999782
25220,1,0.999782
25240,1,0.999782
25250,2,0.999782
25270,3,0.999783
25280,3,0.999783
25290,1,0.999783
25300,1,0.999783
25310,1,0.999783
25330,1,0.999783
25340,2,0.999783
25360,4,0.999784
25370,1,0.999784
25380,1,0.999784
25390,2,0.999784
25400,2,0.999784
25410,1,0.999785
25420,4,0.999785
25430,3,0.999785
25440,2,0.999785
25460,1,0.999785
25470,4,0.999786
25480,2,0.999786
25490,2,0.999786
25500,2,0.999786
25510,1,0.999787
25520,4,0.999787
25530,4,0.999787
25540,1,0.999788
25550,2,0.999788
25560,2,0.999788
25570,2,0.999788
25580,1,0.999788
25600,1,0.999788
25610,3,0.999789
25630,1,0.999789
25640,1,0.999789
25650,1,0.999789
25660,4,0.999789
25670,1,0.999789
25680,3,0.999790
25700,1,0.999790
25710,1,0.999790
25730,3,0.999790
25760,1,0.999790
25790,2,0.999790
25810,2,0.999791
25830,1,0.999791
25840,1,0.999791
25850,1,0.999791
25860,1,0.999791
25890,2,0.999791
25900,2,0.999792
25910,1,0.999792
25930,3,0.999792
25950,1,0.999792
26000,3,0.999792
26010,1,0.999792
26030,1,0.999793
26040,1,0.999793
26060,3,0.999793
26070,1,0.999793
26080,2,0.999793
26100,2,0.999793
26140,1,0.999794
26150,1,0.999794
26170,1,0.999794
26180,2,0.999794
26190,2,0.999794
26200,4,0.999794
26220,2,0.999795
26260,2,0.999795
26270,1,0.999795
26280,1,0.999795
26290,1,0.999795
26300,1,0.999795
26310,2,0.999795
26320,1,0.999796
26330,1,0.999796
26340,6,0.999796
26350,5,0.999797
26360,3,0.999797
26370,2,0.999797
26380,5,0.999798
26390,3,0.999798
26400,2,0.999798
26410,3,0.999799
26420,4,0.999799
26430,5,0.999799
26440,4,0.999800
26450,3,0.999800
26460,3,0.999801
26480,4,0.999801
26490,6,0.999802
26500,6,0.999802
26510,4,0.999802
26520,2,0.999803
26530,5,0.999803
26540,4,0.999804
26550,1,0.999804
26560,2,0.999804
26570,4,0.999804
26580,1,0.999804
26590,10,0.999805
26600,3,0.999806
26610,5,0.999806
26620,3,0.999807
26630,3,0.999807
26640,3,0.999807
26650,3,0.999807
26660,4,0.999808
26670,1,0.999808
26680,3,0.999808
26690,2,0.999808
26700,3,0.999809
26710,5,0.999809
26720,3,0.999810
26730,3,0.999810
26740,6,0.999810
26750,3,0.999811
26760,1,0.999811
26770,6,0.999811
26780,4,0.999812
26790,2,0.999812
26800,2,0.999812
26810,3,0.999812
26820,5,0.999813
26830,3,0.999813
26840,4,0.999814
26850,4,0.999814
26860,6,0.999815
26870,1,0.999815
26880,4,0.999815
26890,5,0.999816
26900,4,0.999816
26910,9,0.999817
26920,10,0.999818
26930,6,0.999819
26940,2,0.999819
26950,6,0.999819
26960,3,0.999820
26970,1,0.999820
26980,3,0.999820
26990,6,0.999821
27000,2,0.999821
27010,7,0.999822
27020,1,0.999822
27030,5,0.999822
27040,5,0.999823
27050,5,0.999823
27060,4,0.999824
27070,3,0.999824
27080,7,0.999825
27090,6,0.999825
27100,7,0.999826
27110,4,0.999826
27120,7,0.999827
27130,7,0.999828
27140,2,0.999828
27150,1,0.999828
27160,5,0.999829
27170,6,0.999829
27180,8,0.999830
27190,9,0.999831
27200,2,0.999831
27210,7,0.999832
27220,4,0.999832
27230,8,0.999833
27240,3,0.999833
27250,1,0.999833
27260,2,0.999834
27270,3,0.999834
27280,5,0.999834
27290,4,0.999835
27300,5,0.999835
27310,4,0.999836
27320,7,0.999836
27340,4,0.999837
27360,4,0.999837
27370,2,0.999837
27380,3,0.999838
27390,4,0.999838
27400,5,0.999838
27410,5,0.999839
27420,1,0.999839
27430,8,0.999840
27440,6,0.999840
27450,3,0.999841
27460,4,0.999841
27470,6,0.999842
27480,3,0.999842
27490,3,0.999842
27500,10,0.999843
27510,5,0.999844
27520,2,0.999844
27530,7,0.999845
27540,5,0.999845
27550,1,0.999845
27560,2,0.999846
27570,1,0.999846
27580,12,0.999847
27590,2,0.999847
27600,4,0.999847
27610,4,0.999848
27620,2,0.999848
27630,3,0.999848
27640,3,0.999849
27650,4,0.999849
27660,2,0.999849
27670,6,0.999850
27680,3,0.999850
27690,2,0.999850
27700,6,0.999851
27710,3,0.999851
27720,3,0.999852
27730,4,0.999852
27740,3,0.999852
27750,5,0.999853
27760,2,0.999853
27770,2,0.999853
27780,4,0.999854
27790,2,0.999854
27800,3,0.999854
27810,1,0.999854
27820,3,0.999855
27830,1,0.999855
27840,1,0.999855
27850,2,0.999855
27860,2,0.999855
27870,1,0.999855
27880,1,0.999855
27900,1,0.999855
27910,1,0.999856
27920,1,0.999856
27930,1,0.999856
27940,2,0.999856
27960,1,0.999856
27970,2,0.999856
27980,3,0.999856
27990,1,0.999857
28000,2,0.999857
28010,4,0.999857
28020,2,0.999857
28030,1,0.999857
28040,4,0.999858
28050,4,0.999858
28060,1,0.999858
28070,2,0.999859
28080,1,0.999859
28090,3,0.999859
28100,1,0.999859
28110,2,0.999859
28120,1,0.999859
28140,3,0.999860
28150,4,0.999860
28160,1,0.999860
28170,4,0.999861
28200,1,0.999861
28210,2,0.999861
28220,1,0.999861
28240,5,0.999861
28250,3,0.999862
28270,3,0.999862
28280,3,0.999862
28290,1,0.999862
28300,2,0.999863
28310,5,0.999863
28320,4,0.999864
28330,5,0.999864
28340,2,0.999864
28350,2,0.999865
28360,5,0.999865
28370,8,0.999866
28380,2,0.999866
28390,5,0.999866
28400,5,0.999867
28420,4,0.999867
28430,6,0.999868
28440,3,0.999868
28450,1,0.999868
28460,4,0.999869
28470,7,0.999870
28480,1,0.999870
28490,7,0.999870
28500,5,0.999871
28510,5,0.999871
28520,2,0.999871
28530,2,0.999872
28540,4,0.999872
28550,2,0.999872
28560,1,0.999872
28570,2,0.999873
28580,1,0.999873
28590,1,0.999873
28600,3,0.999873
28610,2,0.999873
28620,6,0.999874
28630,7,0.999875
28640,2,0.999875
28650,4,0.999875
28660,4,0.999876
28670,4,0.999876
28680,5,0.999876
28690,5,0.999877
28700,3,0.999877
28710,2,0.999878
28720,5,0.999878
28730,8,0.999879
28740,9,0.999880
28750,10,0.999881
28760,9,0.999882
28770,4,0.999882
28780,4,0.999882
28790,8,0.999883
28800,8,0.999884
28810,3,0.999884
28830,3,0.999885
28840,4,0.999885
28850,3,0.999885
28860,3,0.999886
28870,1,0.999886
28880,4,0.999886
28890,2,0.999886
28900,3,0.999887
28910,2,0.999887
28920,3,0.999887
28930,8,0.999888
28940,4,0.999888
28950,5,0.999889
28960,3,0.999889
28970,2,0.999889
28980,4,0.999890
28990,5,0.999890
29010,3,0.999891
29020,4,0.999891
29030,5,0.999891
29040,5,0.999892
29050,2,0.999892
29060,4,0.999892
29070,3,0.999893
29080,6,0.999893
29090,5,0.999894
29100,4,0.999894
29110,6,0.999895
29120,3,0.999895
29130,5,0.999896
29140,4,0.999896
29150,5,0.999897
29160,5,0.999897
29170,5,0.999898
29180,4,0.999898
29190,4,0.999898
29200,4,0.999899
29210,6,0.999899
29220,4,0.999900
29230,5,0.999900
29240,4,0.999901
29250,1,0.999901
29260,3,0.999901
29270,2,0.999901
29280,3,0.999902
29290,3,0.999902
29300,3,0.999902
29310,1,0.999902
29320,5,0.999903
29330,3,0.999903
29340,2,0.999903
29350,2,0.999904
29360,1,0.999904
29370,4,0.999904
29380,6,0.999905
29390,2,0.999905
29400,2,0.999905
29410,3,0.999905
29420,3,0.999906
29430,3,0.999906
29440,8,0.999907
29450,3,0.999907
29460,1,0.999907
29470,6,0.999908
29480,6,0.999908
29490,2,0.999909
29500,2,0.999909
29510,3,0.999909
29520,2,0.999909
29530,3,0.999910
29540,2,0.999910
29550,7,0.999910
29560,2,0.999911
29570,1,0.999911
29580,3,0.999911
29590,2,0.999911
29600,1,0.999911
29610,3,0.999912
29620,4,0.999912
29630,6,0.999913
29640,1,0.999913
29660,3,0.999913
29670,2,0.999913
29680,4,0.999914
29690,2,0.999914
29700,3,0.999914
29710,2,0.999914
29730,6,0.999915
29740,2,0.999915
29750,2,0.999915
29760,1,0.999915
29770,4,0.999916
29780,1,0.999916
29790,1,0.999916
29800,2,0.999916
29820,3,0.999916
29840,2,0.999917
29860,3,0.999917
29880,1,0.999917
29890,2,0.999917
29900,1,0.999917
29910,1,0.999918
29920,4,0.999918
29930,1,0.999918
29940,3,0.999918
29950,4,0.999919
29960,2,0.999919
29970,1,0.999919
29990,1,0.999919
30000,1,0.999919
30010,5,0.999920
30030,2,0.999920
30040,1,0.999920
30060,3,0.999920
30070,1,0.999920
30080,2,0.999921
30090,2,0.999921
30110,4,0.999921
30120,1,0.999921
30130,3,0.999922
30140,1,0.999922
30150,1,0.999922
30160,2,0.999922
30170,3,0.999922
30180,3,0.999923
30190,3,0.999923
30200,2,0.999923
30210,2,0.999923
30220,3,0.999924
30230,2,0.999924
30240,1,0.999924
30260,2,0.999924
30270,1,0.999924
30280,1,0.999924
30290,3,0.999925
30300,3,0.999925
30310,1,0.999925
30320,1,0.999925
30330,2,0.999925
30340,4,0.999926
30350,1,0.999926
30360,3,0.999926
30380,3,0.999926
30390,1,0.999927
30400,2,0.999927
30410,1,0.999927
30420,2,0.999927
30430,2,0.999927
30450,2,0.999927
30460,2,0.999928
30470,2,0.999928
30480,3,0.999928
30500,2,0.999928
30510,2,0.999928
30520,1,0.999929
30530,1,0.999929
30540,2,0.999929
30550,1,0.999929
30560,2,0.999929
30570,2,0.999929
30580,4,0.999930
30590,1,0.999930
30600,1,0.999930
30610,2,0.999930
30620,2,0.999930
30630,1,0.999931
30650,1,0.999931
30660,1,0.999931
30670,2,0.999931
30680,2,0.999931
30690,1,0.999931
30700,2,0.999931
30710,1,0.999932
30720,1,0.999932
30730,4,0.999932
30750,2,0.999932
30770,4,0.999933
30800,4,0.999933
30810,3,0.999933
30820,3,0.999934
30830,2,0.999934
30840,2,0.999934
30850,1,0.999934
30860,1,0.999934
30880,1,0.999934
30890,1,0.999934
30900,2,0.999935
30910,2,0.999935
30930,4,0.999935
30950,2,0.999935
30960,1,0.999936
30970,2,0.999936
30980,1,0.999936
30990,1,0.999936
31000,1,0.999936
31010,1,0.999936
31020,5,0.999937
31030,1,0.999937
31050,1,0.999937
31060,1,0.999937
31070,1,0.999937
31080,1,0.999937
31090,1,0.999937
31110,1,0.999937
31140,1,0.999937
31150,1,0.999937
31160,1,0.999938
31180,1,0.999938
31200,1,0.999938
31220,2,0.999938
31230,2,0.999938
31250,2,0.999938
31260,2,0.999939
31270,2,0.999939
31290,2,0.999939
31310,2,0.999939
31320,1,0.999939
31340,2,0.999940
31350,1,0.999940
31380,1,0.999940
31400,3,0.999940
31410,4,0.999940
31420,2,0.999941
31430,2,0.999941
31440,4,0.999941
31460,2,0.999941
31470,1,0.999942
31480,2,0.999942
31490,1,0.999942
31500,2,0.999942
31520,4,0.999942
31530,4,0.999943
31540,1,0.999943
31560,4,0.999943
31570,2,0.999943
31580,2,0.999944
31610,4,0.999944
31630,4,0.999945
31640,1,0.999945
31650,2,0.999945
31660,3,0.999945
31670,1,0.999945
31680,3,0.999946
31690,2,0.999946
31700,1,0.999946
31710,2,0.999946
31720,2,0.999946
31730,2,0.999946
31740,1,0.999946
31750,2,0.999947
31770,2,0.999947
31780,2,0.999947
31790,1,0.999947
31800,1,0.999947
31820,2,0.999947
31830,1,0.999948
31840,2,0.999948
31850,1,0.999948
31860,1,0.999948
31870,2,0.999948
31880,2,0.999948
31890,3,0.999949
31900,1,0.999949
31910,2,0.999949
31930,4,0.999949
31950,2,0.999950
31960,3,0.999950
31970,1,0.999950
31980,1,0.999950
31990,3,0.999950
32000,1,0.999951
32010,1,0.999951
32030,2,0.999951
32040,3,0.999951
32050,4,0.999951
32060,3,0.999952
32070,1,0.999952
32110,3,0.999952
32130,1,0.999952
32140,2,0.999952
32160,2,0.999953
32180,5,0.999953
32210,1,0.999953
32230,1,0.999953
32260,2,0.999954
32270,1,0.999954
32290,1,0.999954
32310,3,0.999954
32320,1,0.999954
32350,1,0.999954
32370,1,0.999954
32380,1,0.999955
32410,1,0.999955
32420,1,0.999955
32440,1,0.999955
32460,1,0.999955
32470,1,0.999955
32550,1,0.999955
32560,1,0.999955
32650,2,0.999955
32670,1,0.999955
32760,1,0.999956
32780,2,0.999956
32810,2,0.999956
32830,1,0.999956
32890,1,0.999956
32950,1,0.999956
32980,2,0.999956
33000,2,0.999957
33010,1,0.999957
33020,2,0.999957
33030,3,0.999957
33040,3,0.999958
33050,2,0.999958
33060,2,0.999958
33100,1,0.999958
33110,1,0.999958
33120,1,0.999958
33130,4,0.999959
33140,3,0.999959
33170,1,0.999959
33180,1,0.999959
33190,2,0.999959
33220,2,0.999960
33230,1,0.999960
33290,1,0.999960
33310,2,0.999960
33410,1,0.999960
33450,1,0.999960
33460,1,0.999960
33470,1,0.999960
33500,1,0.999960
33520,3,0.999961
33530,1,0.999961
33540,2,0.999961
33560,2,0.999961
33600,1,0.999961
33610,1,0.999961
33650,2,0.999962
33660,1,0.999962
33680,1,0.999962
33730,1,0.999962
33740,2,0.999962
33750,1,0.999962
33760,2,0.999963
33790,1,0.999963
33800,1,0.999963
33870,1,0.999963
33890,1,0.999963
33910,1,0.999963
33920,1,0.999963
33970,2,0.999963
34000,2,0.999964
34010,1,0.999964
34050,1,0.999964
34090,1,0.999964
34100,1,0.999964
34110,2,0.999964
34130,1,0.999964
34140,1,0.999964
34180,3,0.999965
34190,1,0.999965
34200,2,0.999965
34210,2,0.999965
34220,2,0.999965
34230,2,0.999965
34240,3,0.999966
34260,2,0.999966
34290,1,0.999966
34300,1,0.999966
34310,3,0.999967
34320,1,0.999967
34330,3,0.999967
34350,2,0.999967
34360,1,0.999967
34380,2,0.999967
34390,2,0.999968
34400,1,0.999968
34410,3,0.999968
34440,2,0.999968
34460,2,0.999968
34480,2,0.999969
34490,2,0.999969
34530,1,0.999969
34560,1,0.999969
34600,1,0.999969
34610,1,0.999969
34620,2,0.999969
34640,1,0.999969
34670,2,0.999970
34680,4,0.999970
34690,1,0.999970
34700,1,0.999970
34710,2,0.999970
34720,1,0.999971
34730,1,0.999971
34740,3,0.999971
34750,1,0.999971
34760,1,0.999971
34770,2,0.999971
34780,3,0.999972
34790,2,0.999972
34820,2,0.999972
34830,2,0.999972
34840,1,0.999972
34870,1,0.999973
34880,2,0.999973
34890,1,0.999973
34900,2,0.999973
34910,1,0.999973
34940,5,0.999974
34950,2,0.999974
34960,3,0.999974
34970,2,0.999974
34980,1,0.999974
35000,1,0.999974
35030,1,0.999975
35040,4,0.999975
35050,2,0.999975
35080,2,0.999975
35100,1,0.999976
35110,3,0.999976
35120,2,0.999976
35130,1,0.999976
35140,4,0.999977
35150,1,0.999977
35160,1,0.999977
35170,2,0.999977
35190,2,0.999977
35200,2,0.999977
35210,2,0.999978
35240,2,0.999978
35260,1,0.999978
35270,2,0.999978
35280,2,0.999978
35290,1,0.999978
35300,1,0.999978
35310,2,0.999979
35320,1,0.999979
35330,2,0.999979
35340,2,0.999979
35350,2,0.999979
35360,1,0.999979
35370,1,0.999979
35390,1,0.999980
35410,1,0.999980
35420,2,0.999980
35430,1,0.999980
35440,1,0.999980
35450,2,0.999980
35460,1,0.999980
35520,1,0.999981
35530,1,0.999981
35560,2,0.999981
35610,1,0.999981
35620,1,0.999981
35660,1,0.999981
35750,1,0.999981
35770,1,0.999981
35800,1,0.999981
35810,1,0.999982
35880,1,0.999982
35890,1,0.999982
35900,1,0.999982
35910,1,0.999982
35970,1,0.999982
36530,1,0.999982
36630,2,0.999982
36670,1,0.999982
36690,1,0.999982
36710,2,0.999983
36740,1,0.999983
36780,1,0.999983
36800,1,0.999983
36820,1,0.999983
36860,1,0.999983
36880,3,0.999983
36920,1,0.999984
36980,2,0.999984
37020,1,0.999984
37100,1,0.999984
37110,1,0.999984
37120,1,0.999984
37220,1,0.999984
37260,1,0.999984
37300,1,0.999985
37310,1,0.999985
37700,1,0.999985
37730,1,0.999985
37750,2,0.999985
37770,2,0.999985
37810,1,0.999985
37910,1,0.999985
37920,1,0.999986
37960,1,0.999986
37980,1,0.999986
38000,1,0.999986
38020,1,0.999986
38030,2,0.999986
38040,2,0.999986
38050,1,0.999986
38070,1,0.999987
38080,1,0.999987
38090,1,0.999987
38100,1,0.999987
38140,1,0.999987
38170,1,0.999987
38210,1,0.999987
38230,1,0.999987
38250,1,0.999987
38260,1,0.999987
38280,2,0.999988
38300,1,0.999988
38340,1,0.999988
38380,2,0.999988
38390,1,0.999988
38400,1,0.999988
38410,1,0.999988
38430,1,0.999988
38440,1,0.999988
38450,2,0.999989
38460,1,0.999989
38480,1,0.999989
38510,1,0.999989
38520,1,0.999989
38540,1,0.999989
38550,1,0.999989
38570,2,0.999990
38690,1,0.999990
38720,1,0.999990
38760,1,0.999990
38770,1,0.999990
38780,1,0.999990
38790,1,0.999990
38800,3,0.999990
38810,1,0.999991
38820,1,0.999991
38830,1,0.999991
38840,2,0.999991
38850,1,0.999991
38880,1,0.999991
38900,1,0.999991
38910,2,0.999991
38940,2,0.999992
38950,1,0.999992
38970,1,0.999992
38990,1,0.999992
39000,1,0.999992
39020,1,0.999992
39050,1,0.999992
39060,2,0.999992
39070,1,0.999992
39090,1,0.999993
39120,2,0.999993
39140,1,0.999993
39180,1,0.999993
39200,1,0.999993
46580,1,0.999993
46620,1,0.999993
46680,1,0.999993
46710,1,0.999994
46740,1,0.999994
46760,1,0.999994
46810,1,0.999994
46830,1,0.999994
46850,1,0.999994
46930,1,0.999994
46940,1,0.999994
47050,1,0.999994
47200,1,0.999994
47270,1,0.999995
47300,1,0.999995
48150,1,0.999995
48160,1,0.999995
48190,1,0.999995
48320,1,0.999995
48380,1,0.999995
48390,1,0.999995
48460,1,0.999995
48540,1,0.999995
48560,1,0.999996
48630,2,0.999996
48670,3,0.999996
48730,2,0.999996
48770,1,0.999996
48780,1,0.999996
48790,1,0.999996
48800,1,0.999997
48820,1,0.999997
48850,1,0.999997
48860,1,0.999997
48870,1,0.999997
48920,1,0.999997
48950,1,0.999997
49040,1,0.999997
49050,1,0.999997
49140,1,0.999997
49190,1,0.999998
49220,1,0.999998
49340,1,0.999998
49600,1,0.999998
50350,1,0.999998
50540,1,0.999998
50560,1,0.999998
50640,2,0.999998
50710,1,0.999999
50720,1,0.999999
50740,1,0.999999
50760,2,0.999999
50810,1,0.999999
50820,3,0.999999
50910,1,0.999999
50970,1,1.000000
50980,1,1.000000
51000,1,1.000000
51050,1,1.000000
51080,1,1.000000
51100,1,1.000000
