#latency,cnt,cdf
60,5,0.000001
70,1,0.000001
80,1,0.000001
90,1,0.000001
100,1,0.000001
110,1,0.000001
120,3,0.000001
130,2,0.000002
150,1,0.000002
170,1,0.000002
180,3,0.000002
190,2,0.000002
210,1,0.000002
220,5,0.000003
230,2,0.000003
250,1,0.000003
310,1,0.000003
320,1,0.000003
340,2,0.000004
410,1,0.000004
460,2,0.000004
470,1,0.000004
510,1,0.000004
600,1,0.000004
610,1,0.000004
620,1,0.000005
640,3,0.000005
650,2,0.000005
660,3,0.000005
670,2,0.000006
680,2,0.000006
690,3,0.000006
700,2,0.000006
710,6,0.000007
720,1,0.000007
750,1,0.000007
760,5,0.000008
770,4,0.000008
780,1,0.000008
790,4,0.000009
800,1,0.000009
810,1,0.000009
820,1,0.000009
850,3,0.000009
860,4,0.000010
870,1,0.000010
880,2,0.000010
890,2,0.000010
900,1,0.000010
930,3,0.000011
940,1,0.000011
950,1,0.000011
960,2,0.000011
970,1,0.000011
980,2,0.000011
1020,1,0.000011
1070,1,0.000012
1080,4,0.000012
1090,2,0.000012
1100,1,0.000012
1110,2,0.000013
1150,3,0.000013
1160,1,0.000013
1170,2,0.000013
1180,3,0.000013
1200,3,0.000014
1220,1,0.000014
1230,1,0.000014
1240,1,0.000014
1250,2,0.000014
1260,3,0.000015
1280,1,0.000015
1290,3,0.000015
1300,1,0.000015
1320,1,0.000015
1330,2,0.000015
1340,1,0.000016
1350,1,0.000016
1360,1,0.000016
1370,2,0.000016
1410,1,0.000016
1430,1,0.000016
1450,1,0.000016
1460,1,0.000016
1470,1,0.000017
1480,3,0.000017
1490,5,0.000017
1500,6,0.000018
1510,2,0.000018
1520,1,0.000018
1530,3,0.000019
1540,3,0.000019
1560,8,0.000020
1570,5,0.000020
1580,2,0.000021
1600,3,0.000021
1610,4,0.000021
1620,7,0.000022
1630,4,0.000022
1640,6,0.000023
1650,2,0.000023
1660,3,0.000024
1670,2,0.000024
1680,1,0.000024
1690,4,0.000024
1700,5,0.000025
1710,2,0.000025
1720,3,0.000025
1730,1,0.000025
1740,4,0.000026
1750,7,0.000027
1760,4,0.000027
1770,5,0.000028
1780,3,0.000028
1790,3,0.000028
1800,4,0.000029
1810,5,0.000029
1820,2,0.000029
1830,1,0.000029
1840,4,0.000030
1850,2,0.000030
1870,2,0.000030
1880,2,0.000031
1890,3,0.000031
1900,6,0.000031
1910,5,0.000032
1920,5,0.000033
1930,3,0.000033
1940,4,0.000033
1950,6,0.000034
1960,8,0.000035
1970,6,0.000035
1980,9,0.000036
1990,6,0.000037
2000,10,0.000038
2010,5,0.000039
2020,4,0.000039
2030,8,0.000040
2040,8,0.000041
2050,17,0.000042
2060,9,0.000043
2070,16,0.000045
2080,10,0.000046
2090,7,0.000047
2100,9,0.000048
2110,9,0.000049
2120,10,0.000050
2130,12,0.000051
2140,12,0.000052
2150,14,0.000054
2160,16,0.000055
2170,6,0.000056
2180,13,0.000057
2190,13,0.000059
2200,11,0.000060
2210,13,0.000061
2220,15,0.000063
2230,12,0.000064
2240,16,0.000066
2250,19,0.000068
2260,18,0.000070
2270,19,0.000072
2280,30,0.000075
2290,20,0.000077
2300,20,0.000079
2310,13,0.000081
2320,30,0.000084
2330,27,0.000087
2340,21,0.000089
2350,34,0.000092
2360,29,0.000095
2370,38,0.000099
2380,28,0.000102
2390,34,0.000106
2400,33,0.000109
2410,40,0.000114
2420,53,0.000119
2430,31,0.000122
2440,40,0.000127
2450,46,0.000131
2460,47,0.000136
2470,46,0.000141
2480,41,0.000146
2490,47,0.000151
2500,51,0.000156
2510,57,0.000162
2520,68,0.000169
2530,65,0.000176
2540,65,0.000183
2550,50,0.000188
2560,74,0.000196
2570,56,0.000202
2580,70,0.000209
2590,69,0.000216
2600,84,0.000225
2610,76,0.000233
2620,82,0.000242
2630,82,0.000250
2640,70,0.000258
2650,91,0.000267
2660,96,0.000277
2670,86,0.000287
2680,81,0.000295
2690,89,0.000304
2700,98,0.000315
2710,83,0.000323
2720,96,0.000334
2730,118,0.000346
2740,86,0.000355
2750,109,0.000367
2760,106,0.000378
2770,92,0.000387
2780,121,0.000400
2790,113,0.000412
2800,120,0.000425
2810,118,0.000437
2820,111,0.000449
2830,126,0.000462
2840,132,0.000476
2850,125,0.000489
2860,148,0.000505
2870,135,0.000519
2880,159,0.000536
2890,178,0.000554
2900,166,0.000572
2910,167,0.000589
2920,170,0.000607
2930,165,0.000625
2940,163,0.000642
2950,186,0.000661
2960,193,0.000682
2970,186,0.000701
2980,185,0.000721
2990,185,0.000740
3000,199,0.000761
3010,198,0.000782
3020,196,0.000803
3030,248,0.000829
3040,223,0.000852
3050,228,0.000876
3060,235,0.000901
3070,242,0.000926
3080,236,0.000951
3090,262,0.000979
3100,275,0.001008
3110,268,0.001036
3120,270,0.001064
3130,269,0.001093
3140,290,0.001123
3150,265,0.001151
3160,297,0.001182
3170,304,0.001214
3180,302,0.001246
3190,330,0.001281
3200,329,0.001316
3210,298,0.001347
3220,321,0.001381
3230,301,0.001412
3240,332,0.001447
3250,322,0.001481
3260,376,0.001521
3270,389,0.001562
3280,331,0.001597
3290,407,0.001639
3300,387,0.001680
3310,351,0.001717
3320,410,0.001760
3330,404,0.001803
3340,420,0.001847
3350,395,0.001889
3360,413,0.001932
3370,379,0.001972
3380,462,0.002021
3390,470,0.002070
3400,423,0.002115
3410,438,0.002161
3420,425,0.002205
3430,489,0.002257
3440,496,0.002309
3450,473,0.002359
3460,480,0.002409
3470,480,0.002460
3480,493,0.002512
3490,509,0.002565
3500,553,0.002624
3510,538,0.002680
3520,580,0.002741
3530,551,0.002799
3540,580,0.002860
3550,602,0.002924
3560,556,0.002982
3570,601,0.003046
3580,612,0.003110
3590,606,0.003174
3600,610,0.003238
3610,610,0.003302
3620,662,0.003372
3630,592,0.003434
3640,669,0.003505
3650,700,0.003578
3660,659,0.003648
3670,658,0.003717
3680,705,0.003791
3690,715,0.003866
3700,718,0.003942
3710,706,0.004016
3720,744,0.004095
3730,704,0.004169
3740,743,0.004247
3750,759,0.004327
3760,709,0.004401
3770,778,0.004483
3780,737,0.004561
3790,758,0.004641
3800,783,0.004723
3810,769,0.004804
3820,742,0.004882
3830,801,0.004967
3840,785,0.005049
3850,780,0.005131
3860,832,0.005219
3870,861,0.005309
3880,833,0.005397
3890,762,0.005477
3900,817,0.005563
3910,828,0.005651
3920,792,0.005734
3930,872,0.005826
3940,848,0.005915
3950,831,0.006002
3960,820,0.006089
3970,920,0.006186
3980,904,0.006281
3990,833,0.006368
4000,855,0.006458
4010,861,0.006549
4020,899,0.006644
4030,872,0.006735
4040,926,0.006833
4050,848,0.006922
4060,889,0.007016
4070,935,0.007114
4080,915,0.007211
4090,1040,0.007320
4100,1013,0.007427
4110,950,0.007527
4120,975,0.007629
4130,1022,0.007737
4140,1002,0.007842
4150,993,0.007947
4160,997,0.008052
4170,1016,0.008159
4180,1037,0.008268
4190,1035,0.008377
4200,1015,0.008484
4210,1005,0.008589
4220,1026,0.008697
4230,1023,0.008805
4240,1064,0.008917
4250,1003,0.009023
4260,1084,0.009137
4270,1083,0.009251
4280,1083,0.009365
4290,1138,0.009485
4300,1115,0.009602
4310,1053,0.009713
4320,1122,0.009831
4330,1126,0.009949
4340,1128,0.010068
4350,1131,0.010187
4360,1079,0.010301
4370,1137,0.010421
4380,1100,0.010536
4390,1133,0.010656
4400,1162,0.010778
4410,1168,0.010901
4420,1150,0.011022
4430,1117,0.011139
4440,1103,0.011256
4450,1154,0.011377
4460,1162,0.011499
4470,1201,0.011626
4480,1143,0.011746
4490,1173,0.011870
4500,1181,0.011994
4510,1198,0.012120
4520,1173,0.012243
4530,1202,0.012370
4540,1264,0.012503
4550,1175,0.012627
4560,1209,0.012754
4570,1255,0.012886
4580,1226,0.013015
4590,1220,0.013144
4600,1268,0.013277
4610,1263,0.013410
4620,1149,0.013531
4630,1237,0.013661
4640,1102,0.013777
4650,1207,0.013904
4660,1171,0.014027
4670,1178,0.014151
4680,1275,0.014286
4690,1176,0.014409
4700,1250,0.014541
4710,1212,0.014669
4720,1219,0.014797
4730,1207,0.014924
4740,1249,0.015055
4750,1249,0.015187
4760,1244,0.015318
4770,1213,0.015446
4780,1270,0.015579
4790,1303,0.015716
4800,1294,0.015853
4810,1275,0.015987
4820,1306,0.016124
4830,1359,0.016267
4840,1322,0.016407
4850,1290,0.016542
4860,1264,0.016675
4870,1414,0.016824
4880,1310,0.016962
4890,1265,0.017095
4900,1302,0.017232
4910,1306,0.017370
4920,1270,0.017503
4930,1299,0.017640
4940,1386,0.017786
4950,1336,0.017927
4960,1325,0.018066
4970,1315,0.018205
4980,1414,0.018353
4990,1356,0.018496
5000,1351,0.018638
5010,1366,0.018782
5020,1337,0.018923
5030,1435,0.019074
5040,1387,0.019220
5050,1411,0.019369
5060,1418,0.019518
5070,1434,0.019669
5080,1460,0.019822
5090,1402,0.019970
5100,1398,0.020117
5110,1467,0.020272
5120,1538,0.020433
5130,1487,0.020590
5140,1542,0.020752
5150,1514,0.020912
5160,1473,0.021067
5170,1538,0.021229
5180,1540,0.021391
5190,1530,0.021552
5200,1619,0.021722
5210,1692,0.021900
5220,1632,0.022072
5230,1572,0.022238
5240,1634,0.022410
5250,1639,0.022582
5260,1666,0.022757
5270,1736,0.022940
5280,1635,0.023112
5290,1678,0.023289
5300,1682,0.023466
5310,1738,0.023649
5320,1795,0.023838
5330,1778,0.024025
5340,1864,0.024221
5350,1888,0.024420
5360,1864,0.024616
5370,1885,0.024815
5380,1985,0.025024
5390,1983,0.025232
5400,1911,0.025433
5410,1997,0.025644
5420,2073,0.025862
5430,2024,0.026075
5440,2042,0.026290
5450,2153,0.026517
5460,2172,0.026745
5470,2223,0.026979
5480,2250,0.027216
5490,2374,0.027466
5500,2337,0.027712
5510,2357,0.027960
5520,2298,0.028202
5530,2418,0.028456
5540,2440,0.028713
5550,2541,0.028981
5560,2681,0.029263
5570,2589,0.029535
5580,2691,0.029819
5590,2688,0.030102
5600,2818,0.030398
5610,2782,0.030691
5620,2951,0.031002
5630,2933,0.031310
5640,3004,0.031627
5650,3065,0.031949
5660,3118,0.032278
5670,3207,0.032615
5680,3249,0.032957
5690,3413,0.033316
5700,3338,0.033668
5710,3567,0.034043
5720,3675,0.034430
5730,3649,0.034814
5740,3652,0.035199
5750,3833,0.035602
5760,3914,0.036014
5770,3978,0.036433
5780,4102,0.036865
5790,4206,0.037307
5800,4296,0.037760
5810,4390,0.038222
5820,4560,0.038702
5830,4686,0.039195
5840,4676,0.039687
5850,4822,0.040195
5860,4962,0.040717
5870,4948,0.041238
5880,5243,0.041790
5890,5102,0.042327
5900,5493,0.042905
5910,5452,0.043479
5920,5699,0.044079
5930,5840,0.044694
5940,5990,0.045324
5950,6133,0.045970
5960,6111,0.046613
5970,6427,0.047289
5980,6778,0.048003
5990,6529,0.048690
6000,6719,0.049397
6010,7088,0.050144
6020,7167,0.050898
6030,7233,0.051659
6040,7591,0.052458
6050,7710,0.053270
6060,7794,0.054090
6070,8033,0.054936
6080,8060,0.055784
6090,8204,0.056648
6100,8530,0.057546
6110,8644,0.058456
6120,9002,0.059403
6130,9084,0.060360
6140,9062,0.061313
6150,9368,0.062300
6160,9599,0.063310
6170,9999,0.064362
6180,9948,0.065410
6190,10170,0.066480
6200,10349,0.067570
6210,10723,0.068698
6220,10802,0.069835
6230,10914,0.070984
6240,11327,0.072176
6250,11476,0.073384
6260,11591,0.074605
6270,11908,0.075858
6280,12117,0.077134
6290,12318,0.078430
6300,12706,0.079768
6310,12515,0.081085
6320,13046,0.082458
6330,13215,0.083849
6340,13253,0.085244
6350,13628,0.086679
6360,13525,0.088103
6370,14144,0.089591
6380,14276,0.091094
6390,14481,0.092618
6400,14531,0.094148
6410,14948,0.095721
6420,15471,0.097350
6430,15716,0.099004
6440,15640,0.100651
6450,15908,0.102325
6460,16535,0.104066
6470,16550,0.105808
6480,16878,0.107584
6490,17159,0.109391
6500,17206,0.111202
6510,17548,0.113049
6520,17516,0.114893
6530,18216,0.116810
6540,18214,0.118727
6550,18421,0.120667
6560,18847,0.122650
6570,19289,0.124681
6580,19128,0.126694
6590,19985,0.128798
6600,19745,0.130876
6610,19962,0.132978
6620,20128,0.135096
6630,20718,0.137277
6640,21287,0.139518
6650,21557,0.141787
6660,21306,0.144030
6670,21716,0.146316
6680,22065,0.148638
6690,22134,0.150968
6700,22654,0.153353
6710,22836,0.155757
6720,23052,0.158183
6730,23369,0.160643
6740,23878,0.163157
6750,23824,0.165664
6760,24194,0.168211
6770,24453,0.170785
6780,24612,0.173376
6790,25293,0.176038
6800,24798,0.178649
6810,25297,0.181311
6820,25434,0.183989
6830,25854,0.186710
6840,25861,0.189432
6850,26062,0.192176
6860,26765,0.194993
6870,26896,0.197824
6880,26900,0.200656
6890,27158,0.203515
6900,27737,0.206434
6910,27842,0.209365
6920,28007,0.212313
6930,28318,0.215294
6940,28500,0.218294
6950,28664,0.221311
6960,29071,0.224371
6970,29437,0.227470
6980,29963,0.230624
6990,29659,0.233746
7000,30137,0.236918
7010,30446,0.240123
7020,30336,0.243316
7030,30966,0.246576
7040,30920,0.249831
7050,31330,0.253128
7060,30850,0.256376
7070,31895,0.259733
7080,31985,0.263100
7090,31823,0.266450
7100,32315,0.269851
7110,32589,0.273282
7120,32832,0.276738
7130,32903,0.280201
7140,33236,0.283700
7150,33491,0.287225
7160,33340,0.290735
7170,33571,0.294268
7180,33620,0.297807
7190,33857,0.301371
7200,34102,0.304961
7210,34384,0.308580
7220,34787,0.312242
7230,34223,0.315845
7240,34975,0.319526
7250,34994,0.323210
7260,35483,0.326945
7270,35508,0.330682
7280,35396,0.334408
7290,35433,0.338138
7300,35995,0.341927
7310,36099,0.345727
7320,36243,0.349542
7330,36165,0.353349
7340,36370,0.357177
7350,36929,0.361064
7360,36566,0.364914
7370,36911,0.368799
7380,36627,0.372654
7390,36839,0.376532
7400,37120,0.380440
7410,37116,0.384346
7420,37399,0.388283
7430,37048,0.392183
7440,37486,0.396129
7450,37336,0.400059
7460,37368,0.403992
7470,37490,0.407939
7480,37744,0.411912
7490,37765,0.415887
7500,37760,0.419862
7510,37482,0.423807
7520,37847,0.427791
7530,37617,0.431751
7540,37921,0.435743
7550,37986,0.439741
7560,37982,0.443739
7570,37940,0.447733
7580,38026,0.451736
7590,37862,0.455721
7600,38029,0.459724
7610,37877,0.463711
7620,37950,0.467706
7630,38230,0.471730
7640,38026,0.475733
7650,37917,0.479724
7660,37886,0.483712
7670,37846,0.487696
7680,37788,0.491674
7690,37652,0.495637
7700,37837,0.499620
7710,37882,0.503607
7720,37860,0.507593
7730,37574,0.511548
7740,37491,0.515494
7750,37428,0.519434
7760,37569,0.523389
7770,37637,0.527350
7780,37444,0.531292
7790,37573,0.535247
7800,37594,0.539204
7810,37315,0.543132
7820,37189,0.547047
7830,37244,0.550967
7840,36832,0.554844
7850,37326,0.558773
7860,36788,0.562646
7870,36776,0.566517
7880,36406,0.570349
7890,36666,0.574208
7900,36293,0.578029
7910,36413,0.581862
7920,36348,0.585688
7930,36169,0.589495
7940,36150,0.593300
7950,35895,0.597079
7960,36115,0.600880
7970,35586,0.604626
7980,35233,0.608335
7990,35380,0.612059
8000,35062,0.615750
8010,34974,0.619431
8020,34877,0.623103
8030,34825,0.626768
8040,34661,0.630417
8050,34772,0.634077
8060,34400,0.637698
8070,34178,0.641296
8080,33831,0.644857
8090,33944,0.648430
8100,33793,0.651987
8110,33506,0.655514
8120,33165,0.659005
8130,33066,0.662486
8140,32860,0.665945
8150,32625,0.669379
8160,32220,0.672771
8170,32539,0.676196
8180,32297,0.679595
8190,31897,0.682953
8200,31486,0.686267
8210,31157,0.689547
8220,31194,0.692831
8230,31483,0.696145
8240,30518,0.699357
8250,30672,0.702586
8260,30245,0.705769
8270,29997,0.708927
8280,30058,0.712091
8290,29380,0.715184
8300,29129,0.718250
8310,28832,0.721285
8320,28920,0.724329
8330,28629,0.727342
8340,28650,0.730358
8350,28124,0.733319
8360,27905,0.736256
8370,27771,0.739179
8380,27523,0.742076
8390,27631,0.744985
8400,26922,0.747819
8410,26721,0.750632
8420,26590,0.753431
8430,26315,0.756201
8440,25912,0.758928
8450,25852,0.761649
8460,25686,0.764353
8470,25279,0.767014
8480,25062,0.769652
8490,24970,0.772281
8500,24417,0.774851
8510,24507,0.777431
8520,23970,0.779954
8530,23845,0.782464
8540,23508,0.784938
8550,23475,0.787409
8560,23092,0.789840
8570,22829,0.792243
8580,22675,0.794630
8590,22334,0.796981
8600,22225,0.799320
8610,22000,0.801636
8620,21670,0.803917
8630,21543,0.806185
8640,21295,0.808426
8650,20991,0.810636
8660,20914,0.812837
8670,20912,0.815039
8680,20175,0.817162
8690,19975,0.819265
8700,19682,0.821337
8710,19730,0.823414
8720,19598,0.825477
8730,19036,0.827480
8740,19196,0.829501
8750,18513,0.831450
8760,18417,0.833388
8770,18272,0.835312
8780,17924,0.837198
8790,17799,0.839072
8800,17649,0.840930
8810,17580,0.842780
8820,17099,0.844580
8830,16764,0.846345
8840,16908,0.848125
8850,16624,0.849875
8860,16343,0.851595
8870,15984,0.853277
8880,15720,0.854932
8890,15626,0.856577
8900,15273,0.858185
8910,15044,0.859768
8920,14931,0.861340
8930,14838,0.862902
8940,14501,0.864428
8950,14327,0.865936
8960,14379,0.867450
8970,14056,0.868930
8980,13819,0.870384
8990,13488,0.871804
9000,13375,0.873212
9010,12976,0.874578
9020,12832,0.875928
9030,12837,0.877280
9040,12719,0.878619
9050,12490,0.879933
9060,12028,0.881199
9070,12093,0.882472
9080,11922,0.883727
9090,11736,0.884963
9100,11487,0.886172
9110,11592,0.887392
9120,11179,0.888569
9130,11015,0.889728
9140,10803,0.890865
9150,10676,0.891989
9160,10646,0.893110
9170,10450,0.894210
9180,10246,0.895288
9190,10127,0.896354
9200,9996,0.897407
9210,9904,0.898449
9220,9596,0.899459
9230,9388,0.900447
9240,9510,0.901448
9250,9169,0.902414
9260,8856,0.903346
9270,8939,0.904287
9280,8784,0.905211
9290,8781,0.906136
9300,8562,0.907037
9310,8527,0.907934
9320,8204,0.908798
9330,8280,0.909670
9340,8082,0.910520
9350,7927,0.911355
9360,8016,0.912199
9370,7723,0.913012
9380,7668,0.913819
9390,7434,0.914601
9400,7548,0.915396
9410,7200,0.916154
9420,7141,0.916905
9430,7206,0.917664
9440,6981,0.918399
9450,6808,0.919115
9460,6766,0.919828
9470,6763,0.920539
9480,6510,0.921225
9490,6439,0.921902
9500,6411,0.922577
9510,6407,0.923252
9520,6398,0.923925
9530,6130,0.924571
9540,6029,0.925205
9550,6121,0.925849
9560,5995,0.926480
9570,5886,0.927100
9580,5784,0.927709
9590,5821,0.928322
9600,5593,0.928910
9610,5593,0.929499
9620,5419,0.930070
9630,5373,0.930635
9640,5438,0.931208
9650,5386,0.931774
9660,5211,0.932323
9670,5089,0.932859
9680,4952,0.933380
9690,4982,0.933904
9700,5047,0.934436
9710,4822,0.934943
9720,4883,0.935457
9730,4634,0.935945
9740,4708,0.936441
9750,4637,0.936929
9760,4631,0.937416
9770,4479,0.937888
9780,4528,0.938364
9790,4405,0.938828
9800,4239,0.939274
9810,4408,0.939738
9820,4203,0.940181
9830,4202,0.940623
9840,4100,0.941054
9850,4136,0.941490
9860,4053,0.941916
9870,4034,0.942341
9880,3936,0.942755
9890,3929,0.943169
9900,3879,0.943577
9910,3892,0.943987
9920,3743,0.944381
9930,3868,0.944788
9940,3729,0.945181
9950,3746,0.945575
9960,3734,0.945968
9970,3569,0.946344
9980,3532,0.946716
9990,3610,0.947096
10000,3575,0.947472
10010,3469,0.947837
10020,3473,0.948203
10030,3461,0.948567
10040,3397,0.948924
10050,3326,0.949275
10060,3373,0.949630
10070,3316,0.949979
10080,3392,0.950336
10090,3292,0.950682
10100,3187,0.951018
10110,3269,0.951362
10120,3169,0.951695
10130,3143,0.952026
10140,3189,0.952362
10150,3191,0.952698
10160,3122,0.953026
10170,3103,0.953353
10180,3018,0.953671
10190,3002,0.953987
10200,2882,0.954290
10210,3007,0.954607
10220,2967,0.954919
10230,3022,0.955237
10240,3012,0.955554
10250,2988,0.955869
10260,2843,0.956168
10270,2838,0.956467
10280,2864,0.956768
10290,2768,0.957060
10300,2863,0.957361
10310,2796,0.957655
10320,2739,0.957943
10330,2846,0.958243
10340,2736,0.958531
10350,2706,0.958816
10360,2737,0.959104
10370,2676,0.959386
10380,2681,0.959668
10390,2663,0.959948
10400,2659,0.960228
10410,2671,0.960509
10420,2615,0.960785
10430,2624,0.961061
10440,2612,0.961336
10450,2633,0.961613
10460,2654,0.961892
10470,2566,0.962162
10480,2468,0.962422
10490,2472,0.962682
10500,2555,0.962951
10510,2488,0.963213
10520,2612,0.963488
10530,2463,0.963747
10540,2482,0.964009
10550,2472,0.964269
10560,2425,0.964524
10570,2460,0.964783
10580,2501,0.965046
10590,2509,0.965310
10600,2405,0.965564
10610,2446,0.965821
10620,2468,0.966081
10630,2489,0.966343
10640,2412,0.966597
10650,2424,0.966852
10660,2327,0.967097
10670,2444,0.967354
10680,2418,0.967609
10690,2396,0.967861
10700,2391,0.968113
10710,2401,0.968365
10720,2310,0.968608
10730,2340,0.968855
10740,2264,0.969093
10750,2300,0.969335
10760,2339,0.969581
10770,2306,0.969824
10780,2247,0.970061
10790,2223,0.970295
10800,2167,0.970523
10810,2238,0.970758
10820,2264,0.970997
10830,2286,0.971237
10840,2286,0.971478
10850,2213,0.971711
10860,2167,0.971939
10870,2195,0.972170
10880,2244,0.972406
10890,2217,0.972640
10900,2141,0.972865
10910,2156,0.973092
10920,2076,0.973310
10930,2146,0.973536
10940,2125,0.973760
10950,2118,0.973983
10960,2020,0.974196
10970,2076,0.974414
10980,2130,0.974638
10990,2009,0.974850
11000,1995,0.975060
11010,2087,0.975280
11020,2044,0.975495
11030,2135,0.975719
11040,2054,0.975936
11050,2055,0.976152
11060,1915,0.976353
11070,1918,0.976555
11080,2005,0.976766
11090,1984,0.976975
11100,2013,0.977187
11110,1980,0.977396
11120,1848,0.977590
11130,1934,0.977794
11140,1927,0.977997
11150,1901,0.978197
11160,1937,0.978401
11170,1884,0.978599
11180,1826,0.978791
11190,1927,0.978994
11200,1836,0.979187
11210,1750,0.979371
11220,1823,0.979563
11230,1873,0.979760
11240,1786,0.979948
11250,1816,0.980140
11260,1802,0.980329
11270,1808,0.980520
11280,1810,0.980710
11290,1705,0.980890
11300,1745,0.981073
11310,1723,0.981255
11320,1744,0.981438
11330,1708,0.981618
11340,1683,0.981795
11350,1681,0.981972
11360,1772,0.982159
11370,1728,0.982341
11380,1732,0.982523
11390,1736,0.982706
11400,1645,0.982879
11410,1661,0.983054
11420,1666,0.983229
11430,1530,0.983390
11440,1574,0.983556
11450,1626,0.983727
11460,1608,0.983896
11470,1654,0.984070
11480,1537,0.984232
11490,1586,0.984399
11500,1518,0.984559
11510,1542,0.984721
11520,1485,0.984877
11530,1548,0.985040
11540,1578,0.985206
11550,1459,0.985360
11560,1539,0.985522
11570,1509,0.985681
11580,1531,0.985842
11590,1470,0.985997
11600,1507,0.986155
11610,1497,0.986313
11620,1454,0.986466
11630,1418,0.986615
11640,1440,0.986767
11650,1469,0.986921
11660,1392,0.987068
11670,1375,0.987213
11680,1422,0.987362
11690,1351,0.987505
11700,1340,0.987646
11710,1374,0.987790
11720,1326,0.987930
11730,1320,0.988069
11740,1333,0.988209
11750,1285,0.988344
11760,1310,0.988482
11770,1310,0.988620
11780,1223,0.988749
11790,1223,0.988878
11800,1293,0.989014
11810,1297,0.989150
11820,1266,0.989284
11830,1251,0.989415
11840,1201,0.989542
11850,1152,0.989663
11860,1226,0.989792
11870,1202,0.989919
11880,1126,0.990037
11890,1131,0.990156
11900,1192,0.990282
11910,1138,0.990401
11920,1176,0.990525
11930,1148,0.990646
11940,1096,0.990761
11950,1131,0.990880
11960,1108,0.990997
11970,1126,0.991116
11980,1131,0.991235
11990,1089,0.991349
12000,1009,0.991455
12010,1042,0.991565
12020,1017,0.991672
12030,986,0.991776
12040,993,0.991881
12050,1009,0.991987
12060,997,0.992092
12070,955,0.992192
12080,928,0.992290
12090,939,0.992389
12100,1014,0.992495
12110,927,0.992593
12120,875,0.992685
12130,899,0.992780
12140,853,0.992870
12150,876,0.992962
12160,892,0.993056
12170,843,0.993144
12180,826,0.993231
12190,853,0.993321
12200,784,0.993404
12210,783,0.993486
12220,814,0.993572
12230,795,0.993656
12240,816,0.993741
12250,789,0.993824
12260,689,0.993897
12270,737,0.993975
12280,773,0.994056
12290,710,0.994131
12300,725,0.994207
12310,717,0.994282
12320,726,0.994359
12330,720,0.994435
12340,663,0.994504
12350,692,0.994577
12360,694,0.994650
12370,669,0.994721
12380,624,0.994786
12390,639,0.994854
12400,608,0.994918
12410,658,0.994987
12420,685,0.995059
12430,637,0.995126
12440,605,0.995190
12450,582,0.995251
12460,594,0.995314
12470,586,0.995375
12480,569,0.995435
12490,582,0.995496
12500,557,0.995555
12510,570,0.995615
12520,546,0.995673
12530,519,0.995727
12540,530,0.995783
12550,532,0.995839
12560,518,0.995893
12570,501,0.995946
12580,515,0.996000
12590,478,0.996051
12600,487,0.996102
12610,464,0.996151
12620,453,0.996199
12630,485,0.996250
12640,491,0.996301
12650,440,0.996348
12660,480,0.996398
12670,468,0.996447
12680,443,0.996494
12690,430,0.996539
12700,426,0.996584
12710,394,0.996626
12720,416,0.996669
12730,382,0.996710
12740,409,0.996753
12750,386,0.996793
12760,374,0.996833
12770,375,0.996872
12780,374,0.996911
12790,344,0.996948
12800,375,0.996987
12810,359,0.997025
12820,383,0.997065
12830,381,0.997105
12840,329,0.997140
12850,344,0.997176
12860,309,0.997209
12870,314,0.997242
12880,295,0.997273
12890,302,0.997305
12900,309,0.997337
12910,338,0.997373
12920,294,0.997404
12930,297,0.997435
12940,293,0.997466
12950,282,0.997495
12960,293,0.997526
12970,310,0.997559
12980,310,0.997592
12990,272,0.997620
13000,266,0.997648
13010,255,0.997675
13020,260,0.997702
13030,279,0.997732
13040,285,0.997762
13050,245,0.997788
13060,245,0.997813
13070,248,0.997839
13080,240,0.997865
13090,216,0.997887
13100,226,0.997911
13110,235,0.997936
13120,222,0.997959
13130,215,0.997982
13140,214,0.998005
13150,221,0.998028
13160,216,0.998051
13170,201,0.998072
13180,222,0.998095
13190,214,0.998118
13200,187,0.998137
13210,186,0.998157
13220,202,0.998178
13230,198,0.998199
13240,173,0.998217
13250,196,0.998238
13260,177,0.998256
13270,178,0.998275
13280,159,0.998292
13290,168,0.998310
13300,163,0.998327
13310,169,0.998345
13320,139,0.998359
13330,153,0.998375
13340,115,0.998387
13350,139,0.998402
13360,157,0.998419
13370,135,0.998433
13380,149,0.998448
13390,107,0.998460
13400,156,0.998476
13410,128,0.998490
13420,107,0.998501
13430,104,0.998512
13440,130,0.998526
13450,129,0.998539
13460,97,0.998549
13470,115,0.998561
13480,107,0.998573
13490,101,0.998583
13500,97,0.998593
13510,103,0.998604
13520,107,0.998616
13530,93,0.998625
13540,102,0.998636
13550,103,0.998647
13560,105,0.998658
13570,93,0.998668
13580,110,0.998679
13590,106,0.998691
13600,98,0.998701
13610,95,0.998711
13620,103,0.998722
13630,81,0.998730
13640,87,0.998739
13650,77,0.998747
13660,93,0.998757
13670,80,0.998766
13680,67,0.998773
13690,82,0.998781
13700,71,0.998789
13710,79,0.998797
13720,81,0.998806
13730,92,0.998815
13740,95,0.998825
13750,99,0.998836
13760,100,0.998846
13770,62,0.998853
13780,75,0.998861
13790,64,0.998867
13800,87,0.998877
13810,78,0.998885
13820,75,0.998893
13830,75,0.998901
13840,78,0.998909
13850,71,0.998916
13860,62,0.998923
13870,63,0.998930
13880,61,0.998936
13890,69,0.998943
13900,54,0.998949
13910,65,0.998956
13920,66,0.998963
13930,62,0.998969
13940,82,0.998978
13950,72,0.998985
13960,70,0.998993
13970,61,0.998999
13980,53,0.999005
13990,68,0.999012
14000,63,0.999019
14010,57,0.999025
14020,59,0.999031
14030,53,0.999036
14040,52,0.999042
14050,60,0.999048
14060,53,0.999054
14070,56,0.999060
14080,56,0.999065
14090,55,0.999071
14100,61,0.999078
14110,44,0.999082
14120,62,0.999089
14130,52,0.999094
14140,50,0.999100
14150,45,0.999104
14160,49,0.999109
14170,57,0.999115
14180,61,0.999122
14190,42,0.999126
14200,51,0.999132
14210,43,0.999136
14220,44,0.999141
14230,59,0.999147
14240,38,0.999151
14250,43,0.999156
14260,55,0.999161
14270,37,0.999165
14280,46,0.999170
14290,39,0.999174
14300,49,0.999179
14310,55,0.999185
14320,38,0.999189
14330,39,0.999193
14340,44,0.999198
14350,23,0.999200
14360,37,0.999204
14370,46,0.999209
14380,40,0.999213
14390,37,0.999217
14400,46,0.999222
14410,50,0.999227
14420,48,0.999232
14430,34,0.999236
14440,44,0.999241
14450,43,0.999245
14460,34,0.999249
14470,40,0.999253
14480,36,0.999257
14490,38,0.999261
14500,31,0.999264
14510,34,0.999267
14520,42,0.999272
14530,35,0.999276
14540,38,0.999280
14550,38,0.999284
14560,42,0.999288
14570,39,0.999292
14580,42,0.999297
14590,27,0.999299
14600,41,0.999304
14610,29,0.999307
14620,38,0.999311
14630,49,0.999316
14640,44,0.999321
14650,35,0.999324
14660,31,0.999327
14670,39,0.999332
14680,32,0.999335
14690,36,0.999339
14700,49,0.999344
14710,30,0.999347
14720,34,0.999351
14730,32,0.999354
14740,44,0.999359
14750,35,0.999362
14760,30,0.999365
14770,22,0.999368
14780,27,0.999371
14790,29,0.999374
14800,20,0.999376
14810,26,0.999379
14820,21,0.999381
14830,21,0.999383
14840,32,0.999386
14850,31,0.999390
14860,21,0.999392
14870,22,0.999394
14880,32,0.999397
14890,33,0.999401
14900,28,0.999404
14910,26,0.999407
14920,29,0.999410
14930,24,0.999412
14940,26,0.999415
14950,32,0.999418
14960,27,0.999421
14970,13,0.999423
14980,25,0.999425
14990,24,0.999428
15000,23,0.999430
15010,28,0.999433
15020,22,0.999435
15030,19,0.999437
15040,25,0.999440
15050,26,0.999443
15060,25,0.999445
15070,15,0.999447
15080,23,0.999449
15090,28,0.999452
15100,24,0.999455
15110,26,0.999458
15120,23,0.999460
15130,16,0.999462
15140,20,0.999464
15150,19,0.999466
15160,17,0.999468
15170,20,0.999470
15180,24,0.999472
15190,26,0.999475
15200,23,0.999477
15210,27,0.999480
15220,31,0.999483
15230,17,0.999485
15240,23,0.999488
15250,20,0.999490
15260,15,0.999491
15270,26,0.999494
15280,23,0.999497
15290,28,0.999499
15300,30,0.999503
15310,19,0.999505
15320,32,0.999508
15330,31,0.999511
15340,17,0.999513
15350,32,0.999516
15360,21,0.999519
15370,31,0.999522
15380,29,0.999525
15390,17,0.999527
15400,26,0.999529
15410,36,0.999533
15420,24,0.999536
15430,29,0.999539
15440,21,0.999541
15450,20,0.999543
15460,25,0.999546
15470,24,0.999548
15480,22,0.999551
15490,20,0.999553
15500,27,0.999556
15510,23,0.999558
15520,32,0.999561
15530,35,0.999565
15540,24,0.999568
15550,20,0.999570
15560,25,0.999572
15570,27,0.999575
15580,24,0.999578
15590,25,0.999580
15600,34,0.999584
15610,23,0.999586
15620,26,0.999589
15630,21,0.999591
15640,16,0.999593
15650,21,0.999595
15660,27,0.999598
15670,13,0.999599
15680,31,0.999603
15690,24,0.999605
15700,20,0.999607
15710,20,0.999609
15720,18,0.999611
15730,23,0.999614
15740,20,0.999616
15750,25,0.999618
15760,20,0.999620
15770,29,0.999624
15780,28,0.999627
15790,26,0.999629
15800,13,0.999631
15810,13,0.999632
15820,28,0.999635
15830,20,0.999637
15840,21,0.999639
15850,24,0.999642
15860,24,0.999644
15870,19,0.999646
15880,23,0.999649
15890,18,0.999651
15900,16,0.999652
15910,24,0.999655
15920,13,0.999656
15930,25,0.999659
15940,20,0.999661
15950,9,0.999662
15960,11,0.999663
15970,25,0.999666
15980,12,0.999667
15990,19,0.999669
16000,15,0.999671
16010,11,0.999672
16020,10,0.999673
16030,12,0.999674
16040,11,0.999675
16050,14,0.999677
16060,14,0.999678
16070,17,0.999680
16080,9,0.999681
16090,16,0.999683
16100,9,0.999683
16110,11,0.999685
16120,13,0.999686
16130,16,0.999688
16140,12,0.999689
16150,9,0.999690
16160,8,0.999691
16170,11,0.999692
16180,13,0.999693
16190,14,0.999695
16200,10,0.999696
16210,18,0.999698
16220,15,0.999699
16230,12,0.999701
16240,13,0.999702
16250,11,0.999703
16260,16,0.999705
16270,13,0.999706
16280,14,0.999708
16290,10,0.999709
16300,9,0.999710
16310,14,0.999711
16320,21,0.999713
16330,17,0.999715
16340,17,0.999717
16350,16,0.999719
16360,9,0.999720
16370,14,0.999721
16380,15,0.999723
16390,9,0.999723
16400,16,0.999725
16410,13,0.999727
16420,15,0.999728
16430,17,0.999730
16440,15,0.999731
16450,15,0.999733
16460,23,0.999735
16470,18,0.999737
16480,11,0.999739
16490,11,0.999740
16500,14,0.999741
16510,15,0.999743
16520,14,0.999744
16530,12,0.999745
16540,16,0.999747
16550,12,0.999748
16560,15,0.999750
16570,10,0.999751
16580,11,0.999752
16590,10,0.999753
16600,11,0.999754
16610,15,0.999756
16620,13,0.999757
16630,10,0.999758
16640,15,0.999760
16650,5,0.999761
16660,12,0.999762
16670,8,0.999763
16680,10,0.999764
16690,10,0.999765
16700,10,0.999766
16710,5,0.999766
16720,7,0.999767
16730,8,0.999768
16740,8,0.999769
16750,17,0.999771
16760,16,0.999772
16770,16,0.999774
16780,12,0.999775
16790,11,0.999776
16800,10,0.999777
16810,13,0.999779
16820,9,0.999780
16830,14,0.999781
16840,10,0.999782
16850,8,0.999783
16860,10,0.999784
16870,10,0.999785
16880,6,0.999786
16890,9,0.999787
16900,16,0.999788
16910,10,0.999789
16920,11,0.999791
16930,11,0.999792
16940,7,0.999793
16950,14,0.999794
16960,10,0.999795
16970,18,0.999797
16980,10,0.999798
16990,9,0.999799
17000,5,0.999799
17010,7,0.999800
17020,17,0.999802
17030,6,0.999803
17040,14,0.999804
17050,14,0.999806
17060,6,0.999806
17070,5,0.999807
17080,6,0.999807
17090,10,0.999808
17100,18,0.999810
17110,9,0.999811
17120,3,0.999812
17130,10,0.999813
17140,14,0.999814
17150,9,0.999815
17160,11,0.999816
17170,9,0.999817
17180,12,0.999818
17190,9,0.999819
17200,12,0.999821
17210,13,0.999822
17220,12,0.999823
17230,10,0.999824
17240,9,0.999825
17250,11,0.999826
17260,10,0.999827
17270,7,0.999828
17280,7,0.999829
17290,6,0.999830
17300,9,0.999831
17310,14,0.999832
17320,9,0.999833
17330,12,0.999834
17340,13,0.999836
17350,16,0.999837
17360,14,0.999839
17370,11,0.999840
17380,12,0.999841
17390,6,0.999842
17400,12,0.999843
17410,6,0.999844
17420,10,0.999845
17430,6,0.999845
17440,9,0.999846
17450,11,0.999847
17460,13,0.999849
17470,10,0.999850
17480,6,0.999851
17490,12,0.999852
17500,11,0.999853
17510,12,0.999854
17520,7,0.999855
17530,8,0.999856
17540,6,0.999856
17550,12,0.999858
17560,8,0.999858
17570,10,0.999860
17580,11,0.999861
17590,11,0.999862
17600,9,0.999863
17610,3,0.999863
17620,5,0.999864
17630,9,0.999865
17640,11,0.999866
17650,9,0.999867
17660,10,0.999868
17670,7,0.999869
17680,11,0.999870
17690,5,0.999870
17700,6,0.999871
17710,7,0.999872
17720,6,0.999872
17730,10,0.999873
17740,15,0.999875
17750,10,0.999876
17760,7,0.999877
17770,6,0.999877
17780,4,0.999878
17790,9,0.999879
17800,4,0.999879
17810,10,0.999880
17820,6,0.999881
17830,6,0.999881
17840,12,0.999883
17850,3,0.999883
17860,5,0.999883
17870,8,0.999884
17880,5,0.999885
17890,10,0.999886
17900,8,0.999887
17910,8,0.999888
17920,8,0.999888
17930,10,0.999889
17940,4,0.999890
17950,5,0.999890
17960,5,0.999891
17970,5,0.999891
17980,7,0.999892
17990,10,0.999893
18000,9,0.999894
18010,2,0.999894
18020,2,0.999895
18030,6,0.999895
18040,8,0.999896
18050,7,0.999897
18060,10,0.999898
18070,5,0.999898
18080,10,0.999899
18090,5,0.999900
18100,10,0.999901
18120,5,0.999902
18130,5,0.999902
18140,7,0.999903
18150,1,0.999903
18160,2,0.999903
18170,5,0.999904
18180,3,0.999904
18190,5,0.999905
18200,4,0.999905
18210,6,0.999906
18220,6,0.999906
18230,4,0.999907
18240,3,0.999907
18250,7,0.999908
18260,5,0.999908
18270,6,0.999909
18280,4,0.999909
18290,8,0.999910
18300,5,0.999911
18310,4,0.999911
18320,4,0.999911
18330,4,0.999912
18340,7,0.999913
18350,7,0.999913
18360,7,0.999914
18370,5,0.999915
18380,3,0.999915
18390,5,0.999915
18400,8,0.999916
18410,3,0.999917
18420,3,0.999917
18430,9,0.999918
18440,4,0.999918
18450,3,0.999919
18460,3,0.999919
18470,7,0.999920
18480,3,0.999920
18490,1,0.999920
18500,5,0.999921
18510,6,0.999921
18520,9,0.999922
18530,8,0.999923
18540,7,0.999924
18550,4,0.999924
18560,8,0.999925
18570,6,0.999926
18580,1,0.999926
18590,6,0.999926
18600,3,0.999927
18610,8,0.999928
18620,2,0.999928
18630,3,0.999928
18640,6,0.999929
18650,2,0.999929
18660,1,0.999929
18670,4,0.999929
18680,5,0.999930
18690,3,0.999930
18700,1,0.999930
18710,2,0.999931
18720,5,0.999931
18730,3,0.999931
18740,2,0.999932
18750,4,0.999932
18760,3,0.999932
18770,2,0.999933
18780,3,0.999933
18790,7,0.999934
18800,4,0.999934
18810,3,0.999934
18820,4,0.999935
18830,4,0.999935
18840,10,0.999936
18850,6,0.999937
18860,6,0.999938
18870,5,0.999938
18880,2,0.999938
18890,4,0.999939
18900,5,0.999939
18910,3,0.999940
18920,4,0.999940
18930,3,0.999940
18940,2,0.999941
18950,2,0.999941
18960,3,0.999941
18970,3,0.999941
18980,2,0.999942
18990,1,0.999942
19000,2,0.999942
19010,4,0.999942
19020,5,0.999943
19030,2,0.999943
19040,4,0.999943
19050,2,0.999944
19060,5,0.999944
19070,3,0.999945
19080,3,0.999945
19090,4,0.999945
19100,9,0.999946
19110,3,0.999947
19120,4,0.999947
19130,2,0.999947
19140,2,0.999947
19150,2,0.999948
19160,2,0.999948
19170,3,0.999948
19180,1,0.999948
19190,6,0.999949
19200,2,0.999949
19210,4,0.999949
19220,5,0.999950
19230,7,0.999951
19240,4,0.999951
19250,2,0.999951
19260,3,0.999952
19270,4,0.999952
19280,4,0.999953
19290,4,0.999953
19300,3,0.999953
19310,6,0.999954
19320,6,0.999955
19330,2,0.999955
19340,3,0.999955
19350,1,0.999955
19360,5,0.999956
19370,3,0.999956
19380,2,0.999956
19390,5,0.999957
19400,3,0.999957
19410,3,0.999957
19420,2,0.999958
19430,3,0.999958
19440,5,0.999958
19450,3,0.999959
19460,1,0.999959
19470,4,0.999959
19490,4,0.999960
19520,2,0.999960
19540,2,0.999960
19550,3,0.999960
19560,2,0.999961
19570,2,0.999961
19580,5,0.999961
19590,3,0.999962
19600,2,0.999962
19610,2,0.999962
19630,1,0.999962
19640,2,0.999962
19650,3,0.999963
19660,1,0.999963
19670,3,0.999963
19680,3,0.999963
19690,2,0.999964
19700,4,0.999964
19720,2,0.999964
19730,2,0.999965
19740,2,0.999965
19750,2,0.999965
19760,1,0.999965
19770,4,0.999965
19780,4,0.999966
19790,3,0.999966
19800,2,0.999966
19810,4,0.999967
19820,5,0.999967
19830,1,0.999967
19840,1,0.999968
19850,3,0.999968
19860,3,0.999968
19870,4,0.999969
19900,3,0.999969
19910,1,0.999969
19920,4,0.999969
19930,4,0.999970
19940,2,0.999970
19950,1,0.999970
19960,1,0.999970
19980,1,0.999970
20000,2,0.999971
20010,3,0.999971
20030,2,0.999971
20040,1,0.999971
20050,2,0.999971
20070,1,0.999972
20080,2,0.999972
20100,1,0.999972
20130,4,0.999972
20140,1,0.999972
20170,2,0.999973
20180,1,0.999973
20200,3,0.999973
20210,1,0.999973
20220,3,0.999973
20230,1,0.999974
20240,3,0.999974
20250,1,0.999974
20260,1,0.999974
20280,1,0.999974
20300,1,0.999974
20310,1,0.999974
20320,1,0.999975
20340,1,0.999975
20350,1,0.999975
20360,2,0.999975
20370,1,0.999975
20380,3,0.999975
20390,4,0.999976
20400,1,0.999976
20410,3,0.999976
20420,1,0.999976
20430,3,0.999977
20440,3,0.999977
20450,1,0.999977
20460,3,0.999977
20470,5,0.999978
20480,1,0.999978
20490,2,0.999978
20500,2,0.999978
20520,3,0.999979
20530,2,0.999979
20540,1,0.999979
20550,1,0.999979
20560,5,0.999980
20570,3,0.999980
20590,3,0.999980
20600,2,0.999981
20610,2,0.999981
20620,3,0.999981
20630,1,0.999981
20640,3,0.999981
20650,3,0.999982
20660,2,0.999982
20670,3,0.999982
20680,1,0.999982
20690,2,0.999983
20720,1,0.999983
20740,1,0.999983
20770,1,0.999983
20780,1,0.999983
20800,1,0.999983
20810,1,0.999983
20830,1,0.999983
20840,2,0.999984
20850,2,0.999984
20860,1,0.999984
20880,2,0.999984
20900,4,0.999985
20910,2,0.999985
20920,1,0.999985
20940,1,0.999985
20950,2,0.999985
20960,1,0.999985
20970,2,0.999985
20980,1,0.999986
20990,1,0.999986
21000,2,0.999986
21010,2,0.999986
21020,3,0.999986
21030,2,0.999987
21040,5,0.999987
21050,2,0.999987
21060,1,0.999987
21080,2,0.999988
21100,1,0.999988
21110,2,0.999988
21120,1,0.999988
21160,1,0.999988
21170,1,0.999988
21180,1,0.999988
21220,2,0.999989
21230,1,0.999989
21240,1,0.999989
21250,1,0.999989
21260,1,0.999989
21270,1,0.999989
21280,1,0.999989
21290,1,0.999989
21300,2,0.999990
21350,1,0.999990
21360,1,0.999990
21390,2,0.999990
21400,1,0.999990
21420,1,0.999990
21430,1,0.999990
21470,4,0.999991
21480,2,0.999991
21490,2,0.999991
21500,1,0.999991
21530,1,0.999991
21540,1,0.999991
21570,1,0.999992
21580,1,0.999992
21590,2,0.999992
21670,1,0.999992
21690,2,0.999992
21750,1,0.999992
21790,1,0.999992
21840,1,0.999993
21850,1,0.999993
21860,1,0.999993
21870,1,0.999993
21880,5,0.999993
21900,2,0.999994
21920,3,0.999994
21930,1,0.999994
21940,1,0.999994
21950,3,0.999994
21980,2,0.999995
21990,3,0.999995
22000,1,0.999995
22020,1,0.999995
22030,1,0.999995
22040,1,0.999995
22080,1,0.999995
22100,2,0.999996
22150,1,0.999996
22220,1,0.999996
22240,1,0.999996
22290,1,0.999996
22320,1,0.999996
22380,1,0.999996
22420,1,0.999996
22600,1,0.999997
22630,1,0.999997
22680,2,0.999997
22700,1,0.999997
22730,1,0.999997
22820,3,0.999997
22830,1,0.999997
22840,1,0.999998
22870,1,0.999998
22880,1,0.999998
22890,1,0.999998
22900,1,0.999998
22910,1,0.999998
22930,1,0.999998
22950,1,0.999998
22960,1,0.999998
23000,1,0.999999
23010,2,0.999999
23110,1,0.999999
23130,1,0.999999
23230,1,0.999999
23260,1,0.999999
23290,1,0.999999
23500,1,0.999999
23520,1,0.999999
23700,1,1.000000
23760,2,1.000000
23900,1,1.000000
23910,1,1.000000
