#latency,cnt,cdf
0,274,0.000137
10,49,0.000161
40,10,0.000167
50,10,0.000171
60,7,0.000175
70,137,0.000244
80,933,0.000710
90,1048,0.001234
100,233,0.001351
110,15174,0.008938
120,39548,0.028711
130,3204,0.030313
140,3498,0.032063
150,48959,0.056542
160,5925,0.059505
170,6031,0.062520
180,37840,0.081440
190,84813,0.123847
200,118821,0.183257
210,81630,0.224072
220,142458,0.295301
230,90319,0.340461
240,185432,0.433176
250,51699,0.459026
260,135939,0.526995
270,154339,0.604165
280,57512,0.632921
290,165410,0.715626
300,35400,0.733326
310,124502,0.795577
320,57082,0.824118
330,69660,0.858948
340,91638,0.904767
350,46626,0.928080
360,28013,0.942087
370,11123,0.947648
380,8593,0.951944
390,18564,0.961227
400,33175,0.977814
410,9926,0.982777
420,9293,0.987423
430,2363,0.988605
440,4040,0.990625
450,1250,0.991250
460,1146,0.991823
470,400,0.992023
480,619,0.992333
490,208,0.992437
500,189,0.992531
510,163,0.992612
520,150,0.992688
530,166,0.992770
540,125,0.992833
550,154,0.992910
560,138,0.992979
570,137,0.993047
580,163,0.993129
590,186,0.993222
600,189,0.993316
610,228,0.993430
620,174,0.993518
630,194,0.993614
640,192,0.993711
650,183,0.993802
660,159,0.993882
670,147,0.993955
680,178,0.994044
690,164,0.994126
700,161,0.994206
710,133,0.994273
720,136,0.994341
730,140,0.994411
740,134,0.994478
750,110,0.994533
760,107,0.994587
770,129,0.994651
780,133,0.994717
790,116,0.994775
800,110,0.994830
810,90,0.994875
820,105,0.994928
830,108,0.994982
840,98,0.995031
850,96,0.995079
860,97,0.995127
870,96,0.995175
880,98,0.995224
890,102,0.995275
900,114,0.995332
910,106,0.995386
920,112,0.995441
930,105,0.995494
940,103,0.995546
950,108,0.995600
960,120,0.995659
970,125,0.995722
980,114,0.995779
990,104,0.995831
1000,135,0.995898
1010,134,0.995965
1020,145,0.996038
1030,144,0.996110
1040,113,0.996167
1050,118,0.996225
1060,127,0.996289
1070,106,0.996342
1080,131,0.996408
1090,127,0.996471
1100,127,0.996535
1110,114,0.996592
1120,101,0.996642
1130,107,0.996696
1140,112,0.996751
1150,100,0.996801
1160,111,0.996857
1170,103,0.996908
1180,113,0.996965
1190,104,0.997017
1200,91,0.997063
1210,72,0.997099
1220,77,0.997137
1230,82,0.997178
1240,81,0.997218
1250,64,0.997250
1260,53,0.997277
1270,57,0.997306
1280,60,0.997335
1290,74,0.997373
1300,57,0.997401
1310,57,0.997429
1320,69,0.997464
1330,59,0.997494
1340,51,0.997519
1350,52,0.997545
1360,53,0.997572
1370,63,0.997603
1380,39,0.997622
1390,49,0.997647
1400,30,0.997662
1410,39,0.997681
1420,46,0.997705
1430,29,0.997719
1440,32,0.997735
1450,34,0.997752
1460,37,0.997770
1470,34,0.997787
1480,26,0.997801
1490,21,0.997811
1500,23,0.997823
1510,25,0.997835
1520,29,0.997850
1530,20,0.997859
1540,18,0.997868
1550,26,0.997881
1560,25,0.997894
1570,16,0.997902
1580,21,0.997913
1590,19,0.997922
1600,24,0.997934
1610,24,0.997946
1620,14,0.997953
1630,19,0.997962
1640,18,0.997971
1650,19,0.997981
1660,26,0.997994
1670,21,0.998004
1680,18,0.998013
1690,27,0.998027
1700,20,0.998037
1710,16,0.998045
1720,18,0.998054
1730,26,0.998067
1740,14,0.998074
1750,14,0.998081
1760,15,0.998088
1770,23,0.998100
1780,19,0.998110
1790,25,0.998122
1800,17,0.998131
1810,14,0.998137
1820,16,0.998146
1830,31,0.998161
1840,26,0.998174
1850,21,0.998185
1860,21,0.998195
1870,16,0.998203
1880,23,0.998214
1890,24,0.998227
1900,14,0.998233
1910,14,0.998240
1920,24,0.998253
1930,15,0.998260
1940,15,0.998267
1950,17,0.998276
1960,20,0.998286
1970,13,0.998293
1980,18,0.998302
1990,25,0.998314
2000,11,0.998320
2010,17,0.998328
2020,15,0.998335
2030,7,0.998339
2040,16,0.998347
2050,15,0.998354
2060,18,0.998363
2070,16,0.998371
2080,8,0.998375
2090,14,0.998383
2100,18,0.998392
2110,21,0.998402
2120,10,0.998407
2130,24,0.998419
2140,8,0.998423
2150,17,0.998432
2160,16,0.998439
2170,17,0.998448
2180,8,0.998452
2190,16,0.998460
2200,12,0.998466
2210,11,0.998471
2220,17,0.998480
2230,8,0.998484
2240,11,0.998489
2250,13,0.998496
2260,9,0.998501
2270,15,0.998508
2280,13,0.998514
2290,12,0.998520
2300,13,0.998527
2310,12,0.998533
2320,20,0.998543
2330,20,0.998553
2340,8,0.998557
2350,12,0.998563
2360,16,0.998571
2370,15,0.998578
2380,14,0.998586
2390,18,0.998595
2400,16,0.998603
2410,18,0.998612
2420,21,0.998622
2430,18,0.998631
2440,10,0.998636
2450,19,0.998645
2460,13,0.998652
2470,23,0.998663
2480,14,0.998671
2490,15,0.998678
2500,20,0.998688
2510,16,0.998696
2520,8,0.998700
2530,16,0.998708
2540,15,0.998716
2550,13,0.998722
2560,11,0.998728
2570,22,0.998739
2580,18,0.998748
2590,24,0.998760
2600,20,0.998770
2610,9,0.998774
2620,16,0.998782
2630,13,0.998788
2640,25,0.998801
2650,19,0.998811
2660,12,0.998816
2670,16,0.998824
2680,10,0.998829
2690,14,0.998837
2700,13,0.998843
2710,9,0.998847
2720,13,0.998854
2730,17,0.998863
2740,18,0.998872
2750,15,0.998879
2760,17,0.998887
2770,19,0.998897
2780,11,0.998902
2790,13,0.998909
2800,14,0.998916
2810,9,0.998921
2820,19,0.998930
2830,10,0.998935
2840,17,0.998944
2850,13,0.998950
2860,11,0.998955
2870,21,0.998966
2880,13,0.998972
2890,8,0.998977
2900,11,0.998982
2910,10,0.998987
2920,17,0.998995
2930,11,0.999001
2940,10,0.999006
2950,10,0.999011
2960,14,0.999018
2970,14,0.999025
2980,9,0.999030
2990,14,0.999036
3000,16,0.999044
3010,18,0.999053
3020,7,0.999057
3030,15,0.999065
3040,21,0.999075
3050,20,0.999085
3060,16,0.999093
3070,19,0.999102
3080,14,0.999110
3090,17,0.999118
3100,13,0.999125
3110,16,0.999133
3120,14,0.999139
3130,16,0.999147
3140,15,0.999155
3150,18,0.999164
3160,15,0.999171
3170,15,0.999179
3180,16,0.999187
3190,22,0.999198
3200,12,0.999204
3210,20,0.999214
3220,23,0.999225
3230,16,0.999233
3240,17,0.999242
3250,11,0.999247
3260,16,0.999255
3270,24,0.999268
3280,17,0.999276
3290,14,0.999283
3300,20,0.999293
3310,13,0.999300
3320,19,0.999309
3330,18,0.999318
3340,13,0.999325
3350,15,0.999332
3360,11,0.999337
3370,19,0.999347
3380,19,0.999357
3390,12,0.999363
3400,15,0.999370
3410,24,0.999382
3420,14,0.999389
3430,21,0.999399
3440,13,0.999406
3450,13,0.999412
3460,18,0.999421
3470,15,0.999429
3480,19,0.999439
3490,18,0.999448
3500,25,0.999460
3510,13,0.999466
3520,16,0.999475
3530,11,0.999480
3540,15,0.999488
3550,17,0.999496
3560,17,0.999505
3570,18,0.999514
3580,20,0.999524
3590,15,0.999531
3600,11,0.999537
3610,13,0.999543
3620,10,0.999548
3630,14,0.999555
3640,12,0.999561
3650,15,0.999569
3660,21,0.999579
3670,17,0.999587
3680,17,0.999596
3690,10,0.999601
3700,15,0.999609
3710,12,0.999614
3720,11,0.999620
3730,10,0.999625
3740,17,0.999633
3750,9,0.999638
3760,4,0.999640
3770,14,0.999647
3780,13,0.999654
3790,14,0.999660
3800,8,0.999664
3810,9,0.999669
3820,14,0.999676
3830,12,0.999682
3840,9,0.999686
3850,9,0.999691
3860,8,0.999695
3870,13,0.999701
3880,9,0.999706
3890,7,0.999709
3900,5,0.999712
3910,9,0.999717
3920,2,0.999717
3930,9,0.999722
3940,5,0.999725
3950,8,0.999729
3960,12,0.999735
3970,3,0.999736
3980,5,0.999739
3990,5,0.999741
4000,9,0.999745
4010,1,0.999746
4020,8,0.999750
4030,6,0.999753
4040,5,0.999756
4050,1,0.999756
4060,7,0.999759
4070,6,0.999762
4080,4,0.999765
4090,3,0.999766
4100,4,0.999768
4110,3,0.999770
4120,3,0.999771
4130,4,0.999773
4140,6,0.999776
4150,7,0.999780
4160,4,0.999781
4170,3,0.999783
4180,5,0.999785
4190,5,0.999788
4200,7,0.999792
4210,4,0.999794
4220,4,0.999795
4230,2,0.999797
4240,4,0.999798
4250,3,0.999800
4260,5,0.999802
4270,4,0.999804
4280,4,0.999807
4290,2,0.999807
4300,5,0.999810
4310,4,0.999812
4320,1,0.999812
4330,2,0.999813
4340,6,0.999816
4350,5,0.999819
4360,4,0.999821
4370,6,0.999824
4380,2,0.999825
4390,10,0.999830
4400,2,0.999831
4410,5,0.999834
4420,2,0.999834
4430,1,0.999835
4440,5,0.999838
4450,4,0.999839
4460,2,0.999840
4470,8,0.999844
4480,3,0.999846
4490,4,0.999848
4500,4,0.999850
4510,4,0.999852
4520,3,0.999853
4530,5,0.999856
4540,2,0.999857
4550,9,0.999861
4560,4,0.999864
4570,4,0.999865
4580,5,0.999868
4590,3,0.999870
4600,3,0.999871
4610,6,0.999874
4620,5,0.999876
4630,2,0.999878
4640,5,0.999880
4650,1,0.999880
4660,4,0.999883
4670,7,0.999886
4680,9,0.999891
4690,1,0.999891
4700,3,0.999892
4710,4,0.999894
4720,5,0.999897
4730,8,0.999901
4740,6,0.999904
4750,8,0.999908
4760,1,0.999909
4770,4,0.999910
4780,1,0.999911
4790,1,0.999911
4800,3,0.999913
4810,4,0.999915
4820,3,0.999916
4830,1,0.999917
4840,1,0.999918
4850,5,0.999920
4860,2,0.999921
4870,3,0.999923
4880,6,0.999925
4890,4,0.999928
4900,5,0.999930
4910,5,0.999933
4920,5,0.999935
4930,2,0.999936
4940,6,0.999939
4960,5,0.999942
4970,3,0.999943
4980,2,0.999944
4990,3,0.999946
5000,3,0.999947
5010,5,0.999950
5020,5,0.999952
5030,3,0.999954
5040,2,0.999955
5050,2,0.999955
5060,2,0.999956
5070,1,0.999957
5080,3,0.999959
5100,1,0.999959
5110,2,0.999960
5120,3,0.999961
5130,2,0.999963
5140,2,0.999964
5150,2,0.999964
5200,1,0.999965
5210,1,0.999965
5220,1,0.999966
5230,1,0.999967
5240,1,0.999967
5250,1,0.999968
5270,1,0.999968
5280,1,0.999969
5290,2,0.999969
5310,1,0.999970
5320,1,0.999970
5330,3,0.999972
5340,1,0.999973
5350,1,0.999973
5380,2,0.999974
5410,2,0.999975
5440,1,0.999976
5450,4,0.999978
5490,1,0.999978
5500,1,0.999978
5520,1,0.999979
5580,2,0.999980
5610,1,0.999981
5620,1,0.999981
5630,1,0.999982
5660,2,0.999982
5670,2,0.999983
5700,1,0.999984
5720,1,0.999985
5730,1,0.999985
5770,1,0.999986
5790,1,0.999986
5800,1,0.999987
5810,1,0.999987
5850,1,0.999987
5860,1,0.999988
5950,2,0.999989
6050,1,0.999990
6060,1,0.999990
6210,1,0.999991
6220,1,0.999991
6240,1,0.999991
6430,1,0.999992
6530,1,0.999992
6670,1,0.999993
6740,1,0.999994
6830,1,0.999994
6930,1,0.999995
6970,1,0.999995
7050,1,0.999996
7090,1,0.999996
7460,1,0.999996
7510,1,0.999997
7530,1,0.999997
7710,1,0.999998
8410,1,0.999999
9030,1,0.999999
9180,1,1.000000
11190,1,1.000000
