#latency,cnt,cdf
30,1,0.000001
40,10,0.000006
50,5,0.000008
60,17,0.000017
70,195,0.000120
80,1211,0.000757
90,1288,0.001435
100,121,0.001499
110,17737,0.010834
120,40436,0.032116
130,3465,0.033940
140,3371,0.035714
150,52474,0.063331
160,5966,0.066471
170,5346,0.069285
180,39328,0.089984
190,90552,0.137642
200,117752,0.199616
210,78286,0.240819
220,146937,0.318154
230,87068,0.363978
240,190730,0.464361
250,35647,0.483123
260,119395,0.545962
270,164833,0.632715
280,46622,0.657253
290,158795,0.740828
300,27423,0.755261
310,114016,0.815269
320,54212,0.843801
330,63641,0.877296
340,86282,0.922707
350,44146,0.945942
360,17720,0.955268
370,6636,0.958760
380,5257,0.961527
390,14870,0.969353
400,35877,0.988236
410,8399,0.992656
420,5572,0.995589
430,1323,0.996285
440,2577,0.997642
450,664,0.997991
460,665,0.998341
470,121,0.998405
480,527,0.998682
490,107,0.998738
500,63,0.998772
510,27,0.998786
520,35,0.998804
530,62,0.998837
540,26,0.998851
550,18,0.998860
560,13,0.998867
570,17,0.998876
580,17,0.998885
590,16,0.998893
600,15,0.998901
610,21,0.998912
620,31,0.998928
630,16,0.998937
640,22,0.998948
650,20,0.998959
660,22,0.998971
670,27,0.998985
680,17,0.998994
690,24,0.999006
700,23,0.999018
710,24,0.999031
720,14,0.999038
730,21,0.999049
740,23,0.999062
750,12,0.999068
760,27,0.999082
770,15,0.999090
780,14,0.999097
790,17,0.999106
800,12,0.999113
810,11,0.999118
820,21,0.999129
830,7,0.999133
840,9,0.999138
850,10,0.999143
860,7,0.999147
870,11,0.999153
880,5,0.999155
890,17,0.999164
900,11,0.999170
910,12,0.999176
920,20,0.999187
930,17,0.999196
940,12,0.999202
950,13,0.999209
960,12,0.999215
970,14,0.999223
980,15,0.999231
990,19,0.999241
1000,13,0.999247
1010,16,0.999256
1020,18,0.999265
1030,21,0.999276
1040,14,0.999284
1050,21,0.999295
1060,13,0.999302
1070,13,0.999308
1080,23,0.999321
1090,7,0.999324
1100,17,0.999333
1110,22,0.999345
1120,17,0.999354
1130,9,0.999358
1140,8,0.999363
1150,18,0.999372
1160,11,0.999378
1170,13,0.999385
1180,10,0.999390
1190,10,0.999395
1200,19,0.999405
1210,14,0.999413
1220,12,0.999419
1230,16,0.999427
1240,7,0.999431
1250,10,0.999436
1260,6,0.999439
1270,4,0.999442
1280,9,0.999446
1290,13,0.999453
1300,8,0.999457
1310,7,0.999461
1320,4,0.999463
1330,7,0.999467
1340,9,0.999472
1350,7,0.999475
1360,8,0.999479
1370,8,0.999484
1380,8,0.999488
1390,8,0.999492
1400,6,0.999495
1410,5,0.999498
1420,7,0.999502
1430,5,0.999504
1440,5,0.999507
1450,5,0.999509
1460,5,0.999512
1470,2,0.999513
1480,4,0.999515
1490,4,0.999517
1500,4,0.999519
1510,5,0.999522
1520,3,0.999524
1530,8,0.999528
1540,3,0.999529
1550,4,0.999532
1560,2,0.999533
1570,7,0.999536
1580,6,0.999539
1590,2,0.999541
1600,7,0.999544
1610,3,0.999546
1620,3,0.999547
1630,5,0.999550
1640,3,0.999552
1650,5,0.999554
1660,4,0.999556
1670,4,0.999558
1680,2,0.999559
1690,5,0.999562
1700,4,0.999564
1720,7,0.999568
1730,2,0.999569
1740,2,0.999570
1750,1,0.999571
1760,5,0.999573
1770,3,0.999575
1780,2,0.999576
1790,6,0.999579
1800,3,0.999581
1810,3,0.999582
1820,6,0.999585
1830,2,0.999586
1840,5,0.999589
1850,4,0.999591
1860,3,0.999593
1870,8,0.999597
1880,5,0.999599
1890,3,0.999601
1900,5,0.999604
1910,4,0.999606
1920,2,0.999607
1930,4,0.999609
1940,8,0.999613
1950,5,0.999616
1960,2,0.999617
1970,1,0.999617
1980,2,0.999618
1990,4,0.999621
2000,2,0.999622
2010,3,0.999623
2020,5,0.999626
2030,8,0.999630
2040,6,0.999633
2050,6,0.999636
2060,8,0.999641
2070,2,0.999642
2080,2,0.999643
2090,6,0.999646
2100,7,0.999649
2110,1,0.999650
2120,5,0.999653
2130,1,0.999653
2140,3,0.999655
2150,4,0.999657
2160,2,0.999658
2170,2,0.999659
2180,3,0.999661
2190,3,0.999662
2200,4,0.999664
2210,2,0.999665
2220,2,0.999666
2230,2,0.999667
2240,1,0.999668
2250,5,0.999671
2260,3,0.999672
2270,4,0.999674
2280,2,0.999675
2290,3,0.999677
2300,3,0.999678
2310,2,0.999680
2320,4,0.999682
2330,3,0.999683
2340,4,0.999685
2350,4,0.999687
2360,4,0.999689
2370,5,0.999692
2380,5,0.999695
2390,1,0.999695
2400,6,0.999698
2410,3,0.999700
2420,2,0.999701
2430,5,0.999704
2440,6,0.999707
2450,2,0.999708
2460,4,0.999710
2470,4,0.999712
2480,3,0.999714
2490,3,0.999715
2500,2,0.999716
2510,3,0.999718
2530,2,0.999719
2540,1,0.999720
2560,4,0.999722
2570,5,0.999724
2580,2,0.999725
2590,4,0.999727
2610,4,0.999729
2620,4,0.999732
2630,2,0.999733
2640,5,0.999735
2650,3,0.999737
2660,3,0.999738
2670,2,0.999739
2680,1,0.999740
2690,5,0.999743
2700,9,0.999747
2710,2,0.999748
2720,2,0.999749
2730,3,0.999751
2740,3,0.999753
2750,6,0.999756
2760,3,0.999757
2770,4,0.999759
2780,3,0.999761
2790,1,0.999762
2800,3,0.999763
2820,3,0.999765
2830,1,0.999765
2840,1,0.999766
2850,4,0.999768
2860,5,0.999771
2870,7,0.999774
2880,3,0.999776
2890,5,0.999778
2900,4,0.999781
2910,4,0.999783
2920,2,0.999784
2930,5,0.999786
2940,1,0.999787
2950,2,0.999788
2960,3,0.999789
2970,2,0.999791
2980,1,0.999791
2990,2,0.999792
3000,6,0.999795
3010,3,0.999797
3020,4,0.999799
3030,2,0.999800
3040,6,0.999803
3050,3,0.999805
3060,4,0.999807
3070,2,0.999808
3080,3,0.999810
3090,2,0.999811
3100,3,0.999812
3110,5,0.999815
3120,7,0.999818
3130,2,0.999819
3140,4,0.999822
3150,5,0.999824
3160,4,0.999826
3170,5,0.999829
3180,4,0.999831
3190,2,0.999832
3200,1,0.999833
3210,3,0.999834
3220,3,0.999836
3230,1,0.999836
3240,4,0.999838
3250,2,0.999839
3260,7,0.999843
3270,1,0.999844
3280,4,0.999846
3290,3,0.999847
3300,5,0.999850
3310,5,0.999853
3320,2,0.999854
3330,2,0.999855
3340,3,0.999856
3350,3,0.999858
3360,5,0.999861
3370,4,0.999863
3380,2,0.999864
3390,1,0.999864
3400,3,0.999866
3410,4,0.999868
3420,7,0.999872
3430,5,0.999874
3440,4,0.999876
3450,1,0.999877
3460,7,0.999881
3470,3,0.999882
3480,6,0.999885
3490,5,0.999888
3500,4,0.999890
3510,3,0.999892
3520,3,0.999893
3530,4,0.999895
3540,4,0.999897
3550,3,0.999899
3560,2,0.999900
3570,5,0.999903
3580,4,0.999905
3590,2,0.999906
3600,3,0.999907
3610,3,0.999909
3620,3,0.999911
3630,3,0.999912
3640,2,0.999913
3650,2,0.999914
3660,3,0.999916
3670,5,0.999918
3680,4,0.999921
3700,5,0.999923
3720,1,0.999924
3730,3,0.999925
3740,1,0.999926
3750,2,0.999927
3760,1,0.999927
3770,1,0.999928
3780,1,0.999928
3790,2,0.999929
3800,1,0.999930
3820,2,0.999931
3840,1,0.999932
3850,1,0.999932
3860,4,0.999934
3880,2,0.999935
3890,1,0.999936
3900,1,0.999936
3910,1,0.999937
3930,1,0.999937
3940,1,0.999938
3960,1,0.999938
3980,3,0.999940
3990,1,0.999941
4000,2,0.999942
4030,1,0.999942
4050,1,0.999943
4060,3,0.999944
4080,4,0.999946
4100,1,0.999947
4120,1,0.999947
4130,1,0.999948
4170,1,0.999948
4200,2,0.999949
4220,2,0.999951
4230,1,0.999951
4240,1,0.999952
4270,2,0.999953
4280,1,0.999953
4330,1,0.999954
4370,1,0.999954
4400,2,0.999955
4440,2,0.999956
4450,2,0.999957
4460,2,0.999958
4480,3,0.999960
4490,1,0.999961
4500,1,0.999961
4530,2,0.999962
4540,2,0.999963
4570,1,0.999964
4580,3,0.999965
4590,4,0.999967
4610,3,0.999969
4620,1,0.999969
4630,1,0.999970
4650,2,0.999971
4660,2,0.999972
4670,3,0.999974
4680,1,0.999974
4700,1,0.999975
4710,2,0.999976
4730,1,0.999976
4740,1,0.999977
4760,2,0.999978
4770,1,0.999978
4790,1,0.999979
4800,5,0.999982
4840,1,0.999982
4850,3,0.999984
4870,3,0.999985
4880,1,0.999986
4920,3,0.999987
4930,2,0.999988
4960,1,0.999989
4980,2,0.999990
4990,1,0.999991
5020,1,0.999991
5030,2,0.999992
5040,2,0.999993
5050,1,0.999994
5120,2,0.999995
5140,2,0.999996
5230,1,0.999996
5260,1,0.999997
5310,1,0.999997
5750,1,0.999998
6030,1,0.999998
6720,1,0.999999
7570,1,0.999999
7910,1,1.000000
