#latency,cnt,cdf
0,469666,0.093895
10,115875,0.117061
20,48008,0.126658
30,20911,0.130839
40,9039,0.132646
50,8936,0.134432
60,14583,0.137348
70,14389,0.140224
80,14842,0.143192
90,13120,0.145815
100,14908,0.148795
110,20235,0.152840
120,17173,0.156273
130,18678,0.160008
140,14077,0.162822
150,12716,0.165364
160,21078,0.169578
170,25122,0.174600
180,35405,0.181678
190,27212,0.187119
200,22585,0.191634
210,20601,0.195752
220,27185,0.201187
230,30850,0.207355
240,24984,0.212349
250,23797,0.217107
260,23976,0.221900
270,23985,0.226695
280,23627,0.231419
290,23258,0.236068
300,23192,0.240705
310,23619,0.245427
320,23542,0.250133
330,23422,0.254816
340,23170,0.259448
350,22956,0.264037
360,22791,0.268593
370,22643,0.273120
380,22408,0.277600
390,22226,0.282043
400,22040,0.286450
410,21708,0.290789
420,21698,0.295127
430,21319,0.299389
440,21482,0.303684
450,21254,0.307933
460,20914,0.312114
470,21071,0.316327
480,20827,0.320490
490,20714,0.324631
500,20114,0.328653
510,20112,0.332673
520,19988,0.336669
530,19749,0.340618
540,19544,0.344525
550,19378,0.348399
560,18952,0.352188
570,19200,0.356026
580,18813,0.359787
590,18472,0.363480
600,18607,0.367200
610,18205,0.370839
620,18212,0.374480
630,18002,0.378079
640,17875,0.381653
650,17771,0.385206
660,17664,0.388737
670,17180,0.392172
680,17511,0.395672
690,17191,0.399109
700,17251,0.402558
710,16724,0.405901
720,16694,0.409239
730,16654,0.412568
740,16528,0.415873
750,16159,0.419103
760,16103,0.422322
770,16120,0.425545
780,15733,0.428690
790,15545,0.431798
800,15545,0.434906
810,15622,0.438029
820,15256,0.441079
830,15295,0.444137
840,15281,0.447192
850,15148,0.450220
860,14833,0.453185
870,14802,0.456145
880,14645,0.459072
890,14886,0.462048
900,14363,0.464920
910,14367,0.467792
920,14232,0.470637
930,14231,0.473482
940,14047,0.476291
950,13990,0.479088
960,13899,0.481866
970,13779,0.484621
980,13407,0.487301
990,13439,0.489988
1000,13352,0.492657
1010,13470,0.495350
1020,13202,0.497989
1030,13303,0.500649
1040,13135,0.503275
1050,12801,0.505834
1060,12847,0.508402
1070,12751,0.510952
1080,12681,0.513487
1090,12954,0.516076
1100,12425,0.518560
1110,12666,0.521093
1120,12253,0.523542
1130,12229,0.525987
1140,12369,0.528460
1150,12080,0.530875
1160,12082,0.533290
1170,12068,0.535703
1180,11964,0.538095
1190,11874,0.540469
1200,11771,0.542822
1210,11862,0.545193
1220,11717,0.547536
1230,11497,0.549834
1240,11284,0.552090
1250,11561,0.554401
1260,11271,0.556655
1270,11232,0.558900
1280,11374,0.561174
1290,11075,0.563388
1300,11197,0.565627
1310,11089,0.567843
1320,10812,0.570005
1330,10828,0.572170
1340,10837,0.574336
1350,10809,0.576497
1360,10636,0.578623
1370,10499,0.580722
1380,10491,0.582820
1390,10474,0.584914
1400,10272,0.586967
1410,10141,0.588995
1420,10058,0.591005
1430,10176,0.593040
1440,10198,0.595079
1450,10064,0.597091
1460,9909,0.599072
1470,9700,0.601011
1480,9920,0.602994
1490,9673,0.604928
1500,9820,0.606891
1510,9535,0.608797
1520,9529,0.610702
1530,9541,0.612610
1540,9467,0.614502
1550,9381,0.616378
1560,9339,0.618245
1570,9225,0.620089
1580,9314,0.621951
1590,8985,0.623747
1600,8937,0.625534
1610,9045,0.627342
1620,8929,0.629127
1630,8944,0.630915
1640,8726,0.632660
1650,8659,0.634391
1660,8659,0.636122
1670,8677,0.637857
1680,8464,0.639549
1690,8590,0.641266
1700,8326,0.642931
1710,8488,0.644628
1720,8360,0.646299
1730,8208,0.647940
1740,8198,0.649579
1750,8213,0.651221
1760,8177,0.652855
1770,8110,0.654477
1780,8037,0.656084
1790,7972,0.657677
1800,8001,0.659277
1810,7874,0.660851
1820,7800,0.662410
1830,7726,0.663955
1840,7608,0.665476
1850,7662,0.667008
1860,7442,0.668496
1870,7520,0.669999
1880,7705,0.671539
1890,7607,0.673060
1900,7544,0.674568
1910,7439,0.676055
1920,7456,0.677546
1930,7312,0.679008
1940,7170,0.680441
1950,7318,0.681904
1960,7058,0.683315
1970,7066,0.684728
1980,7131,0.686154
1990,6963,0.687546
2000,6866,0.688918
2010,6906,0.690299
2020,6876,0.691674
2030,6833,0.693040
2040,6808,0.694401
2050,6926,0.695785
2060,6559,0.697097
2070,6722,0.698440
2080,6537,0.699747
2090,6566,0.701060
2100,6479,0.702355
2110,6473,0.703649
2120,6478,0.704944
2130,6487,0.706241
2140,6428,0.707526
2150,6363,0.708798
2160,6197,0.710037
2170,6204,0.711278
2180,6246,0.712526
2190,6265,0.713779
2200,6174,0.715013
2210,6088,0.716230
2220,6218,0.717473
2230,5927,0.718658
2240,5949,0.719847
2250,6046,0.721056
2260,5955,0.722247
2270,6007,0.723448
2280,6008,0.724649
2290,5718,0.725792
2300,5678,0.726927
2310,5837,0.728094
2320,5815,0.729256
2330,5859,0.730428
2340,5646,0.731556
2350,5709,0.732698
2360,5578,0.733813
2370,5525,0.734918
2380,5559,0.736029
2390,5484,0.737125
2400,5623,0.738249
2410,5356,0.739320
2420,5332,0.740386
2430,5398,0.741465
2440,5491,0.742563
2450,5336,0.743630
2460,5309,0.744691
2470,5230,0.745737
2480,5356,0.746808
2490,5341,0.747875
2500,5240,0.748923
2510,5221,0.749967
2520,5133,0.750993
2530,5149,0.752022
2540,5076,0.753037
2550,4889,0.754014
2560,5119,0.755038
2570,4976,0.756033
2580,4913,0.757015
2590,5026,0.758020
2600,4989,0.759017
2610,4889,0.759994
2620,4912,0.760976
2630,4913,0.761959
2640,4853,0.762929
2650,4746,0.763878
2660,4655,0.764808
2670,4795,0.765767
2680,4714,0.766709
2690,4731,0.767655
2700,4626,0.768580
2710,4689,0.769517
2720,4621,0.770441
2730,4683,0.771377
2740,4689,0.772315
2750,4486,0.773212
2760,4546,0.774120
2770,4440,0.775008
2780,4486,0.775905
2790,4450,0.776794
2800,4426,0.777679
2810,4503,0.778580
2820,4468,0.779473
2830,4316,0.780336
2840,4283,0.781192
2850,4262,0.782044
2860,4398,0.782923
2870,4283,0.783779
2880,4330,0.784645
2890,4291,0.785503
2900,4225,0.786348
2910,4339,0.787215
2920,4249,0.788065
2930,4131,0.788890
2940,4047,0.789699
2950,4057,0.790511
2960,4149,0.791340
2970,4069,0.792153
2980,4028,0.792959
2990,4064,0.793771
3000,3991,0.794569
3010,3991,0.795367
3020,3998,0.796166
3030,3975,0.796961
3040,3932,0.797747
3050,3955,0.798538
3060,3855,0.799308
3070,3908,0.800090
3080,3848,0.800859
3090,3848,0.801628
3100,3776,0.802383
3110,3850,0.803153
3120,3889,0.803930
3130,3735,0.804677
3140,3692,0.805415
3150,3674,0.806150
3160,3823,0.806914
3170,3623,0.807638
3180,3735,0.808385
3190,3572,0.809099
3200,3700,0.809839
3210,3581,0.810555
3220,3538,0.811262
3230,3680,0.811998
3240,3624,0.812722
3250,3527,0.813427
3260,3611,0.814149
3270,3493,0.814847
3280,3469,0.815541
3290,3520,0.816245
3300,3577,0.816960
3310,3433,0.817646
3320,3420,0.818330
3330,3552,0.819040
3340,3398,0.819719
3350,3412,0.820401
3360,3282,0.821057
3370,3395,0.821736
3380,3298,0.822396
3390,3356,0.823067
3400,3397,0.823746
3410,3289,0.824403
3420,3368,0.825076
3430,3170,0.825710
3440,3290,0.826368
3450,3267,0.827021
3460,3234,0.827668
3470,3262,0.828320
3480,3121,0.828944
3490,3218,0.829587
3500,3222,0.830231
3510,3213,0.830874
3520,3147,0.831503
3530,3123,0.832127
3540,3209,0.832769
3550,3159,0.833400
3560,3140,0.834028
3570,3132,0.834654
3580,3156,0.835285
3590,3071,0.835899
3600,3137,0.836526
3610,2977,0.837121
3620,3063,0.837734
3630,3002,0.838334
3640,3079,0.838949
3650,3020,0.839553
3660,2935,0.840140
3670,3000,0.840740
3680,2981,0.841335
3690,2979,0.841931
3700,2969,0.842525
3710,3030,0.843130
3720,2934,0.843717
3730,2911,0.844299
3740,2903,0.844879
3750,2841,0.845447
3760,2834,0.846014
3770,2861,0.846586
3780,2830,0.847152
3790,2854,0.847722
3800,2807,0.848283
3810,2859,0.848855
3820,2746,0.849404
3830,2926,0.849989
3840,2735,0.850536
3850,2733,0.851082
3860,2767,0.851635
3870,2775,0.852190
3880,2708,0.852731
3890,2819,0.853295
3900,2724,0.853839
3910,2759,0.854391
3920,2720,0.854935
3930,2705,0.855476
3940,2669,0.856009
3950,2805,0.856570
3960,2665,0.857103
3970,2687,0.857640
3980,2720,0.858184
3990,2567,0.858697
4000,2677,0.859232
4010,2624,0.859757
4020,2631,0.860283
4030,2532,0.860789
4040,2567,0.861302
4050,2614,0.861825
4060,2526,0.862330
4070,2586,0.862847
4080,2579,0.863362
4090,2522,0.863866
4100,2548,0.864376
4110,2530,0.864882
4120,2441,0.865369
4130,2493,0.865868
4140,2516,0.866371
4150,2549,0.866880
4160,2500,0.867380
4170,2479,0.867876
4180,2446,0.868365
4190,2422,0.868849
4200,2493,0.869348
4210,2452,0.869838
4220,2534,0.870344
4230,2501,0.870844
4240,2537,0.871351
4250,2462,0.871844
4260,2387,0.872321
4270,2430,0.872807
4280,2328,0.873272
4290,2438,0.873760
4300,2466,0.874252
4310,2367,0.874726
4320,2362,0.875198
4330,2347,0.875667
4340,2302,0.876127
4350,2415,0.876610
4360,2412,0.877092
4370,2316,0.877555
4380,2367,0.878029
4390,2296,0.878488
4400,2285,0.878944
4410,2334,0.879411
4420,2327,0.879876
4430,2329,0.880342
4440,2350,0.880812
4450,2345,0.881280
4460,2351,0.881750
4470,2317,0.882214
4480,2298,0.882673
4490,2260,0.883125
4500,2325,0.883590
4510,2322,0.884054
4520,2313,0.884516
4530,2272,0.884971
4540,2288,0.885428
4550,2344,0.885897
4560,2183,0.886333
4570,2278,0.886788
4580,2284,0.887245
4590,2247,0.887694
4600,2350,0.888164
4610,2267,0.888617
4620,2330,0.889083
4630,2237,0.889530
4640,2205,0.889971
4650,2337,0.890438
4660,2197,0.890878
4670,2190,0.891315
4680,2195,0.891754
4690,2252,0.892204
4700,2209,0.892646
4710,2205,0.893087
4720,2221,0.893531
4730,2153,0.893961
4740,2114,0.894384
4750,2124,0.894809
4760,2122,0.895233
4770,2154,0.895663
4780,2235,0.896110
4790,2150,0.896540
4800,2119,0.896964
4810,2094,0.897382
4820,2215,0.897825
4830,2137,0.898252
4840,2124,0.898677
4850,2153,0.899107
4860,2139,0.899535
4870,2010,0.899937
4880,2058,0.900348
4890,2082,0.900765
4900,1987,0.901162
4910,2038,0.901569
4920,2097,0.901988
4930,2008,0.902390
4940,2003,0.902790
4950,2084,0.903207
4960,1991,0.903605
4970,2004,0.904006
4980,2064,0.904418
4990,1995,0.904817
5000,2020,0.905221
5010,2007,0.905622
5020,2076,0.906037
5030,1997,0.906436
5040,2019,0.906840
5050,1881,0.907216
5060,1944,0.907605
5070,2000,0.908005
5080,1965,0.908397
5090,1950,0.908787
5100,1869,0.909161
5110,1964,0.909554
5120,1930,0.909939
5130,1906,0.910320
5140,1872,0.910695
5150,1906,0.911076
5160,1933,0.911462
5170,1911,0.911844
5180,1935,0.912231
5190,1877,0.912606
5200,1893,0.912985
5210,1876,0.913360
5220,1934,0.913746
5230,1890,0.914124
5240,1897,0.914504
5250,1900,0.914883
5260,1886,0.915260
5270,1894,0.915639
5280,1903,0.916020
5290,1914,0.916402
5300,1824,0.916767
5310,1907,0.917148
5320,1865,0.917521
5330,1822,0.917885
5340,1805,0.918246
5350,1833,0.918612
5360,1779,0.918968
5370,1863,0.919341
5380,1913,0.919723
5390,1803,0.920083
5400,1820,0.920447
5410,1783,0.920804
5420,1838,0.921171
5430,1898,0.921551
5440,1789,0.921908
5450,1760,0.922260
5460,1865,0.922633
5470,1747,0.922982
5480,1869,0.923356
5490,1832,0.923722
5500,1777,0.924077
5510,1743,0.924426
5520,1722,0.924770
5530,1774,0.925125
5540,1802,0.925485
5550,1717,0.925828
5560,1746,0.926177
5570,1710,0.926519
5580,1666,0.926852
5590,1687,0.927190
5600,1828,0.927555
5610,1702,0.927895
5620,1721,0.928239
5630,1737,0.928587
5640,1677,0.928922
5650,1641,0.929250
5660,1756,0.929601
5670,1651,0.929931
5680,1749,0.930281
5690,1639,0.930608
5700,1662,0.930941
5710,1632,0.931267
5720,1625,0.931592
5730,1653,0.931922
5740,1689,0.932260
5750,1639,0.932588
5760,1656,0.932919
5770,1693,0.933257
5780,1583,0.933574
5790,1637,0.933901
5800,1605,0.934222
5810,1556,0.934533
5820,1579,0.934848
5830,1487,0.935146
5840,1607,0.935467
5850,1574,0.935782
5860,1549,0.936091
5870,1497,0.936391
5880,1576,0.936706
5890,1535,0.937013
5900,1556,0.937324
5910,1551,0.937634
5920,1446,0.937923
5930,1517,0.938226
5940,1553,0.938537
5950,1551,0.938847
5960,1512,0.939149
5970,1469,0.939443
5980,1460,0.939735
5990,1506,0.940036
6000,1437,0.940323
6010,1454,0.940614
6020,1463,0.940906
6030,1456,0.941197
6040,1425,0.941482
6050,1446,0.941771
6060,1496,0.942070
6070,1413,0.942353
6080,1408,0.942634
6090,1423,0.942919
6100,1341,0.943187
6110,1360,0.943459
6120,1384,0.943735
6130,1341,0.944003
6140,1349,0.944273
6150,1400,0.944553
6160,1352,0.944823
6170,1427,0.945109
6180,1369,0.945382
6190,1347,0.945651
6200,1335,0.945918
6210,1301,0.946178
6220,1286,0.946436
6230,1333,0.946702
6240,1372,0.946976
6250,1258,0.947228
6260,1286,0.947485
6270,1279,0.947741
6280,1297,0.948000
6290,1290,0.948258
6300,1281,0.948514
6310,1228,0.948759
6320,1255,0.949010
6330,1259,0.949262
6340,1242,0.949510
6350,1264,0.949763
6360,1221,0.950007
6370,1202,0.950247
6380,1227,0.950493
6390,1157,0.950724
6400,1264,0.950977
6410,1214,0.951219
6420,1164,0.951452
6430,1193,0.951691
6440,1153,0.951921
6450,1181,0.952157
6460,1214,0.952400
6470,1158,0.952631
6480,1180,0.952867
6490,1112,0.953090
6500,1125,0.953315
6510,1140,0.953542
6520,1126,0.953768
6530,1114,0.953990
6540,1171,0.954224
6550,1159,0.954456
6560,1063,0.954669
6570,1120,0.954893
6580,1159,0.955124
6590,1104,0.955345
6600,1081,0.955561
6610,1115,0.955784
6620,1091,0.956002
6630,1051,0.956212
6640,1096,0.956431
6650,1050,0.956641
6660,1090,0.956859
6670,1034,0.957066
6680,1076,0.957281
6690,1046,0.957490
6700,999,0.957690
6710,1039,0.957897
6720,1059,0.958109
6730,1032,0.958316
6740,987,0.958513
6750,1030,0.958719
6760,1019,0.958923
6770,939,0.959110
6780,989,0.959308
6790,1019,0.959512
6800,960,0.959704
6810,981,0.959900
6820,1039,0.960107
6830,960,0.960299
6840,981,0.960495
6850,938,0.960683
6860,990,0.960881
6870,895,0.961060
6880,944,0.961249
6890,1001,0.961449
6900,970,0.961643
6910,971,0.961837
6920,938,0.962024
6930,945,0.962213
6940,956,0.962404
6950,947,0.962594
6960,925,0.962779
6970,949,0.962968
6980,892,0.963147
6990,901,0.963327
7000,951,0.963517
7010,914,0.963700
7020,816,0.963863
7030,901,0.964043
7040,893,0.964221
7050,903,0.964402
7060,905,0.964583
7070,863,0.964755
7080,898,0.964935
7090,897,0.965114
7100,900,0.965294
7110,858,0.965466
7120,822,0.965630
7130,847,0.965799
7140,877,0.965975
7150,836,0.966142
7160,847,0.966311
7170,850,0.966481
7180,807,0.966642
7190,838,0.966810
7200,855,0.966981
7210,821,0.967145
7220,824,0.967310
7230,763,0.967462
7240,805,0.967623
7250,810,0.967785
7260,846,0.967954
7270,794,0.968113
7280,784,0.968270
7290,746,0.968419
7300,823,0.968583
7310,757,0.968735
7320,754,0.968885
7330,800,0.969045
7340,772,0.969200
7350,755,0.969351
7360,828,0.969516
7370,785,0.969673
7380,759,0.969825
7390,813,0.969987
7400,804,0.970148
7410,734,0.970295
7420,745,0.970444
7430,785,0.970601
7440,731,0.970747
7450,723,0.970891
7460,757,0.971043
7470,782,0.971199
7480,718,0.971343
7490,717,0.971486
7500,708,0.971628
7510,723,0.971772
7520,704,0.971913
7530,699,0.972053
7540,716,0.972196
7550,694,0.972334
7560,723,0.972479
7570,674,0.972614
7580,706,0.972755
7590,643,0.972883
7600,713,0.973026
7610,716,0.973169
7620,706,0.973310
7630,657,0.973442
7640,708,0.973583
7650,699,0.973723
7660,649,0.973853
7670,719,0.973996
7680,661,0.974128
7690,699,0.974268
7700,633,0.974395
7710,635,0.974522
7720,640,0.974650
7730,670,0.974784
7740,661,0.974916
7750,681,0.975052
7760,650,0.975182
7770,616,0.975305
7780,696,0.975444
7790,660,0.975576
7800,662,0.975708
7810,629,0.975834
7820,615,0.975957
7830,622,0.976082
7840,630,0.976207
7850,660,0.976339
7860,647,0.976469
7870,626,0.976594
7880,635,0.976721
7890,579,0.976837
7900,614,0.976959
7910,598,0.977079
7920,619,0.977203
7930,603,0.977323
7940,585,0.977440
7950,560,0.977552
7960,596,0.977671
7970,581,0.977787
7980,615,0.977910
7990,577,0.978026
8000,540,0.978134
8010,577,0.978249
8020,587,0.978366
8030,546,0.978476
8040,556,0.978587
8050,602,0.978707
8060,585,0.978824
8070,554,0.978935
8080,530,0.979041
8090,567,0.979154
8100,547,0.979263
8110,558,0.979375
8120,546,0.979484
8130,566,0.979597
8140,543,0.979706
8150,562,0.979818
8160,544,0.979927
8170,519,0.980031
8180,532,0.980137
8190,539,0.980245
8200,513,0.980347
8210,522,0.980452
8220,539,0.980560
8230,538,0.980667
8240,556,0.980778
8250,500,0.980878
8260,489,0.980976
8270,515,0.981079
8280,559,0.981191
8290,503,0.981291
8300,564,0.981404
8310,521,0.981508
8320,545,0.981617
8330,479,0.981713
8340,504,0.981814
8350,486,0.981911
8360,501,0.982011
8370,495,0.982110
8380,498,0.982209
8390,507,0.982311
8400,528,0.982416
8410,493,0.982515
8420,464,0.982608
8430,470,0.982702
8440,483,0.982798
8450,460,0.982890
8460,469,0.982984
8470,478,0.983079
8480,488,0.983177
8490,487,0.983274
8500,432,0.983361
8510,469,0.983455
8520,442,0.983543
8530,467,0.983636
8540,467,0.983730
8550,449,0.983819
8560,451,0.983910
8570,451,0.984000
8580,394,0.984078
8590,478,0.984174
8600,426,0.984259
8610,428,0.984345
8620,494,0.984444
8630,429,0.984529
8640,448,0.984619
8650,417,0.984702
8660,441,0.984790
8670,440,0.984878
8680,411,0.984960
8690,415,0.985043
8700,416,0.985127
8710,409,0.985208
8720,420,0.985292
8730,429,0.985378
8740,421,0.985462
8750,357,0.985534
8760,438,0.985621
8770,383,0.985698
8780,403,0.985778
8790,413,0.985861
8800,366,0.985934
8810,414,0.986017
8820,408,0.986098
8830,392,0.986177
8840,425,0.986262
8850,372,0.986336
8860,400,0.986416
8870,412,0.986498
8880,394,0.986577
8890,410,0.986659
8900,378,0.986735
8910,397,0.986814
8920,375,0.986889
8930,393,0.986968
8940,374,0.987042
8950,401,0.987123
8960,401,0.987203
8970,354,0.987274
8980,400,0.987354
8990,361,0.987426
9000,378,0.987501
9010,350,0.987571
9020,335,0.987638
9030,344,0.987707
9040,361,0.987779
9050,369,0.987853
9060,366,0.987926
9070,376,0.988001
9080,382,0.988078
9090,380,0.988154
9100,337,0.988221
9110,354,0.988292
9120,317,0.988355
9130,362,0.988428
9140,316,0.988491
9150,357,0.988562
9160,316,0.988625
9170,334,0.988692
9180,313,0.988755
9190,359,0.988826
9200,325,0.988891
9210,317,0.988955
9220,326,0.989020
9230,326,0.989085
9240,333,0.989152
9250,329,0.989217
9260,330,0.989283
9270,333,0.989350
9280,303,0.989411
9290,305,0.989471
9300,303,0.989532
9310,291,0.989590
9320,327,0.989656
9330,338,0.989723
9340,309,0.989785
9350,296,0.989844
9360,314,0.989907
9370,336,0.989974
9380,347,0.990043
9390,320,0.990107
9400,266,0.990161
9410,318,0.990224
9420,297,0.990284
9430,278,0.990339
9440,286,0.990396
9450,257,0.990448
9460,319,0.990511
9470,281,0.990568
9480,282,0.990624
9490,269,0.990678
9500,243,0.990726
9510,251,0.990777
9520,294,0.990835
9530,300,0.990895
9540,278,0.990951
9550,296,0.991010
9560,303,0.991071
9570,264,0.991123
9580,255,0.991174
9590,267,0.991228
9600,287,0.991285
9610,285,0.991342
9620,272,0.991396
9630,272,0.991451
9640,275,0.991506
9650,278,0.991561
9660,248,0.991611
9670,234,0.991658
9680,237,0.991705
9690,246,0.991754
9700,239,0.991802
9710,236,0.991849
9720,262,0.991902
9730,261,0.991954
9740,314,0.992017
9750,209,0.992058
9760,250,0.992108
9770,245,0.992157
9780,242,0.992206
9790,226,0.992251
9800,238,0.992299
9810,236,0.992346
9820,227,0.992391
9830,235,0.992438
9840,225,0.992483
9850,213,0.992526
9860,228,0.992571
9870,245,0.992620
9880,223,0.992665
9890,223,0.992709
9900,238,0.992757
9910,196,0.992796
9920,235,0.992843
9930,241,0.992891
9940,225,0.992936
9950,209,0.992978
9960,215,0.993021
9970,229,0.993067
9980,198,0.993106
9990,206,0.993148
10000,215,0.993191
10010,226,0.993236
10020,212,0.993278
10030,215,0.993321
10040,227,0.993366
10050,209,0.993408
10060,219,0.993452
10070,197,0.993491
10080,219,0.993535
10090,242,0.993584
10100,194,0.993622
10110,198,0.993662
10120,220,0.993706
10130,178,0.993742
10140,203,0.993782
10150,224,0.993827
10160,184,0.993864
10170,194,0.993903
10180,199,0.993942
10190,204,0.993983
10200,180,0.994019
10210,191,0.994057
10220,181,0.994093
10230,185,0.994130
10240,179,0.994166
10250,185,0.994203
10260,176,0.994238
10270,147,0.994268
10280,168,0.994301
10290,210,0.994343
10300,167,0.994377
10310,155,0.994408
10320,186,0.994445
10330,180,0.994481
10340,185,0.994518
10350,177,0.994553
10360,164,0.994586
10370,175,0.994621
10380,144,0.994650
10390,159,0.994682
10400,147,0.994711
10410,186,0.994748
10420,164,0.994781
10430,172,0.994815
10440,168,0.994849
10450,146,0.994878
10460,174,0.994913
10470,176,0.994948
10480,181,0.994984
10490,159,0.995016
10500,164,0.995049
10510,176,0.995084
10520,160,0.995116
10530,133,0.995143
10540,158,0.995174
10550,146,0.995203
10560,150,0.995233
10570,149,0.995263
10580,137,0.995291
10590,154,0.995321
10600,154,0.995352
10610,163,0.995385
10620,143,0.995413
10630,140,0.995441
10640,152,0.995472
10650,156,0.995503
10660,150,0.995533
10670,153,0.995563
10680,127,0.995589
10690,149,0.995619
10700,138,0.995646
10710,136,0.995673
10720,132,0.995700
10730,155,0.995731
10740,118,0.995754
10750,133,0.995781
10760,130,0.995807
10770,149,0.995837
10780,142,0.995865
10790,120,0.995889
10800,134,0.995916
10810,125,0.995941
10820,135,0.995968
10830,117,0.995991
10840,130,0.996017
10850,125,0.996042
10860,132,0.996069
10870,117,0.996092
10880,117,0.996115
10890,120,0.996139
10900,110,0.996161
10910,117,0.996185
10920,119,0.996209
10930,126,0.996234
10940,122,0.996258
10950,105,0.996279
10960,110,0.996301
10970,122,0.996325
10980,123,0.996350
10990,112,0.996372
11000,114,0.996395
11010,117,0.996419
11020,104,0.996439
11030,120,0.996463
11040,111,0.996486
11050,123,0.996510
11060,105,0.996531
11070,115,0.996554
11080,114,0.996577
11090,92,0.996595
11100,110,0.996617
11110,86,0.996635
11120,101,0.996655
11130,116,0.996678
11140,113,0.996701
11150,95,0.996720
11160,90,0.996738
11170,96,0.996757
11180,117,0.996780
11190,116,0.996803
11200,97,0.996823
11210,103,0.996843
11220,97,0.996863
11230,117,0.996886
11240,101,0.996906
11250,100,0.996926
11260,95,0.996945
11270,94,0.996964
11280,86,0.996981
11290,99,0.997001
11300,94,0.997020
11310,92,0.997038
11320,126,0.997063
11330,89,0.997081
11340,98,0.997101
11350,93,0.997119
11360,94,0.997138
11370,86,0.997155
11380,105,0.997176
11390,83,0.997193
11400,82,0.997209
11410,90,0.997227
11420,91,0.997245
11430,94,0.997264
11440,83,0.997281
11450,109,0.997303
11460,88,0.997320
11470,100,0.997340
11480,84,0.997357
11490,101,0.997377
11500,104,0.997398
11510,70,0.997412
11520,76,0.997427
11530,85,0.997444
11540,84,0.997461
11550,106,0.997482
11560,73,0.997497
11570,74,0.997512
11580,78,0.997527
11590,82,0.997544
11600,83,0.997560
11610,88,0.997578
11620,74,0.997593
11630,93,0.997611
11640,72,0.997626
11650,69,0.997639
11660,72,0.997654
11670,70,0.997668
11680,66,0.997681
11690,78,0.997697
11700,71,0.997711
11710,63,0.997723
11720,79,0.997739
11730,67,0.997752
11740,79,0.997768
11750,69,0.997782
11760,79,0.997798
11770,72,0.997812
11780,73,0.997827
11790,78,0.997842
11800,82,0.997859
11810,86,0.997876
11820,72,0.997890
11830,71,0.997905
11840,55,0.997916
11850,80,0.997932
11860,85,0.997949
11870,69,0.997962
11880,60,0.997974
11890,57,0.997986
11900,53,0.997996
11910,67,0.998010
11920,62,0.998022
11930,76,0.998037
11940,68,0.998051
11950,66,0.998064
11960,78,0.998080
11970,70,0.998094
11980,63,0.998106
11990,52,0.998117
12000,62,0.998129
12010,67,0.998143
12020,68,0.998156
12030,70,0.998170
12040,69,0.998184
12050,52,0.998194
12060,53,0.998205
12070,76,0.998220
12080,76,0.998235
12090,57,0.998247
12100,57,0.998258
12110,60,0.998270
12120,51,0.998280
12130,62,0.998293
12140,52,0.998303
12150,53,0.998314
12160,59,0.998325
12170,49,0.998335
12180,45,0.998344
12190,40,0.998352
12200,54,0.998363
12210,55,0.998374
12220,62,0.998386
12230,60,0.998398
12240,59,0.998410
12250,53,0.998421
12260,64,0.998434
12270,44,0.998442
12280,63,0.998455
12290,49,0.998465
12300,61,0.998477
12310,59,0.998489
12320,41,0.998497
12330,48,0.998507
12340,45,0.998516
12350,52,0.998526
12360,37,0.998533
12370,53,0.998544
12380,44,0.998553
12390,47,0.998562
12400,54,0.998573
12410,55,0.998584
12420,49,0.998594
12430,39,0.998602
12440,49,0.998611
12450,45,0.998620
12460,47,0.998630
12470,47,0.998639
12480,53,0.998650
12490,38,0.998657
12500,49,0.998667
12510,33,0.998674
12520,34,0.998681
12530,46,0.998690
12540,40,0.998698
12550,55,0.998709
12560,41,0.998717
12570,42,0.998725
12580,48,0.998735
12590,42,0.998743
12600,41,0.998752
12610,34,0.998758
12620,42,0.998767
12630,38,0.998774
12640,40,0.998782
12650,26,0.998788
12660,36,0.998795
12670,40,0.998803
12680,33,0.998809
12690,34,0.998816
12700,41,0.998824
12710,35,0.998831
12720,41,0.998839
12730,31,0.998846
12740,42,0.998854
12750,36,0.998861
12760,47,0.998871
12770,42,0.998879
12780,49,0.998889
12790,33,0.998895
12800,33,0.998902
12810,45,0.998911
12820,32,0.998917
12830,42,0.998926
12840,24,0.998931
12850,38,0.998938
12860,31,0.998944
12870,44,0.998953
12880,31,0.998959
12890,36,0.998967
12900,36,0.998974
12910,25,0.998979
12920,37,0.998986
12930,31,0.998992
12940,41,0.999001
12950,29,0.999006
12960,33,0.999013
12970,28,0.999019
12980,44,0.999027
12990,28,0.999033
13000,30,0.999039
13010,34,0.999046
13020,32,0.999052
13030,41,0.999060
13040,45,0.999069
13050,37,0.999077
13060,32,0.999083
13070,36,0.999090
13080,34,0.999097
13090,30,0.999103
13100,34,0.999110
13110,20,0.999114
13120,35,0.999121
13130,30,0.999127
13140,19,0.999131
13150,31,0.999137
13160,22,0.999141
13170,28,0.999147
13180,29,0.999153
13190,33,0.999159
13200,33,0.999166
13210,24,0.999171
13220,30,0.999177
13230,30,0.999183
13240,26,0.999188
13250,30,0.999194
13260,26,0.999199
13270,23,0.999204
13280,24,0.999209
13290,27,0.999214
13300,20,0.999218
13310,31,0.999224
13320,18,0.999228
13330,18,0.999231
13340,27,0.999237
13350,34,0.999243
13360,38,0.999251
13370,34,0.999258
13380,26,0.999263
13390,26,0.999268
13400,25,0.999273
13410,26,0.999278
13420,21,0.999283
13430,15,0.999286
13440,24,0.999290
13450,29,0.999296
13460,24,0.999301
13470,29,0.999307
13480,26,0.999312
13490,17,0.999316
13500,16,0.999319
13510,19,0.999322
13520,28,0.999328
13530,26,0.999333
13540,30,0.999339
13550,22,0.999344
13560,28,0.999349
13570,33,0.999356
13580,20,0.999360
13590,24,0.999365
13600,23,0.999369
13610,27,0.999375
13620,23,0.999379
13630,20,0.999383
13640,20,0.999387
13650,20,0.999391
13660,24,0.999396
13670,17,0.999399
13680,21,0.999404
13690,25,0.999409
13700,19,0.999412
13710,21,0.999417
13720,24,0.999421
13730,20,0.999425
13740,14,0.999428
13750,20,0.999432
13760,21,0.999436
13770,19,0.999440
13780,22,0.999445
13790,21,0.999449
13800,22,0.999453
13810,18,0.999457
13820,21,0.999461
13830,18,0.999465
13840,18,0.999468
13850,18,0.999472
13860,15,0.999475
13870,16,0.999478
13880,20,0.999482
13890,15,0.999485
13900,25,0.999490
13910,21,0.999494
13920,16,0.999497
13930,12,0.999500
13940,11,0.999502
13950,15,0.999505
13960,18,0.999509
13970,18,0.999512
13980,19,0.999516
13990,18,0.999520
14000,19,0.999523
14010,21,0.999528
14020,19,0.999531
14030,13,0.999534
14040,16,0.999537
14050,14,0.999540
14060,17,0.999543
14070,17,0.999547
14080,23,0.999551
14090,15,0.999554
14100,20,0.999558
14110,10,0.999560
14120,13,0.999563
14130,13,0.999566
14140,22,0.999570
14150,15,0.999573
14160,22,0.999577
14170,13,0.999580
14180,20,0.999584
14190,12,0.999586
14200,11,0.999589
14210,11,0.999591
14220,8,0.999592
14230,11,0.999595
14240,20,0.999599
14250,18,0.999602
14260,11,0.999604
14270,10,0.999606
14280,13,0.999609
14290,8,0.999611
14300,13,0.999613
14310,12,0.999616
14320,14,0.999618
14330,15,0.999621
14340,19,0.999625
14350,12,0.999628
14360,10,0.999630
14370,8,0.999631
14380,14,0.999634
14390,19,0.999638
14400,14,0.999641
14410,19,0.999644
14420,10,0.999646
14430,10,0.999648
14440,16,0.999652
14450,14,0.999654
14460,15,0.999657
14470,11,0.999660
14480,12,0.999662
14490,10,0.999664
14500,9,0.999666
14510,11,0.999668
14520,7,0.999669
14530,14,0.999672
14540,16,0.999675
14550,18,0.999679
14560,17,0.999682
14570,19,0.999686
14580,12,0.999689
14590,10,0.999691
14600,15,0.999694
14610,10,0.999696
14620,15,0.999699
14630,7,0.999700
14640,7,0.999701
14650,12,0.999704
14660,17,0.999707
14670,10,0.999709
14680,17,0.999713
14690,12,0.999715
14700,10,0.999717
14710,14,0.999720
14720,12,0.999722
14730,14,0.999725
14740,6,0.999726
14750,9,0.999728
14760,10,0.999730
14770,15,0.999733
14780,10,0.999735
14790,9,0.999737
14800,7,0.999738
14810,12,0.999740
14820,12,0.999743
14830,17,0.999746
14840,9,0.999748
14850,10,0.999750
14860,12,0.999753
14870,10,0.999754
14880,8,0.999756
14890,16,0.999759
14900,11,0.999762
14910,8,0.999763
14920,12,0.999766
14930,10,0.999767
14940,10,0.999770
14950,10,0.999771
14960,8,0.999773
14970,12,0.999775
14980,11,0.999778
14990,4,0.999779
15000,13,0.999781
15010,7,0.999783
15020,11,0.999785
15030,9,0.999786
15040,6,0.999788
15050,8,0.999789
15060,13,0.999792
15070,15,0.999795
15080,7,0.999796
15090,15,0.999799
15100,9,0.999801
15110,13,0.999804
15120,12,0.999806
15130,11,0.999808
15140,4,0.999809
15150,11,0.999811
15160,8,0.999813
15170,6,0.999814
15180,6,0.999815
15190,8,0.999817
15200,14,0.999820
15210,5,0.999821
15220,10,0.999823
15230,9,0.999824
15240,6,0.999826
15250,9,0.999827
15260,6,0.999829
15270,8,0.999830
15280,9,0.999832
15290,8,0.999834
15300,6,0.999835
15310,7,0.999836
15320,9,0.999838
15330,12,0.999840
15340,11,0.999843
15350,4,0.999843
15360,7,0.999845
15370,9,0.999847
15380,7,0.999848
15390,8,0.999850
15400,5,0.999851
15410,8,0.999852
15420,7,0.999854
15430,12,0.999856
15440,9,0.999858
15450,9,0.999860
15460,9,0.999861
15470,4,0.999862
15480,5,0.999863
15490,13,0.999866
15500,10,0.999868
15510,11,0.999870
15520,7,0.999871
15530,6,0.999873
15540,9,0.999874
15550,5,0.999875
15560,11,0.999878
15570,8,0.999879
15580,6,0.999880
15590,1,0.999881
15600,10,0.999883
15610,6,0.999884
15620,2,0.999884
15630,4,0.999885
15640,5,0.999886
15650,2,0.999886
15660,5,0.999887
15670,8,0.999889
15680,12,0.999891
15690,5,0.999892
15700,8,0.999894
15710,6,0.999895
15720,5,0.999896
15730,9,0.999898
15740,5,0.999899
15750,6,0.999900
15760,4,0.999901
15770,8,0.999903
15780,5,0.999904
15790,9,0.999905
15800,7,0.999907
15810,3,0.999907
15820,11,0.999910
15830,7,0.999911
15840,4,0.999912
15850,6,0.999913
15860,5,0.999914
15870,13,0.999917
15880,7,0.999918
15890,3,0.999919
15900,4,0.999919
15910,3,0.999920
15920,4,0.999921
15930,5,0.999922
15940,2,0.999922
15950,5,0.999923
15960,5,0.999924
15970,9,0.999926
15980,7,0.999927
15990,4,0.999928
16000,5,0.999929
16010,5,0.999930
16020,5,0.999931
16030,13,0.999934
16040,8,0.999935
16050,4,0.999936
16060,4,0.999937
16070,4,0.999938
16080,7,0.999939
16090,7,0.999941
16100,2,0.999941
16110,5,0.999942
16120,2,0.999942
16130,5,0.999943
16140,12,0.999946
16150,3,0.999946
16160,6,0.999948
16170,2,0.999948
16180,8,0.999950
16190,3,0.999950
16200,5,0.999951
16210,6,0.999952
16220,2,0.999953
16230,5,0.999954
16240,5,0.999955
16250,7,0.999956
16260,6,0.999957
16270,5,0.999958
16280,4,0.999959
16290,4,0.999960
16300,4,0.999961
16310,5,0.999962
16320,6,0.999963
16330,4,0.999964
16340,5,0.999965
16350,1,0.999965
16360,5,0.999966
16370,4,0.999967
16380,5,0.999968
16390,4,0.999969
16400,9,0.999970
16410,10,0.999972
16420,6,0.999974
16430,3,0.999974
16440,6,0.999975
16450,4,0.999976
16460,4,0.999977
16470,3,0.999978
16480,2,0.999978
16490,4,0.999979
16500,4,0.999980
16510,5,0.999981
16520,5,0.999982
16530,5,0.999983
16540,5,0.999984
16550,1,0.999984
16560,2,0.999984
16570,6,0.999985
16580,6,0.999987
16590,5,0.999988
16600,3,0.999988
16610,6,0.999989
16620,5,0.999990
16630,6,0.999992
16640,6,0.999993
16650,5,0.999994
16660,3,0.999994
16670,3,0.999995
16680,4,0.999996
16690,4,0.999997
16700,3,0.999997
16710,2,0.999998
16720,4,0.999998
16730,3,0.999999
16740,4,1.000000
16750,4,1.000001
16760,3,1.000001
16770,8,1.000003
16780,8,1.000004
16790,5,1.000005
16800,2,1.000006
16810,6,1.000007
16820,6,1.000008
16830,3,1.000009
16840,1,1.000009
16850,9,1.000011
16860,4,1.000012
16870,4,1.000012
16880,4,1.000013
16890,2,1.000014
16900,6,1.000015
16910,5,1.000016
16920,4,1.000017
16930,2,1.000017
16940,3,1.000018
16950,5,1.000019
16960,4,1.000019
16970,4,1.000020
16980,4,1.000021
16990,4,1.000022
17000,1,1.000022
17010,3,1.000023
17020,4,1.000023
17030,1,1.000024
17040,3,1.000024
17050,4,1.000025
17070,5,1.000026
17080,2,1.000026
17090,4,1.000027
17100,3,1.000028
17110,3,1.000028
17120,2,1.000029
17130,1,1.000029
17140,1,1.000029
17150,2,1.000030
17160,3,1.000030
17170,5,1.000031
17180,4,1.000032
17190,2,1.000032
17200,3,1.000033
17210,2,1.000033
17220,4,1.000034
17230,1,1.000034
17240,2,1.000035
17250,4,1.000036
17260,6,1.000037
17270,4,1.000038
17280,4,1.000038
17290,4,1.000039
17300,4,1.000040
17310,2,1.000040
17320,5,1.000041
17330,5,1.000042
17340,5,1.000043
17350,3,1.000044
17360,4,1.000045
17370,3,1.000045
17380,2,1.000046
17390,4,1.000047
17400,1,1.000047
17410,2,1.000047
17420,5,1.000048
17430,4,1.000049
17440,3,1.000050
17450,3,1.000050
17460,6,1.000051
17470,4,1.000052
17480,2,1.000053
17490,3,1.000053
17510,1,1.000053
17520,3,1.000054
17530,3,1.000055
17540,2,1.000055
17550,2,1.000055
17560,5,1.000056
17570,2,1.000057
17580,1,1.000057
17590,3,1.000058
17600,3,1.000058
17610,7,1.000060
17630,1,1.000060
17640,3,1.000060
17650,2,1.000061
17660,2,1.000061
17670,1,1.000061
17680,4,1.000062
17690,2,1.000063
17700,4,1.000063
17710,1,1.000064
17720,1,1.000064
17730,3,1.000064
17740,2,1.000065
17750,3,1.000065
17760,2,1.000066
17770,2,1.000066
17780,4,1.000067
17790,5,1.000068
17800,5,1.000069
17810,2,1.000069
17820,2,1.000070
17830,2,1.000070
17840,3,1.000071
17850,1,1.000071
17860,6,1.000072
17880,2,1.000073
17890,6,1.000074
17900,2,1.000074
17920,4,1.000075
17930,3,1.000076
17950,5,1.000077
17960,2,1.000077
17970,2,1.000077
17980,4,1.000078
17990,3,1.000079
18000,3,1.000079
18010,4,1.000080
18020,6,1.000081
18030,6,1.000083
18040,2,1.000083
18050,6,1.000084
18060,2,1.000085
18070,1,1.000085
18080,4,1.000086
18090,5,1.000087
18100,2,1.000087
18110,2,1.000087
18120,1,1.000088
18130,1,1.000088
18140,1,1.000088
18150,1,1.000088
18170,3,1.000089
18180,5,1.000090
18190,1,1.000090
18200,2,1.000090
18210,5,1.000091
18220,2,1.000092
18230,3,1.000092
18240,2,1.000093
18250,1,1.000093
18260,4,1.000094
18270,1,1.000094
18280,3,1.000095
18290,1,1.000095
18310,2,1.000095
18320,3,1.000096
18330,2,1.000096
18340,4,1.000097
18350,3,1.000098
18360,2,1.000098
18370,2,1.000098
18380,3,1.000099
18390,2,1.000099
18410,3,1.000100
18420,1,1.000100
18430,3,1.000101
18440,5,1.000102
18450,1,1.000102
18460,2,1.000102
18470,2,1.000103
18480,2,1.000103
18490,2,1.000104
18500,3,1.000104
18510,3,1.000105
18530,1,1.000105
18540,3,1.000106
18550,1,1.000106
18560,4,1.000107
18570,1,1.000107
18580,2,1.000107
18600,2,1.000108
18610,1,1.000108
18620,2,1.000108
18630,2,1.000109
18640,3,1.000109
18650,2,1.000110
18660,4,1.000110
18690,1,1.000111
18710,1,1.000111
18720,3,1.000111
18730,3,1.000112
18750,3,1.000113
18760,5,1.000114
18780,1,1.000114
18790,1,1.000114
18800,1,1.000114
18810,1,1.000114
18820,4,1.000115
18840,1,1.000115
18850,3,1.000116
18860,5,1.000117
18870,1,1.000117
18890,2,1.000118
18900,2,1.000118
18920,1,1.000118
18940,2,1.000118
18950,2,1.000119
18960,1,1.000119
18970,2,1.000120
18980,1,1.000120
19000,1,1.000120
19010,1,1.000120
19030,4,1.000121
19040,4,1.000122
19050,1,1.000122
19060,1,1.000122
19070,3,1.000123
19080,1,1.000123
19090,3,1.000124
19100,2,1.000124
19120,3,1.000125
19130,2,1.000125
19140,2,1.000125
19150,1,1.000126
19160,2,1.000126
19180,1,1.000126
19190,1,1.000126
19200,1,1.000127
19210,1,1.000127
19230,1,1.000127
19240,1,1.000127
19250,1,1.000127
19270,1,1.000128
19280,3,1.000128
19290,2,1.000129
19300,4,1.000129
19310,3,1.000130
19320,2,1.000130
19330,3,1.000131
19340,1,1.000131
19350,1,1.000131
19370,1,1.000131
19380,2,1.000132
19390,1,1.000132
19400,1,1.000132
19410,3,1.000133
19420,1,1.000133
19430,3,1.000134
19440,2,1.000134
19450,1,1.000134
19470,2,1.000135
19480,1,1.000135
19510,1,1.000135
19520,2,1.000136
19540,4,1.000136
19550,3,1.000137
19560,1,1.000137
19570,3,1.000138
19580,1,1.000138
19590,3,1.000139
19600,1,1.000139
19610,2,1.000139
19620,2,1.000140
19630,2,1.000140
19650,2,1.000140
19660,1,1.000141
19700,1,1.000141
19710,1,1.000141
19720,2,1.000141
19730,3,1.000142
19740,1,1.000142
19750,2,1.000143
19790,1,1.000143
19800,1,1.000143
19810,1,1.000143
19860,1,1.000143
19870,2,1.000144
19880,1,1.000144
19910,1,1.000144
19920,1,1.000144
19930,1,1.000144
19950,2,1.000145
19970,1,1.000145
19980,3,1.000146
20000,1,1.000146
20040,1,1.000146
20070,1,1.000146
20080,2,1.000147
20090,3,1.000147
20110,1,1.000148
20120,1,1.000148
20130,2,1.000148
20140,1,1.000148
20180,1,1.000149
20190,1,1.000149
20200,1,1.000149
20220,2,1.000149
20280,1,1.000149
20290,2,1.000150
20300,1,1.000150
20320,1,1.000150
20330,2,1.000151
20340,1,1.000151
20380,2,1.000151
20390,1,1.000152
20400,1,1.000152
20410,1,1.000152
20420,1,1.000152
20440,1,1.000152
20450,2,1.000153
20460,1,1.000153
20480,1,1.000153
20490,1,1.000153
20550,1,1.000154
20560,1,1.000154
20570,1,1.000154
20580,2,1.000154
20590,1,1.000154
20610,1,1.000155
20630,3,1.000155
20640,1,1.000156
20650,1,1.000156
20670,2,1.000156
20710,1,1.000156
20720,1,1.000157
20730,2,1.000157
20760,1,1.000157
20770,1,1.000157
20790,4,1.000158
20800,1,1.000158
20870,2,1.000159
20890,2,1.000159
20910,1,1.000159
20920,1,1.000160
20950,1,1.000160
21010,1,1.000160
21040,1,1.000160
21090,1,1.000160
21100,1,1.000161
21140,1,1.000161
21170,1,1.000161
21230,1,1.000161
21280,1,1.000161
21300,1,1.000162
21330,1,1.000162
21420,1,1.000162
21470,1,1.000162
21500,1,1.000162
21510,1,1.000162
21540,1,1.000163
21570,3,1.000163
21580,1,1.000164
21620,1,1.000164
21670,1,1.000164
21700,1,1.000164
21750,1,1.000164
21800,1,1.000165
21860,1,1.000165
21890,1,1.000165
21900,1,1.000165
21960,1,1.000165
22000,1,1.000166
22020,1,1.000166
22030,1,1.000166
22120,1,1.000166
22250,1,1.000166
22260,1,1.000167
22270,1,1.000167
22330,2,1.000167
22370,1,1.000167
22390,1,1.000167
22430,1,1.000168
22450,1,1.000168
22480,1,1.000168
22490,1,1.000168
22540,1,1.000169
22550,1,1.000169
22590,1,1.000169
22640,1,1.000169
22700,1,1.000169
22800,1,1.000170
22820,1,1.000170
22840,1,1.000170
22850,1,1.000170
22860,1,1.000170
23030,1,1.000171
23300,1,1.000171
23430,1,1.000171
23640,1,1.000171
23900,1,1.000171
24590,1,1.000172
24970,1,1.000172
25010,1,1.000172
25650,1,1.000172
