#latency,cnt,cdf
0,2406643,0.253394
10,299294,0.284906
20,51965,0.290377
30,10318,0.291464
40,2578,0.291735
50,6855,0.292457
60,15540,0.294093
70,14759,0.295647
80,15831,0.297314
90,17075,0.299112
100,20177,0.301236
110,23402,0.303700
120,20472,0.305856
130,24617,0.308448
140,16264,0.310160
150,13927,0.311626
160,37420,0.315566
170,43955,0.320194
180,68122,0.327367
190,42262,0.331816
200,29978,0.334973
210,28731,0.337998
220,49965,0.343259
230,57886,0.349353
240,39418,0.353504
250,36433,0.357340
260,36636,0.361197
270,36640,0.365055
280,36697,0.368919
290,36625,0.372775
300,37021,0.376673
310,37058,0.380575
320,37610,0.384535
330,37436,0.388476
340,36860,0.392357
350,36313,0.396181
360,36072,0.399978
370,36291,0.403800
380,36393,0.407631
390,35557,0.411375
400,35305,0.415092
410,34753,0.418751
420,35196,0.422457
430,34871,0.426129
440,34454,0.429756
450,34038,0.433340
460,34243,0.436946
470,33867,0.440511
480,33574,0.444046
490,33189,0.447541
500,33401,0.451058
510,33186,0.454552
520,32717,0.457997
530,32373,0.461405
540,32423,0.464819
550,32174,0.468206
560,31985,0.471574
570,31537,0.474895
580,31493,0.478211
590,31295,0.481506
600,31044,0.484774
610,30980,0.488036
620,30807,0.491280
630,30474,0.494488
640,30150,0.497663
650,30150,0.500837
660,30021,0.503998
670,29679,0.507123
680,29827,0.510263
690,29551,0.513375
700,29335,0.516463
710,29154,0.519533
720,28820,0.522568
730,28712,0.525591
740,28295,0.528570
750,27944,0.531512
760,28329,0.534495
770,27784,0.537420
780,27956,0.540363
790,27718,0.543282
800,27366,0.546163
810,27487,0.549057
820,27256,0.551927
830,26956,0.554765
840,26850,0.557592
850,26747,0.560408
860,26595,0.563209
870,26259,0.565973
880,26156,0.568727
890,25827,0.571447
900,25701,0.574153
910,25315,0.576818
920,25566,0.579510
930,25085,0.582151
940,25120,0.584796
950,24775,0.587404
960,25062,0.590043
970,24666,0.592640
980,24619,0.595232
990,24251,0.597786
1000,24283,0.600343
1010,24127,0.602883
1020,23940,0.605403
1030,23678,0.607897
1040,23267,0.610346
1050,23342,0.612804
1060,23278,0.615255
1070,23121,0.617689
1080,23362,0.620149
1090,22969,0.622567
1100,22954,0.624984
1110,22359,0.627338
1120,22290,0.629685
1130,22261,0.632029
1140,22091,0.634355
1150,21985,0.636670
1160,21906,0.638976
1170,21503,0.641240
1180,21646,0.643519
1190,21433,0.645776
1200,21228,0.648011
1210,21053,0.650228
1220,20865,0.652425
1230,20617,0.654595
1240,20761,0.656781
1250,20812,0.658973
1260,20379,0.661118
1270,20426,0.663269
1280,20207,0.665397
1290,20035,0.667506
1300,20023,0.669614
1310,20015,0.671722
1320,19670,0.673793
1330,19449,0.675840
1340,19447,0.677888
1350,19274,0.679917
1360,19146,0.681933
1370,19163,0.683951
1380,19219,0.685974
1390,18760,0.687950
1400,18675,0.689916
1410,18483,0.691862
1420,18409,0.693800
1430,18361,0.695733
1440,18141,0.697643
1450,18377,0.699578
1460,17961,0.701469
1470,17741,0.703337
1480,18016,0.705234
1490,17492,0.707076
1500,17496,0.708918
1510,17414,0.710752
1520,17300,0.712573
1530,17114,0.714375
1540,16936,0.716158
1550,17164,0.717965
1560,16817,0.719736
1570,16951,0.721521
1580,16486,0.723257
1590,16377,0.724981
1600,16279,0.726695
1610,16268,0.728408
1620,16137,0.730107
1630,16047,0.731796
1640,15891,0.733470
1650,15657,0.735118
1660,15578,0.736758
1670,15756,0.738417
1680,15388,0.740037
1690,15492,0.741669
1700,15479,0.743298
1710,15111,0.744889
1720,15089,0.746478
1730,14798,0.748036
1740,14921,0.749607
1750,14828,0.751168
1760,14679,0.752714
1770,14445,0.754235
1780,14600,0.755772
1790,14422,0.757291
1800,14359,0.758802
1810,14191,0.760297
1820,14214,0.761793
1830,13734,0.763239
1840,14043,0.764718
1850,14041,0.766196
1860,13701,0.767639
1870,13591,0.769070
1880,13508,0.770492
1890,13618,0.771926
1900,13414,0.773338
1910,13421,0.774751
1920,13180,0.776139
1930,12970,0.777505
1940,13153,0.778889
1950,13134,0.780272
1960,12749,0.781615
1970,12748,0.782957
1980,12721,0.784296
1990,12726,0.785636
2000,12591,0.786962
2010,12366,0.788264
2020,12256,0.789554
2030,12348,0.790854
2040,12422,0.792162
2050,12326,0.793460
2060,12235,0.794748
2070,12016,0.796013
2080,12036,0.797281
2090,11949,0.798539
2100,11791,0.799780
2110,11927,0.801036
2120,11769,0.802275
2130,11376,0.803473
2140,11448,0.804678
2150,11457,0.805885
2160,11185,0.807062
2170,11212,0.808243
2180,11052,0.809406
2190,10969,0.810561
2200,11022,0.811722
2210,10905,0.812870
2220,10837,0.814011
2230,10800,0.815148
2240,10829,0.816288
2250,10613,0.817406
2260,10727,0.818535
2270,10535,0.819644
2280,10746,0.820776
2290,10282,0.821858
2300,10399,0.822953
2310,10434,0.824052
2320,10198,0.825126
2330,10088,0.826188
2340,10158,0.827257
2350,9944,0.828304
2360,10019,0.829359
2370,9857,0.830397
2380,9693,0.831418
2390,9779,0.832447
2400,9627,0.833461
2410,9773,0.834490
2420,9718,0.835513
2430,9579,0.836522
2440,9404,0.837512
2450,9398,0.838501
2460,9307,0.839481
2470,9321,0.840463
2480,9031,0.841413
2490,9106,0.842372
2500,9094,0.843330
2510,9069,0.844285
2520,9032,0.845236
2530,9020,0.846185
2540,8801,0.847112
2550,8951,0.848054
2560,8982,0.849000
2570,8803,0.849927
2580,8760,0.850849
2590,8648,0.851760
2600,8641,0.852670
2610,8593,0.853574
2620,8542,0.854474
2630,8478,0.855366
2640,8281,0.856238
2650,8248,0.857107
2660,8435,0.857995
2670,8074,0.858845
2680,8290,0.859718
2690,8103,0.860571
2700,8027,0.861416
2710,8044,0.862263
2720,7960,0.863101
2730,7980,0.863941
2740,7829,0.864766
2750,7779,0.865585
2760,7784,0.866404
2770,7780,0.867223
2780,7719,0.868036
2790,7783,0.868856
2800,7739,0.869670
2810,7509,0.870461
2820,7503,0.871251
2830,7477,0.872038
2840,7466,0.872824
2850,7502,0.873614
2860,7244,0.874377
2870,7264,0.875142
2880,7232,0.875903
2890,7123,0.876653
2900,7117,0.877403
2910,7040,0.878144
2920,6998,0.878881
2930,6982,0.879616
2940,6923,0.880345
2950,6895,0.881071
2960,6767,0.881783
2970,6746,0.882493
2980,6713,0.883200
2990,6787,0.883915
3000,6745,0.884625
3010,6697,0.885330
3020,6462,0.886011
3030,6583,0.886704
3040,6574,0.887396
3050,6513,0.888082
3060,6336,0.888749
3070,6455,0.889428
3080,6353,0.890097
3090,6321,0.890763
3100,6360,0.891432
3110,6259,0.892091
3120,6298,0.892754
3130,6233,0.893411
3140,6122,0.894055
3150,5991,0.894686
3160,5987,0.895316
3170,6045,0.895953
3180,5915,0.896576
3190,5856,0.897192
3200,5911,0.897815
3210,5809,0.898426
3220,5752,0.899032
3230,5815,0.899644
3240,5703,0.900245
3250,5683,0.900843
3260,5687,0.901442
3270,5636,0.902035
3280,5643,0.902629
3290,5594,0.903218
3300,5575,0.903805
3310,5575,0.904392
3320,5524,0.904974
3330,5383,0.905541
3340,5320,0.906101
3350,5290,0.906658
3360,5385,0.907225
3370,5505,0.907804
3380,5267,0.908359
3390,5188,0.908905
3400,5168,0.909449
3410,5176,0.909994
3420,5213,0.910543
3430,5077,0.911078
3440,5167,0.911622
3450,5083,0.912157
3460,4957,0.912679
3470,4980,0.913203
3480,4959,0.913725
3490,5023,0.914254
3500,4921,0.914772
3510,4776,0.915275
3520,4814,0.915782
3530,4848,0.916293
3540,4852,0.916803
3550,4666,0.917295
3560,4726,0.917792
3570,4663,0.918283
3580,4726,0.918781
3590,4710,0.919277
3600,4598,0.919761
3610,4503,0.920235
3620,4461,0.920705
3630,4511,0.921180
3640,4564,0.921660
3650,4421,0.922126
3660,4511,0.922601
3670,4319,0.923055
3680,4302,0.923508
3690,4409,0.923973
3700,4266,0.924422
3710,4134,0.924857
3720,4443,0.925325
3730,4206,0.925768
3740,4190,0.926209
3750,4154,0.926646
3760,4189,0.927087
3770,4109,0.927520
3780,4205,0.927963
3790,4106,0.928395
3800,4027,0.928819
3810,4174,0.929258
3820,4057,0.929686
3830,4027,0.930110
3840,4051,0.930536
3850,3992,0.930956
3860,4007,0.931378
3870,3943,0.931793
3880,3885,0.932202
3890,3925,0.932616
3900,3891,0.933025
3910,3896,0.933436
3920,3761,0.933832
3930,3783,0.934230
3940,3722,0.934622
3950,3729,0.935014
3960,3651,0.935399
3970,3669,0.935785
3980,3744,0.936179
3990,3543,0.936552
4000,3740,0.936946
4010,3495,0.937314
4020,3694,0.937703
4030,3580,0.938080
4040,3452,0.938443
4050,3475,0.938809
4060,3415,0.939169
4070,3337,0.939520
4080,3465,0.939885
4090,3457,0.940249
4100,3364,0.940603
4110,3408,0.940962
4120,3305,0.941310
4130,3360,0.941664
4140,3467,0.942029
4150,3245,0.942371
4160,3335,0.942722
4170,3382,0.943078
4180,3320,0.943427
4190,3288,0.943774
4200,3244,0.944115
4210,3146,0.944446
4220,3189,0.944782
4230,3102,0.945109
4240,3171,0.945443
4250,3195,0.945779
4260,3053,0.946100
4270,3079,0.946425
4280,3120,0.946753
4290,2959,0.947065
4300,3021,0.947383
4310,3003,0.947699
4320,3017,0.948017
4330,2998,0.948332
4340,2916,0.948639
4350,2923,0.948947
4360,2927,0.949255
4370,2971,0.949568
4380,2859,0.949869
4390,2961,0.950181
4400,2896,0.950486
4410,2819,0.950783
4420,2784,0.951076
4430,2870,0.951378
4440,2804,0.951673
4450,2851,0.951973
4460,2787,0.952267
4470,2712,0.952552
4480,2818,0.952849
4490,2742,0.953138
4500,2645,0.953416
4510,2764,0.953707
4520,2624,0.953983
4530,2646,0.954262
4540,2591,0.954535
4550,2635,0.954812
4560,2667,0.955093
4570,2597,0.955367
4580,2560,0.955636
4590,2640,0.955914
4600,2550,0.956183
4610,2596,0.956456
4620,2510,0.956720
4630,2528,0.956986
4640,2460,0.957245
4650,2617,0.957521
4660,2545,0.957789
4670,2527,0.958055
4680,2515,0.958320
4690,2503,0.958583
4700,2437,0.958840
4710,2502,0.959103
4720,2379,0.959354
4730,2496,0.959617
4740,2375,0.959867
4750,2450,0.960125
4760,2435,0.960381
4770,2253,0.960618
4780,2461,0.960877
4790,2313,0.961121
4800,2379,0.961371
4810,2314,0.961615
4820,2266,0.961854
4830,2307,0.962096
4840,2173,0.962325
4850,2256,0.962563
4860,2207,0.962795
4870,2262,0.963033
4880,2194,0.963264
4890,2149,0.963491
4900,2173,0.963719
4910,2161,0.963947
4920,2234,0.964182
4930,2166,0.964410
4940,2034,0.964624
4950,2133,0.964849
4960,2215,0.965082
4970,2145,0.965308
4980,2029,0.965522
4990,2132,0.965746
5000,2039,0.965961
5010,2029,0.966174
5020,2056,0.966391
5030,1983,0.966600
5040,2074,0.966818
5050,1951,0.967023
5060,1982,0.967232
5070,1964,0.967439
5080,1958,0.967645
5090,1909,0.967846
5100,1934,0.968050
5110,1914,0.968251
5120,1920,0.968453
5130,1917,0.968655
5140,1909,0.968856
5150,1864,0.969052
5160,1865,0.969249
5170,1866,0.969445
5180,1803,0.969635
5190,1758,0.969820
5200,1813,0.970011
5210,1712,0.970191
5220,1922,0.970394
5230,1796,0.970583
5240,1805,0.970773
5250,1778,0.970960
5260,1679,0.971137
5270,1692,0.971315
5280,1742,0.971498
5290,1735,0.971681
5300,1706,0.971861
5310,1681,0.972038
5320,1669,0.972213
5330,1687,0.972391
5340,1700,0.972570
5350,1728,0.972752
5360,1663,0.972927
5370,1610,0.973097
5380,1605,0.973266
5390,1542,0.973428
5400,1641,0.973601
5410,1629,0.973772
5420,1609,0.973942
5430,1549,0.974105
5440,1548,0.974268
5450,1563,0.974432
5460,1562,0.974597
5470,1545,0.974759
5480,1455,0.974913
5490,1494,0.975070
5500,1527,0.975231
5510,1425,0.975381
5520,1453,0.975534
5530,1396,0.975681
5540,1497,0.975838
5550,1411,0.975987
5560,1476,0.976142
5570,1411,0.976291
5580,1437,0.976442
5590,1388,0.976588
5600,1471,0.976743
5610,1333,0.976884
5620,1390,0.977030
5630,1442,0.977182
5640,1401,0.977329
5650,1368,0.977473
5660,1347,0.977615
5670,1321,0.977754
5680,1315,0.977893
5690,1365,0.978036
5700,1322,0.978176
5710,1270,0.978309
5720,1286,0.978445
5730,1323,0.978584
5740,1309,0.978722
5750,1315,0.978860
5760,1302,0.978997
5770,1279,0.979132
5780,1291,0.979268
5790,1259,0.979400
5800,1264,0.979534
5810,1268,0.979667
5820,1224,0.979796
5830,1198,0.979922
5840,1145,0.980043
5850,1150,0.980164
5860,1222,0.980292
5870,1184,0.980417
5880,1201,0.980543
5890,1181,0.980668
5900,1178,0.980792
5910,1112,0.980909
5920,1156,0.981031
5930,1186,0.981156
5940,1114,0.981273
5950,1124,0.981391
5960,1132,0.981510
5970,1145,0.981631
5980,1120,0.981749
5990,1114,0.981866
6000,1114,0.981983
6010,1087,0.982098
6020,1136,0.982217
6030,1002,0.982323
6040,1103,0.982439
6050,1060,0.982551
6060,1019,0.982658
6070,1045,0.982768
6080,1158,0.982890
6090,1032,0.982999
6100,1011,0.983105
6110,1058,0.983216
6120,1088,0.983331
6130,1062,0.983443
6140,1040,0.983552
6150,947,0.983652
6160,971,0.983754
6170,991,0.983859
6180,1035,0.983968
6190,948,0.984067
6200,1017,0.984174
6210,955,0.984275
6220,908,0.984371
6230,942,0.984470
6240,926,0.984567
6250,932,0.984665
6260,950,0.984765
6270,898,0.984860
6280,951,0.984960
6290,856,0.985050
6300,907,0.985146
6310,935,0.985244
6320,872,0.985336
6330,868,0.985427
6340,925,0.985525
6350,866,0.985616
6360,854,0.985706
6370,829,0.985793
6380,842,0.985882
6390,878,0.985974
6400,833,0.986062
6410,897,0.986156
6420,864,0.986247
6430,831,0.986335
6440,808,0.986420
6450,871,0.986512
6460,877,0.986604
6470,807,0.986689
6480,858,0.986779
6490,756,0.986859
6500,833,0.986947
6510,804,0.987031
6520,793,0.987115
6530,784,0.987197
6540,818,0.987283
6550,790,0.987367
6560,766,0.987447
6570,822,0.987534
6580,785,0.987617
6590,729,0.987693
6600,707,0.987768
6610,742,0.987846
6620,757,0.987926
6630,739,0.988003
6640,763,0.988084
6650,732,0.988161
6660,761,0.988241
6670,704,0.988315
6680,754,0.988394
6690,655,0.988463
6700,710,0.988538
6710,700,0.988612
6720,691,0.988685
6730,751,0.988764
6740,691,0.988836
6750,729,0.988913
6760,708,0.988988
6770,684,0.989060
6780,660,0.989129
6790,672,0.989200
6800,727,0.989277
6810,698,0.989350
6820,693,0.989423
6830,639,0.989490
6840,651,0.989559
6850,637,0.989626
6860,639,0.989693
6870,615,0.989758
6880,605,0.989822
6890,676,0.989893
6900,648,0.989961
6910,662,0.990031
6920,594,0.990093
6930,645,0.990161
6940,644,0.990229
6950,646,0.990297
6960,630,0.990363
6970,632,0.990430
6980,522,0.990485
6990,601,0.990548
7000,588,0.990610
7010,625,0.990676
7020,603,0.990739
7030,590,0.990801
7040,574,0.990862
7050,606,0.990926
7060,593,0.990988
7070,567,0.991048
7080,595,0.991110
7090,565,0.991170
7100,580,0.991231
7110,541,0.991288
7120,543,0.991345
7130,550,0.991403
7140,551,0.991461
7150,522,0.991516
7160,565,0.991575
7170,547,0.991633
7180,552,0.991691
7190,523,0.991746
7200,534,0.991803
7210,556,0.991861
7220,512,0.991915
7230,494,0.991967
7240,535,0.992023
7250,557,0.992082
7260,523,0.992137
7270,522,0.992192
7280,522,0.992247
7290,541,0.992304
7300,515,0.992358
7310,520,0.992413
7320,508,0.992466
7330,511,0.992520
7340,505,0.992573
7350,498,0.992626
7360,501,0.992679
7370,480,0.992729
7380,495,0.992781
7390,468,0.992830
7400,498,0.992883
7410,485,0.992934
7420,479,0.992984
7430,478,0.993035
7440,508,0.993088
7450,492,0.993140
7460,478,0.993190
7470,470,0.993240
7480,455,0.993288
7490,426,0.993333
7500,480,0.993383
7510,462,0.993432
7520,456,0.993480
7530,418,0.993524
7540,495,0.993576
7550,439,0.993622
7560,452,0.993670
7570,480,0.993720
7580,410,0.993763
7590,450,0.993811
7600,401,0.993853
7610,442,0.993900
7620,418,0.993944
7630,423,0.993988
7640,436,0.994034
7650,400,0.994076
7660,439,0.994122
7670,435,0.994168
7680,394,0.994210
7690,393,0.994251
7700,397,0.994293
7710,404,0.994335
7720,431,0.994381
7730,398,0.994423
7740,375,0.994462
7750,396,0.994504
7760,392,0.994545
7770,397,0.994587
7780,405,0.994630
7790,429,0.994675
7800,325,0.994709
7810,395,0.994750
7820,420,0.994795
7830,405,0.994837
7840,357,0.994875
7850,362,0.994913
7860,363,0.994951
7870,378,0.994991
7880,404,0.995034
7890,391,0.995075
7900,366,0.995113
7910,315,0.995146
7920,367,0.995185
7930,351,0.995222
7940,343,0.995258
7950,347,0.995295
7960,315,0.995328
7970,337,0.995363
7980,338,0.995399
7990,322,0.995433
8000,347,0.995469
8010,306,0.995502
8020,323,0.995536
8030,330,0.995570
8040,332,0.995605
8050,345,0.995642
8060,316,0.995675
8070,365,0.995713
8080,297,0.995745
8090,319,0.995778
8100,296,0.995809
8110,334,0.995845
8120,331,0.995879
8130,282,0.995909
8140,290,0.995940
8150,321,0.995973
8160,304,0.996005
8170,289,0.996036
8180,268,0.996064
8190,310,0.996097
8200,308,0.996129
8210,304,0.996161
8220,293,0.996192
8230,257,0.996219
8240,261,0.996247
8250,274,0.996275
8260,272,0.996304
8270,271,0.996333
8280,287,0.996363
8290,269,0.996391
8300,273,0.996420
8310,262,0.996447
8320,265,0.996475
8330,281,0.996505
8340,262,0.996532
8350,262,0.996560
8360,266,0.996588
8370,271,0.996617
8380,274,0.996646
8390,271,0.996674
8400,253,0.996701
8410,221,0.996724
8420,244,0.996750
8430,258,0.996777
8440,221,0.996800
8450,243,0.996826
8460,275,0.996855
8470,209,0.996877
8480,240,0.996902
8490,222,0.996925
8500,238,0.996950
8510,245,0.996976
8520,260,0.997003
8530,232,0.997028
8540,242,0.997053
8550,245,0.997079
8560,242,0.997105
8570,224,0.997128
8580,219,0.997151
8590,251,0.997178
8600,213,0.997200
8610,228,0.997224
8620,208,0.997246
8630,199,0.997267
8640,206,0.997289
8650,224,0.997312
8660,190,0.997332
8670,245,0.997358
8680,244,0.997384
8690,212,0.997406
8700,208,0.997428
8710,201,0.997449
8720,226,0.997473
8730,206,0.997495
8740,211,0.997517
8750,195,0.997537
8760,207,0.997559
8770,210,0.997581
8780,174,0.997600
8790,213,0.997622
8800,169,0.997640
8810,216,0.997663
8820,205,0.997684
8830,198,0.997705
8840,181,0.997724
8850,180,0.997743
8860,157,0.997760
8870,183,0.997779
8880,183,0.997798
8890,196,0.997819
8900,179,0.997838
8910,146,0.997853
8920,181,0.997872
8930,172,0.997890
8940,170,0.997908
8950,152,0.997924
8960,150,0.997940
8970,164,0.997957
8980,169,0.997975
8990,147,0.997990
9000,166,0.998008
9010,149,0.998024
9020,157,0.998040
9030,149,0.998056
9040,148,0.998071
9050,180,0.998090
9060,198,0.998111
9070,140,0.998126
9080,160,0.998143
9090,186,0.998162
9100,144,0.998177
9110,139,0.998192
9120,131,0.998206
9130,161,0.998223
9140,135,0.998237
9150,157,0.998254
9160,127,0.998267
9170,149,0.998283
9180,166,0.998300
9190,143,0.998315
9200,139,0.998330
9210,143,0.998345
9220,140,0.998360
9230,129,0.998373
9240,117,0.998385
9250,144,0.998401
9260,126,0.998414
9270,122,0.998427
9280,127,0.998440
9290,149,0.998456
9300,120,0.998468
9310,129,0.998482
9320,125,0.998495
9330,134,0.998509
9340,127,0.998523
9350,119,0.998535
9360,124,0.998548
9370,116,0.998560
9380,125,0.998574
9390,100,0.998584
9400,119,0.998597
9410,101,0.998607
9420,116,0.998620
9430,116,0.998632
9440,122,0.998645
9450,97,0.998655
9460,119,0.998667
9470,121,0.998680
9480,107,0.998691
9490,104,0.998702
9500,100,0.998713
9510,107,0.998724
9520,132,0.998738
9530,108,0.998749
9540,100,0.998760
9550,107,0.998771
9560,92,0.998781
9570,110,0.998792
9580,108,0.998804
9590,115,0.998816
9600,100,0.998826
9610,91,0.998836
9620,99,0.998846
9630,108,0.998858
9640,74,0.998866
9650,100,0.998876
9660,95,0.998886
9670,85,0.998895
9680,104,0.998906
9690,108,0.998917
9700,102,0.998928
9710,97,0.998938
9720,100,0.998949
9730,99,0.998959
9740,104,0.998970
9750,90,0.998980
9760,96,0.998990
9770,99,0.999000
9780,107,0.999012
9790,90,0.999021
9800,79,0.999029
9810,72,0.999037
9820,87,0.999046
9830,87,0.999055
9840,87,0.999064
9850,70,0.999072
9860,79,0.999080
9870,89,0.999089
9880,92,0.999099
9890,68,0.999106
9900,76,0.999114
9910,75,0.999122
9920,91,0.999132
9930,77,0.999140
9940,83,0.999149
9950,70,0.999156
9960,84,0.999165
9970,69,0.999172
9980,70,0.999179
9990,74,0.999187
10000,87,0.999196
10010,59,0.999203
10020,77,0.999211
10030,64,0.999218
10040,69,0.999225
10050,71,0.999232
10060,76,0.999240
10070,72,0.999248
10080,70,0.999255
10090,74,0.999263
10100,66,0.999270
10110,77,0.999278
10120,78,0.999286
10130,69,0.999294
10140,64,0.999300
10150,76,0.999308
10160,66,0.999315
10170,64,0.999322
10180,56,0.999328
10190,59,0.999334
10200,63,0.999341
10210,54,0.999346
10220,58,0.999352
10230,64,0.999359
10240,67,0.999366
10250,46,0.999371
10260,49,0.999376
10270,51,0.999382
10280,62,0.999388
10290,48,0.999393
10300,64,0.999400
10310,55,0.999406
10320,55,0.999412
10330,46,0.999416
10340,71,0.999424
10350,64,0.999431
10360,59,0.999437
10370,55,0.999443
10380,66,0.999450
10390,57,0.999456
10400,53,0.999461
10410,48,0.999466
10420,55,0.999472
10430,54,0.999478
10440,39,0.999482
10450,40,0.999486
10460,60,0.999492
10470,44,0.999497
10480,57,0.999503
10490,54,0.999509
10500,62,0.999515
10510,54,0.999521
10520,36,0.999525
10530,49,0.999530
10540,35,0.999533
10550,43,0.999538
10560,65,0.999545
10570,49,0.999550
10580,50,0.999555
10590,35,0.999559
10600,45,0.999564
10610,43,0.999568
10620,58,0.999574
10630,50,0.999580
10640,58,0.999586
10650,35,0.999589
10660,55,0.999595
10670,42,0.999600
10680,42,0.999604
10690,36,0.999608
10700,51,0.999613
10710,42,0.999618
10720,36,0.999621
10730,28,0.999624
10740,42,0.999629
10750,38,0.999633
10760,42,0.999637
10770,44,0.999642
10780,48,0.999647
10790,44,0.999651
10800,35,0.999655
10810,39,0.999659
10820,46,0.999664
10830,35,0.999668
10840,40,0.999672
10850,36,0.999676
10860,44,0.999680
10870,44,0.999685
10880,39,0.999689
10890,44,0.999694
10900,33,0.999697
10910,34,0.999701
10920,61,0.999707
10930,40,0.999712
10940,46,0.999716
10950,35,0.999720
10960,30,0.999723
10970,34,0.999727
10980,42,0.999731
10990,37,0.999735
11000,28,0.999738
11010,33,0.999741
11020,34,0.999745
11030,37,0.999749
11040,37,0.999753
11050,32,0.999756
11060,33,0.999760
11070,22,0.999762
11080,34,0.999766
11090,37,0.999770
11100,35,0.999773
11110,30,0.999776
11120,28,0.999779
11130,35,0.999783
11140,35,0.999787
11150,36,0.999790
11160,33,0.999794
11170,30,0.999797
11180,25,0.999800
11190,36,0.999804
11200,32,0.999807
11210,27,0.999810
11220,23,0.999812
11230,34,0.999816
11240,24,0.999818
11250,28,0.999821
11260,34,0.999825
11270,25,0.999827
11280,27,0.999830
11290,30,0.999833
11300,32,0.999837
11310,30,0.999840
11320,26,0.999843
11330,33,0.999846
11340,33,0.999850
11350,31,0.999853
11360,27,0.999856
11370,25,0.999858
11380,33,0.999862
11390,35,0.999866
11400,22,0.999868
11410,33,0.999871
11420,22,0.999874
11430,25,0.999876
11440,30,0.999879
11450,35,0.999883
11460,23,0.999886
11470,31,0.999889
11480,30,0.999892
11490,35,0.999896
11500,19,0.999898
11510,30,0.999901
11520,20,0.999903
11530,22,0.999905
11540,31,0.999909
11550,26,0.999911
11560,21,0.999913
11570,28,0.999916
11580,31,0.999920
11590,22,0.999922
11600,28,0.999925
11610,29,0.999928
11620,20,0.999930
11630,19,0.999932
11640,21,0.999934
11650,23,0.999937
11660,23,0.999939
11670,22,0.999941
11680,16,0.999943
11690,23,0.999946
11700,26,0.999948
11710,14,0.999950
11720,18,0.999952
11730,23,0.999954
11740,26,0.999957
11750,23,0.999959
11760,12,0.999961
11770,23,0.999963
11780,28,0.999966
11790,19,0.999968
11800,19,0.999970
11810,16,0.999972
11820,19,0.999974
11830,16,0.999975
11840,24,0.999978
11850,22,0.999980
11860,18,0.999982
11870,14,0.999983
11880,20,0.999986
11890,28,0.999988
11900,26,0.999991
11910,14,0.999993
11920,14,0.999994
11930,19,0.999996
11940,21,0.999998
11950,13,1.000000
11960,22,1.000002
11970,16,1.000004
11980,22,1.000006
11990,20,1.000008
12000,14,1.000010
12010,15,1.000011
12020,19,1.000013
12030,17,1.000015
12040,19,1.000017
12050,13,1.000018
12060,16,1.000020
12070,19,1.000022
12080,17,1.000024
12090,13,1.000025
12100,10,1.000026
12110,20,1.000028
12120,18,1.000030
12130,18,1.000032
12140,16,1.000034
12150,13,1.000035
12160,13,1.000037
12170,10,1.000038
12180,22,1.000040
12190,13,1.000041
12200,20,1.000044
12210,13,1.000045
12220,16,1.000046
12230,20,1.000049
12240,11,1.000050
12250,23,1.000052
12260,18,1.000054
12270,11,1.000055
12280,13,1.000057
12290,21,1.000059
12300,15,1.000060
12310,12,1.000062
12320,16,1.000063
12330,5,1.000064
12340,8,1.000065
12350,11,1.000066
12360,14,1.000067
12370,8,1.000068
12380,16,1.000070
12390,15,1.000072
12400,15,1.000073
12410,17,1.000075
12420,18,1.000077
12430,19,1.000079
12440,12,1.000080
12450,16,1.000082
12460,13,1.000083
12470,8,1.000084
12480,11,1.000085
12490,13,1.000086
12500,19,1.000088
12510,8,1.000089
12520,13,1.000091
12530,11,1.000092
12540,15,1.000093
12550,14,1.000095
12560,8,1.000096
12570,12,1.000097
12580,11,1.000098
12590,12,1.000099
12600,11,1.000100
12610,17,1.000102
12620,15,1.000104
12630,13,1.000105
12640,16,1.000107
12650,15,1.000109
12660,14,1.000110
12670,9,1.000111
12680,8,1.000112
12690,7,1.000113
12700,6,1.000113
12710,14,1.000115
12720,9,1.000116
12730,18,1.000118
12740,15,1.000119
12750,11,1.000120
12760,15,1.000122
12770,8,1.000123
12780,7,1.000123
12790,10,1.000124
12800,8,1.000125
12810,16,1.000127
12820,14,1.000129
12830,6,1.000129
12840,11,1.000130
12850,14,1.000132
12860,14,1.000133
12870,10,1.000134
12880,12,1.000136
12890,12,1.000137
12900,9,1.000138
12910,11,1.000139
12920,11,1.000140
12930,11,1.000141
12940,12,1.000142
12950,8,1.000143
12960,14,1.000145
12970,13,1.000146
12980,6,1.000147
12990,9,1.000148
13000,7,1.000148
13010,8,1.000149
13020,9,1.000150
13030,7,1.000151
13040,13,1.000152
13050,9,1.000153
13060,8,1.000154
13070,12,1.000155
13080,13,1.000157
13090,9,1.000158
13100,12,1.000159
13110,11,1.000160
13120,6,1.000161
13130,7,1.000162
13140,8,1.000162
13150,13,1.000164
13160,8,1.000165
13170,12,1.000166
13180,9,1.000167
13190,9,1.000168
13200,8,1.000169
13210,8,1.000169
13220,6,1.000170
13230,7,1.000171
13240,6,1.000171
13250,5,1.000172
13260,8,1.000173
13270,3,1.000173
13280,6,1.000174
13290,7,1.000175
13300,4,1.000175
13310,7,1.000176
13320,7,1.000176
13330,9,1.000177
13340,14,1.000179
13350,9,1.000180
13360,10,1.000181
13370,9,1.000182
13380,8,1.000183
13390,7,1.000183
13400,10,1.000184
13410,12,1.000186
13420,8,1.000186
13430,7,1.000187
13440,7,1.000188
13450,10,1.000189
13460,5,1.000190
13470,8,1.000190
13480,6,1.000191
13490,8,1.000192
13500,8,1.000193
13510,10,1.000194
13520,5,1.000194
13530,8,1.000195
13540,9,1.000196
13550,9,1.000197
13560,8,1.000198
13570,8,1.000199
13580,10,1.000200
13590,6,1.000200
13600,8,1.000201
13610,7,1.000202
13620,7,1.000203
13630,4,1.000203
13640,8,1.000204
13650,12,1.000205
13660,2,1.000205
13670,8,1.000206
13680,6,1.000207
13690,8,1.000208
13700,4,1.000208
13710,6,1.000209
13720,10,1.000210
13730,5,1.000210
13740,10,1.000211
13750,12,1.000213
13760,12,1.000214
13770,7,1.000215
13780,7,1.000215
13790,5,1.000216
13800,5,1.000216
13810,4,1.000217
13820,4,1.000217
13830,6,1.000218
13840,4,1.000218
13850,7,1.000219
13860,3,1.000219
13870,8,1.000220
13880,4,1.000221
13890,4,1.000221
13900,6,1.000222
13910,8,1.000223
13920,5,1.000223
13930,6,1.000224
13940,4,1.000224
13950,2,1.000224
13960,4,1.000225
13970,7,1.000226
13980,5,1.000226
13990,8,1.000227
14000,11,1.000228
14010,6,1.000229
14020,4,1.000229
14030,10,1.000230
14040,4,1.000231
14050,3,1.000231
14060,6,1.000232
14070,2,1.000232
14080,5,1.000232
14090,3,1.000233
14100,3,1.000233
14110,5,1.000233
14120,6,1.000234
14130,7,1.000235
14140,8,1.000236
14150,9,1.000237
14160,5,1.000237
14170,4,1.000238
14180,4,1.000238
14190,6,1.000239
14200,4,1.000239
14210,1,1.000239
14220,2,1.000239
14230,3,1.000240
14240,6,1.000240
14250,1,1.000240
14260,6,1.000241
14270,4,1.000241
14280,5,1.000242
14290,2,1.000242
14300,4,1.000243
14310,1,1.000243
14320,2,1.000243
14330,7,1.000244
14340,5,1.000244
14350,5,1.000245
14360,5,1.000245
14370,4,1.000246
14380,8,1.000247
14390,6,1.000247
14400,5,1.000248
14410,6,1.000248
14420,12,1.000250
14430,4,1.000250
14440,5,1.000250
14450,3,1.000251
14460,3,1.000251
14470,6,1.000252
14480,9,1.000253
14490,8,1.000254
14500,1,1.000254
14510,5,1.000254
14520,5,1.000255
14530,3,1.000255
14540,7,1.000256
14550,2,1.000256
14560,2,1.000256
14570,6,1.000257
14580,3,1.000257
14590,6,1.000258
14600,7,1.000258
14610,3,1.000259
14620,5,1.000259
14630,4,1.000260
14640,2,1.000260
14650,6,1.000261
14660,4,1.000261
14670,7,1.000262
14680,4,1.000262
14690,6,1.000263
14700,5,1.000263
14710,6,1.000264
14720,5,1.000265
14730,1,1.000265
14740,2,1.000265
14750,7,1.000266
14760,7,1.000266
14770,3,1.000267
14780,2,1.000267
14790,3,1.000267
14800,4,1.000268
14810,2,1.000268
14820,2,1.000268
14830,1,1.000268
14840,4,1.000268
14850,2,1.000269
14860,3,1.000269
14870,2,1.000269
14890,3,1.000270
14900,1,1.000270
14920,3,1.000270
14930,3,1.000270
14940,4,1.000271
14950,4,1.000271
14960,2,1.000271
14970,6,1.000272
14980,3,1.000272
14990,4,1.000273
15000,4,1.000273
15010,2,1.000273
15020,2,1.000274
15030,3,1.000274
15040,1,1.000274
15050,2,1.000274
15060,2,1.000274
15070,5,1.000275
15080,2,1.000275
15100,2,1.000275
15110,2,1.000275
15120,2,1.000276
15130,3,1.000276
15140,2,1.000276
15150,4,1.000277
15160,3,1.000277
15170,3,1.000277
15180,2,1.000278
15190,3,1.000278
15200,3,1.000278
15210,3,1.000278
15220,4,1.000279
15230,1,1.000279
15240,2,1.000279
15260,6,1.000280
15270,3,1.000280
15280,1,1.000280
15290,4,1.000281
15300,2,1.000281
15310,5,1.000281
15320,1,1.000282
15330,4,1.000282
15340,1,1.000282
15350,3,1.000282
15360,2,1.000283
15380,2,1.000283
15390,2,1.000283
15400,5,1.000284
15410,2,1.000284
15430,2,1.000284
15440,1,1.000284
15450,4,1.000284
15460,3,1.000285
15470,4,1.000285
15480,3,1.000286
15490,1,1.000286
15500,1,1.000286
15510,2,1.000286
15520,1,1.000286
15530,3,1.000286
15540,4,1.000287
15550,1,1.000287
15560,5,1.000287
15570,1,1.000288
15580,3,1.000288
15590,5,1.000288
15600,2,1.000289
15610,2,1.000289
15620,2,1.000289
15630,4,1.000289
15640,1,1.000290
15650,2,1.000290
15660,1,1.000290
15670,4,1.000290
15680,4,1.000291
15690,1,1.000291
15700,2,1.000291
15710,2,1.000291
15720,1,1.000291
15730,1,1.000291
15740,1,1.000292
15760,1,1.000292
15790,1,1.000292
15800,1,1.000292
15810,3,1.000292
15820,1,1.000292
15830,2,1.000293
15840,3,1.000293
15850,3,1.000293
15860,1,1.000293
15870,2,1.000293
15880,3,1.000294
15890,1,1.000294
15900,1,1.000294
15910,2,1.000294
15920,2,1.000294
15930,2,1.000295
15940,1,1.000295
15950,1,1.000295
15960,2,1.000295
15970,2,1.000295
16020,2,1.000295
16030,2,1.000296
16040,3,1.000296
16050,1,1.000296
16060,2,1.000296
16090,1,1.000296
16120,1,1.000296
16130,2,1.000297
16150,1,1.000297
16160,2,1.000297
16180,2,1.000297
16190,2,1.000297
16200,4,1.000298
16210,1,1.000298
16220,2,1.000298
16230,1,1.000298
16250,2,1.000299
16260,1,1.000299
16270,4,1.000299
16290,1,1.000299
16340,1,1.000299
16350,3,1.000300
16360,1,1.000300
16380,2,1.000300
16400,2,1.000300
16410,2,1.000300
16420,1,1.000300
16450,1,1.000301
16460,3,1.000301
16470,2,1.000301
16480,1,1.000301
16500,3,1.000301
16510,1,1.000302
16530,1,1.000302
16570,2,1.000302
16600,3,1.000302
16610,1,1.000302
16630,1,1.000302
16640,3,1.000303
16660,1,1.000303
16680,1,1.000303
16710,1,1.000303
16730,1,1.000303
16740,1,1.000303
16750,3,1.000304
16770,2,1.000304
16780,1,1.000304
16790,2,1.000304
16800,1,1.000304
16860,2,1.000304
16880,2,1.000305
16900,1,1.000305
16910,2,1.000305
16940,1,1.000305
16960,3,1.000305
16980,1,1.000305
16990,3,1.000306
17020,1,1.000306
17040,1,1.000306
17050,1,1.000306
17060,2,1.000306
17090,2,1.000306
17100,1,1.000307
17110,1,1.000307
17130,1,1.000307
17150,1,1.000307
17160,1,1.000307
17170,2,1.000307
17200,3,1.000308
17210,1,1.000308
17240,1,1.000308
17250,1,1.000308
17300,2,1.000308
17310,1,1.000308
17340,2,1.000308
17350,1,1.000309
17360,2,1.000309
17390,1,1.000309
17410,3,1.000309
17440,2,1.000309
17520,2,1.000310
17590,2,1.000310
17600,1,1.000310
17620,3,1.000310
17660,1,1.000310
17700,1,1.000310
17770,1,1.000311
17790,2,1.000311
17810,2,1.000311
17870,1,1.000311
17900,1,1.000311
17940,3,1.000311
18010,1,1.000311
18050,1,1.000312
18060,1,1.000312
18080,1,1.000312
18090,1,1.000312
18120,1,1.000312
18140,1,1.000312
18210,1,1.000312
18330,1,1.000312
18340,1,1.000312
18350,1,1.000313
18510,1,1.000313
18530,1,1.000313
18580,3,1.000313
18600,1,1.000313
18710,1,1.000313
18820,1,1.000313
18870,1,1.000314
18960,1,1.000314
19010,2,1.000314
19060,1,1.000314
19110,1,1.000314
19520,1,1.000314
19590,1,1.000314
19700,1,1.000314
19730,1,1.000314
19800,1,1.000315
19840,1,1.000315
19880,1,1.000315
19940,1,1.000315
20150,1,1.000315
20350,1,1.000315
20520,1,1.000315
20710,1,1.000315
24860,1,1.000315
