#latency,cnt,cdf
0,1027191,0.102744
10,175744,0.120322
20,55126,0.125836
30,17789,0.127616
40,6439,0.128260
50,21911,0.130451
60,40989,0.134551
70,43491,0.138901
80,40940,0.142996
90,34229,0.146420
100,38762,0.150297
110,59250,0.156224
120,44688,0.160694
130,46613,0.165356
140,33282,0.168685
150,29174,0.171603
160,55221,0.177127
170,61315,0.183260
180,93606,0.192622
190,64567,0.199081
200,51621,0.204244
210,48646,0.209110
220,71462,0.216258
230,76150,0.223875
240,58213,0.229697
250,56318,0.235330
260,56616,0.240993
270,56275,0.246622
280,54455,0.252069
290,53324,0.257403
300,53687,0.262773
310,53909,0.268165
320,53620,0.273528
330,52438,0.278773
340,51002,0.283875
350,50429,0.288919
360,49637,0.293884
370,49540,0.298839
380,48929,0.303733
390,48404,0.308574
400,47451,0.313321
410,46567,0.317979
420,45760,0.322556
430,45125,0.327069
440,44887,0.331559
450,44115,0.335972
460,43633,0.340336
470,43019,0.344639
480,42523,0.348892
490,41947,0.353088
500,41674,0.357256
510,41286,0.361386
520,40699,0.365457
530,40212,0.369479
540,39746,0.373455
550,38819,0.377337
560,38775,0.381216
570,38196,0.385036
580,37887,0.388826
590,37320,0.392559
600,37513,0.396311
610,36373,0.399949
620,36102,0.403560
630,35655,0.407127
640,35634,0.410691
650,35222,0.414214
660,34309,0.417646
670,34422,0.421089
680,34007,0.424490
690,33384,0.427829
700,33206,0.431151
710,32766,0.434428
720,32490,0.437678
730,32180,0.440897
740,31882,0.444086
750,31509,0.447237
760,30951,0.450333
770,31007,0.453435
780,30651,0.456501
790,30324,0.459534
800,29900,0.462524
810,29932,0.465518
820,29638,0.468483
830,29126,0.471396
840,28746,0.474271
850,28889,0.477161
860,28231,0.479985
870,28051,0.482791
880,27997,0.485591
890,27477,0.488339
900,27157,0.491056
910,26974,0.493754
920,26736,0.496428
930,26486,0.499077
940,26510,0.501729
950,26118,0.504341
960,25656,0.506907
970,25233,0.509431
980,25543,0.511986
990,25040,0.514491
1000,24942,0.516986
1010,24749,0.519461
1020,24465,0.521908
1030,24364,0.524345
1040,24114,0.526757
1050,23734,0.529131
1060,23996,0.531531
1070,23458,0.533878
1080,23073,0.536186
1090,23019,0.538488
1100,23014,0.540790
1110,22965,0.543087
1120,22660,0.545354
1130,22408,0.547595
1140,22026,0.549798
1150,22253,0.552024
1160,21889,0.554213
1170,21888,0.556403
1180,21647,0.558568
1190,21261,0.560695
1200,21066,0.562802
1210,20890,0.564891
1220,20789,0.566971
1230,20713,0.569042
1240,20776,0.571120
1250,20475,0.573168
1260,20270,0.575196
1270,20244,0.577221
1280,20106,0.579232
1290,19886,0.581221
1300,19639,0.583185
1310,19397,0.585126
1320,19465,0.587072
1330,19240,0.588997
1340,18984,0.590896
1350,19166,0.592813
1360,18955,0.594709
1370,18747,0.596584
1380,18709,0.598455
1390,18670,0.600323
1400,18454,0.602169
1410,18392,0.604008
1420,17966,0.605805
1430,17954,0.607601
1440,17919,0.609393
1450,17685,0.611162
1460,17798,0.612943
1470,17421,0.614685
1480,17377,0.616423
1490,17141,0.618138
1500,17143,0.619852
1510,17027,0.621556
1520,16952,0.623251
1530,16753,0.624927
1540,16572,0.626584
1550,16631,0.628248
1560,16362,0.629885
1570,16257,0.631511
1580,15806,0.633092
1590,16274,0.634719
1600,15896,0.636309
1610,15855,0.637895
1620,15611,0.639457
1630,15473,0.641004
1640,15627,0.642568
1650,15572,0.644125
1660,15045,0.645630
1670,15108,0.647141
1680,15135,0.648655
1690,14923,0.650148
1700,14739,0.651622
1710,14845,0.653107
1720,14832,0.654590
1730,14549,0.656046
1740,14644,0.657510
1750,14400,0.658951
1760,14483,0.660399
1770,14265,0.661826
1780,13976,0.663224
1790,14167,0.664641
1800,13860,0.666027
1810,13848,0.667413
1820,13810,0.668794
1830,13701,0.670164
1840,13733,0.671538
1850,13573,0.672896
1860,13528,0.674249
1870,13388,0.675588
1880,13398,0.676928
1890,13203,0.678249
1900,13057,0.679555
1910,13015,0.680856
1920,13133,0.682170
1930,12820,0.683452
1940,12860,0.684739
1950,12553,0.685994
1960,12783,0.687273
1970,12810,0.688554
1980,12595,0.689814
1990,12407,0.691055
2000,12574,0.692313
2010,12079,0.693521
2020,12318,0.694753
2030,12226,0.695976
2040,12170,0.697193
2050,12041,0.698398
2060,12072,0.699605
2070,12015,0.700807
2080,11788,0.701986
2090,11946,0.703181
2100,11675,0.704349
2110,11682,0.705517
2120,11765,0.706694
2130,11544,0.707849
2140,11427,0.708992
2150,11558,0.710148
2160,11450,0.711293
2170,11293,0.712422
2180,11333,0.713556
2190,11109,0.714667
2200,11229,0.715790
2210,11143,0.716905
2220,10982,0.718003
2230,11050,0.719109
2240,11072,0.720216
2250,10940,0.721310
2260,10751,0.722386
2270,10751,0.723461
2280,10685,0.724530
2290,10749,0.725605
2300,10547,0.726660
2310,10666,0.727727
2320,10572,0.728784
2330,10427,0.729827
2340,10402,0.730868
2350,10446,0.731913
2360,10328,0.732946
2370,10259,0.733972
2380,10284,0.735000
2390,10295,0.736030
2400,10193,0.737050
2410,10250,0.738075
2420,10107,0.739086
2430,10057,0.740092
2440,10211,0.741113
2450,9891,0.742103
2460,9973,0.743100
2470,9923,0.744093
2480,9696,0.745062
2490,9693,0.746032
2500,9876,0.747020
2510,9760,0.747996
2520,9698,0.748966
2530,9759,0.749942
2540,9357,0.750878
2550,9574,0.751836
2560,9444,0.752780
2570,9566,0.753737
2580,9317,0.754669
2590,9277,0.755597
2600,9539,0.756551
2610,9197,0.757471
2620,9159,0.758387
2630,9220,0.759309
2640,9146,0.760224
2650,9117,0.761136
2660,9205,0.762057
2670,8972,0.762954
2680,9112,0.763866
2690,9092,0.764775
2700,9263,0.765702
2710,9072,0.766609
2720,8949,0.767504
2730,8796,0.768384
2740,8802,0.769264
2750,8730,0.770138
2760,8734,0.771011
2770,8544,0.771866
2780,8691,0.772735
2790,8503,0.773586
2800,8725,0.774458
2810,8655,0.775324
2820,8611,0.776185
2830,8465,0.777032
2840,8463,0.777879
2850,8338,0.778713
2860,8407,0.779554
2870,8410,0.780395
2880,8388,0.781234
2890,8300,0.782064
2900,8131,0.782877
2910,8210,0.783698
2920,8237,0.784522
2930,8051,0.785328
2940,8186,0.786146
2950,8221,0.786969
2960,8004,0.787769
2970,8366,0.788606
2980,7997,0.789406
2990,8075,0.790214
3000,8067,0.791021
3010,8071,0.791828
3020,7842,0.792612
3030,7917,0.793404
3040,7996,0.794204
3050,7797,0.794984
3060,7758,0.795760
3070,7872,0.796547
3080,7578,0.797305
3090,7874,0.798093
3100,7793,0.798872
3110,7640,0.799636
3120,7733,0.800410
3130,7375,0.801148
3140,7592,0.801907
3150,7550,0.802662
3160,7459,0.803408
3170,7356,0.804144
3180,7431,0.804887
3190,7269,0.805614
3200,7379,0.806352
3210,7382,0.807091
3220,7382,0.807829
3230,7370,0.808566
3240,7270,0.809294
3250,7348,0.810029
3260,7158,0.810745
3270,7229,0.811468
3280,7131,0.812181
3290,6985,0.812880
3300,7071,0.813587
3310,6979,0.814285
3320,7108,0.814996
3330,7068,0.815703
3340,7077,0.816411
3350,6900,0.817101
3360,6942,0.817795
3370,6890,0.818484
3380,6694,0.819154
3390,6697,0.819824
3400,6913,0.820515
3410,6835,0.821199
3420,6820,0.821881
3430,6716,0.822553
3440,6765,0.823230
3450,6586,0.823888
3460,6843,0.824573
3470,6879,0.825261
3480,6659,0.825927
3490,6595,0.826587
3500,6563,0.827243
3510,6594,0.827903
3520,6634,0.828566
3530,6533,0.829220
3540,6411,0.829861
3550,6669,0.830528
3560,6447,0.831173
3570,6612,0.831834
3580,6575,0.832492
3590,6513,0.833143
3600,6599,0.833803
3610,6503,0.834454
3620,6432,0.835097
3630,6391,0.835736
3640,6455,0.836382
3650,6384,0.837021
3660,6314,0.837652
3670,6351,0.838287
3680,6290,0.838917
3690,6363,0.839553
3700,6354,0.840189
3710,6176,0.840806
3720,6135,0.841420
3730,6121,0.842032
3740,6227,0.842655
3750,6278,0.843283
3760,6250,0.843908
3770,6048,0.844513
3780,6173,0.845131
3790,5949,0.845726
3800,6095,0.846335
3810,6121,0.846947
3820,6061,0.847554
3830,5939,0.848148
3840,6017,0.848750
3850,6034,0.849353
3860,5945,0.849948
3870,5883,0.850536
3880,5793,0.851116
3890,5959,0.851712
3900,5899,0.852302
3910,5897,0.852892
3920,5836,0.853475
3930,5864,0.854062
3940,5872,0.854649
3950,5771,0.855226
3960,5787,0.855805
3970,5652,0.856371
3980,5834,0.856954
3990,5696,0.857524
4000,5660,0.858090
4010,5609,0.858651
4020,5653,0.859217
4030,5645,0.859781
4040,5547,0.860336
4050,5475,0.860884
4060,5458,0.861430
4070,5471,0.861977
4080,5515,0.862528
4090,5463,0.863075
4100,5476,0.863623
4110,5450,0.864168
4120,5342,0.864702
4130,5355,0.865238
4140,5330,0.865771
4150,5278,0.866299
4160,5342,0.866833
4170,5333,0.867366
4180,5259,0.867893
4190,5272,0.868420
4200,5305,0.868950
4210,5270,0.869478
4220,5198,0.869998
4230,5172,0.870515
4240,5119,0.871027
4250,5178,0.871545
4260,5062,0.872051
4270,5151,0.872566
4280,5075,0.873074
4290,5099,0.873584
4300,5143,0.874098
4310,5102,0.874609
4320,5269,0.875136
4330,5054,0.875641
4340,5006,0.876142
4350,4930,0.876635
4360,5026,0.877138
4370,4908,0.877629
4380,4966,0.878125
4390,5030,0.878629
4400,4972,0.879126
4410,4924,0.879618
4420,4926,0.880111
4430,5050,0.880616
4440,4893,0.881106
4450,4719,0.881578
4460,4897,0.882068
4470,4820,0.882550
4480,4708,0.883021
4490,4779,0.883499
4500,4819,0.883981
4510,4838,0.884465
4520,4708,0.884935
4530,4789,0.885414
4540,4683,0.885883
4550,4655,0.886348
4560,4617,0.886810
4570,4774,0.887288
4580,4642,0.887752
4590,4579,0.888210
4600,4689,0.888679
4610,4611,0.889140
4620,4450,0.889585
4630,4565,0.890042
4640,4601,0.890502
4650,4578,0.890960
4660,4360,0.891396
4670,4542,0.891851
4680,4396,0.892290
4690,4391,0.892729
4700,4416,0.893171
4710,4453,0.893617
4720,4458,0.894063
4730,4429,0.894506
4740,4414,0.894947
4750,4330,0.895380
4760,4355,0.895816
4770,4395,0.896255
4780,4355,0.896691
4790,4305,0.897122
4800,4359,0.897558
4810,4415,0.897999
4820,4297,0.898429
4830,4340,0.898863
4840,4192,0.899282
4850,4258,0.899708
4860,4185,0.900127
4870,4093,0.900536
4880,4207,0.900957
4890,4095,0.901367
4900,4142,0.901781
4910,4102,0.902191
4920,4201,0.902611
4930,3984,0.903010
4940,4112,0.903421
4950,4073,0.903829
4960,4057,0.904234
4970,4025,0.904637
4980,4088,0.905046
4990,4025,0.905449
5000,4016,0.905850
5010,3929,0.906243
5020,4012,0.906645
5030,3922,0.907037
5040,4049,0.907442
5050,3969,0.907839
5060,3927,0.908232
5070,3901,0.908622
5080,3900,0.909012
5090,3733,0.909385
5100,3840,0.909769
5110,3889,0.910158
5120,3854,0.910544
5130,3896,0.910934
5140,3870,0.911321
5150,3741,0.911695
5160,3815,0.912076
5170,3770,0.912454
5180,3814,0.912835
5190,3872,0.913222
5200,3793,0.913602
5210,3726,0.913974
5220,3744,0.914349
5230,3708,0.914720
5240,3714,0.915091
5250,3725,0.915464
5260,3537,0.915818
5270,3721,0.916190
5280,3711,0.916561
5290,3686,0.916930
5300,3629,0.917293
5310,3649,0.917658
5320,3658,0.918024
5330,3593,0.918383
5340,3522,0.918735
5350,3552,0.919091
5360,3510,0.919442
5370,3483,0.919790
5380,3468,0.920137
5390,3555,0.920492
5400,3434,0.920836
5410,3534,0.921189
5420,3475,0.921537
5430,3487,0.921886
5440,3424,0.922228
5450,3436,0.922572
5460,3438,0.922916
5470,3366,0.923253
5480,3317,0.923584
5490,3352,0.923920
5500,3500,0.924270
5510,3349,0.924605
5520,3366,0.924941
5530,3433,0.925285
5540,3316,0.925616
5550,3334,0.925950
5560,3266,0.926277
5570,3258,0.926602
5580,3210,0.926924
5590,3237,0.927247
5600,3210,0.927568
5610,3151,0.927884
5620,3218,0.928205
5630,3222,0.928528
5640,3152,0.928843
5650,3141,0.929157
5660,3205,0.929478
5670,3110,0.929789
5680,3126,0.930101
5690,3097,0.930411
5700,3132,0.930725
5710,3144,0.931039
5720,3119,0.931351
5730,3019,0.931653
5740,3059,0.931959
5750,3083,0.932267
5760,3038,0.932571
5770,3020,0.932873
5780,2975,0.933171
5790,2977,0.933469
5800,2987,0.933767
5810,2846,0.934052
5820,2937,0.934346
5830,2872,0.934633
5840,2958,0.934929
5850,2870,0.935216
5860,2871,0.935503
5870,2928,0.935796
5880,2819,0.936078
5890,2804,0.936358
5900,2727,0.936631
5910,2824,0.936914
5920,2841,0.937198
5930,2816,0.937480
5940,2767,0.937756
5950,2763,0.938033
5960,2733,0.938306
5970,2696,0.938576
5980,2641,0.938840
5990,2701,0.939110
6000,2692,0.939379
6010,2668,0.939646
6020,2563,0.939903
6030,2801,0.940183
6040,2631,0.940446
6050,2625,0.940708
6060,2604,0.940969
6070,2514,0.941220
6080,2714,0.941492
6090,2615,0.941753
6100,2476,0.942001
6110,2490,0.942250
6120,2506,0.942501
6130,2456,0.942746
6140,2508,0.942997
6150,2460,0.943243
6160,2439,0.943487
6170,2524,0.943740
6180,2416,0.943981
6190,2418,0.944223
6200,2497,0.944473
6210,2407,0.944714
6220,2383,0.944952
6230,2386,0.945191
6240,2424,0.945433
6250,2422,0.945675
6260,2354,0.945911
6270,2384,0.946149
6280,2332,0.946383
6290,2383,0.946621
6300,2355,0.946857
6310,2391,0.947096
6320,2308,0.947327
6330,2337,0.947560
6340,2274,0.947788
6350,2298,0.948018
6360,2290,0.948247
6370,2258,0.948473
6380,2223,0.948695
6390,2283,0.948923
6400,2259,0.949149
6410,2149,0.949364
6420,2202,0.949584
6430,2186,0.949803
6440,2208,0.950024
6450,2152,0.950239
6460,2107,0.950450
6470,2177,0.950668
6480,2202,0.950888
6490,2140,0.951102
6500,2053,0.951307
6510,2229,0.951530
6520,2142,0.951745
6530,2118,0.951956
6540,2115,0.952168
6550,2054,0.952373
6560,2092,0.952583
6570,2103,0.952793
6580,2115,0.953005
6590,2011,0.953206
6600,2025,0.953408
6610,2046,0.953613
6620,2011,0.953814
6630,2043,0.954018
6640,1905,0.954209
6650,1965,0.954406
6660,1987,0.954604
6670,1877,0.954792
6680,2030,0.954995
6690,2013,0.955196
6700,1901,0.955387
6710,1936,0.955580
6720,1914,0.955772
6730,1974,0.955969
6740,1919,0.956161
6750,1889,0.956350
6760,1918,0.956542
6770,1985,0.956740
6780,1850,0.956925
6790,1890,0.957114
6800,1842,0.957299
6810,1795,0.957478
6820,1876,0.957666
6830,1821,0.957848
6840,1917,0.958040
6850,1839,0.958224
6860,1818,0.958406
6870,1802,0.958586
6880,1773,0.958763
6890,1792,0.958942
6900,1785,0.959121
6910,1789,0.959300
6920,1801,0.959480
6930,1792,0.959659
6940,1811,0.959840
6950,1746,0.960015
6960,1768,0.960192
6970,1731,0.960365
6980,1787,0.960544
6990,1795,0.960723
7000,1729,0.960896
7010,1738,0.961070
7020,1685,0.961239
7030,1628,0.961402
7040,1725,0.961574
7050,1741,0.961748
7060,1650,0.961913
7070,1718,0.962085
7080,1745,0.962260
7090,1710,0.962431
7100,1619,0.962593
7110,1677,0.962760
7120,1744,0.962935
7130,1651,0.963100
7140,1638,0.963264
7150,1630,0.963427
7160,1758,0.963603
7170,1618,0.963764
7180,1668,0.963931
7190,1614,0.964093
7200,1640,0.964257
7210,1642,0.964421
7220,1576,0.964579
7230,1575,0.964736
7240,1558,0.964892
7250,1542,0.965046
7260,1611,0.965207
7270,1539,0.965361
7280,1635,0.965525
7290,1522,0.965677
7300,1568,0.965834
7310,1542,0.965988
7320,1643,0.966153
7330,1587,0.966311
7340,1512,0.966463
7350,1542,0.966617
7360,1528,0.966770
7370,1615,0.966931
7380,1477,0.967079
7390,1473,0.967226
7400,1434,0.967370
7410,1551,0.967525
7420,1481,0.967673
7430,1464,0.967819
7440,1470,0.967966
7450,1523,0.968119
7460,1455,0.968264
7470,1463,0.968411
7480,1454,0.968556
7490,1398,0.968696
7500,1436,0.968840
7510,1481,0.968988
7520,1364,0.969124
7530,1421,0.969266
7540,1397,0.969406
7550,1402,0.969546
7560,1436,0.969690
7570,1390,0.969829
7580,1408,0.969970
7590,1313,0.970101
7600,1408,0.970242
7610,1408,0.970383
7620,1377,0.970520
7630,1308,0.970651
7640,1362,0.970787
7650,1327,0.970920
7660,1325,0.971053
7670,1379,0.971191
7680,1422,0.971333
7690,1334,0.971466
7700,1341,0.971600
7710,1307,0.971731
7720,1313,0.971862
7730,1327,0.971995
7740,1257,0.972121
7750,1256,0.972247
7760,1357,0.972382
7770,1298,0.972512
7780,1272,0.972639
7790,1348,0.972774
7800,1294,0.972904
7810,1302,0.973034
7820,1293,0.973163
7830,1293,0.973293
7840,1261,0.973419
7850,1208,0.973540
7860,1278,0.973667
7870,1294,0.973797
7880,1223,0.973919
7890,1220,0.974041
7900,1273,0.974168
7910,1230,0.974292
7920,1230,0.974415
7930,1239,0.974538
7940,1158,0.974654
7950,1198,0.974774
7960,1218,0.974896
7970,1220,0.975018
7980,1246,0.975143
7990,1147,0.975257
8000,1229,0.975380
8010,1167,0.975497
8020,1197,0.975617
8030,1158,0.975733
8040,1199,0.975852
8050,1204,0.975973
8060,1132,0.976086
8070,1138,0.976200
8080,1164,0.976316
8090,1167,0.976433
8100,1113,0.976544
8110,1161,0.976661
8120,1136,0.976774
8130,1158,0.976890
8140,1133,0.977003
8150,1076,0.977111
8160,1092,0.977220
8170,1110,0.977331
8180,1057,0.977437
8190,1120,0.977549
8200,1117,0.977661
8210,1138,0.977775
8220,1113,0.977886
8230,1059,0.977992
8240,1045,0.978096
8250,1011,0.978197
8260,1040,0.978301
8270,1035,0.978405
8280,1036,0.978509
8290,1020,0.978611
8300,1039,0.978715
8310,1039,0.978818
8320,1077,0.978926
8330,1016,0.979028
8340,1008,0.979129
8350,978,0.979226
8360,1005,0.979327
8370,989,0.979426
8380,963,0.979522
8390,1015,0.979624
8400,939,0.979718
8410,1003,0.979818
8420,995,0.979918
8430,1000,0.980018
8440,1008,0.980118
8450,967,0.980215
8460,992,0.980314
8470,943,0.980409
8480,987,0.980507
8490,928,0.980600
8500,945,0.980695
8510,915,0.980786
8520,972,0.980883
8530,892,0.980973
8540,993,0.981072
8550,936,0.981166
8560,941,0.981260
8570,935,0.981353
8580,959,0.981449
8590,899,0.981539
8600,913,0.981631
8610,916,0.981722
8620,917,0.981814
8630,916,0.981905
8640,914,0.981997
8650,904,0.982087
8660,925,0.982180
8670,895,0.982269
8680,917,0.982361
8690,857,0.982447
8700,867,0.982534
8710,862,0.982620
8720,850,0.982705
8730,900,0.982795
8740,881,0.982883
8750,890,0.982972
8760,866,0.983059
8770,861,0.983145
8780,841,0.983229
8790,836,0.983312
8800,874,0.983400
8810,830,0.983483
8820,802,0.983563
8830,842,0.983647
8840,864,0.983734
8850,825,0.983816
8860,800,0.983896
8870,835,0.983980
8880,822,0.984062
8890,802,0.984142
8900,821,0.984224
8910,829,0.984307
8920,785,0.984386
8930,795,0.984465
8940,843,0.984550
8950,840,0.984634
8960,768,0.984710
8970,720,0.984782
8980,780,0.984860
8990,827,0.984943
9000,819,0.985025
9010,806,0.985106
9020,773,0.985183
9030,787,0.985262
9040,785,0.985340
9050,722,0.985412
9060,730,0.985485
9070,721,0.985558
9080,813,0.985639
9090,713,0.985710
9100,720,0.985782
9110,749,0.985857
9120,725,0.985930
9130,741,0.986004
9140,721,0.986076
9150,708,0.986147
9160,705,0.986217
9170,754,0.986293
9180,734,0.986366
9190,690,0.986435
9200,730,0.986508
9210,667,0.986575
9220,678,0.986643
9230,706,0.986713
9240,708,0.986784
9250,714,0.986856
9260,657,0.986921
9270,742,0.986995
9280,665,0.987062
9290,638,0.987126
9300,693,0.987195
9310,681,0.987263
9320,640,0.987327
9330,672,0.987394
9340,665,0.987461
9350,669,0.987528
9360,663,0.987594
9370,630,0.987657
9380,642,0.987721
9390,654,0.987787
9400,606,0.987847
9410,616,0.987909
9420,653,0.987974
9430,668,0.988041
9440,625,0.988104
9450,616,0.988165
9460,613,0.988227
9470,625,0.988289
9480,592,0.988348
9490,638,0.988412
9500,597,0.988472
9510,624,0.988534
9520,643,0.988599
9530,671,0.988666
9540,617,0.988728
9550,606,0.988788
9560,546,0.988843
9570,555,0.988898
9580,629,0.988961
9590,577,0.989019
9600,599,0.989079
9610,602,0.989139
9620,584,0.989197
9630,575,0.989255
9640,578,0.989313
9650,559,0.989369
9660,600,0.989429
9670,571,0.989486
9680,571,0.989543
9690,550,0.989598
9700,557,0.989654
9710,582,0.989712
9720,535,0.989765
9730,548,0.989820
9740,545,0.989875
9750,536,0.989928
9760,540,0.989982
9770,506,0.990033
9780,514,0.990084
9790,557,0.990140
9800,538,0.990194
9810,532,0.990247
9820,514,0.990298
9830,536,0.990352
9840,504,0.990402
9850,519,0.990454
9860,484,0.990503
9870,515,0.990554
9880,467,0.990601
9890,527,0.990654
9900,498,0.990704
9910,518,0.990755
9920,518,0.990807
9930,507,0.990858
9940,497,0.990908
9950,487,0.990956
9960,488,0.991005
9970,502,0.991055
9980,473,0.991103
9990,470,0.991150
10000,491,0.991199
10010,451,0.991244
10020,507,0.991295
10030,466,0.991341
10040,502,0.991391
10050,462,0.991438
10060,489,0.991487
10070,422,0.991529
10080,458,0.991575
10090,486,0.991623
10100,473,0.991670
10110,409,0.991711
10120,453,0.991757
10130,428,0.991800
10140,447,0.991844
10150,446,0.991889
10160,451,0.991934
10170,439,0.991978
10180,477,0.992026
10190,459,0.992072
10200,422,0.992114
10210,448,0.992159
10220,444,0.992203
10230,451,0.992248
10240,420,0.992290
10250,450,0.992335
10260,400,0.992375
10270,398,0.992415
10280,459,0.992461
10290,421,0.992503
10300,399,0.992543
10310,417,0.992585
10320,375,0.992622
10330,406,0.992663
10340,386,0.992701
10350,385,0.992740
10360,362,0.992776
10370,403,0.992816
10380,412,0.992857
10390,397,0.992897
10400,420,0.992939
10410,354,0.992975
10420,382,0.993013
10430,432,0.993056
10440,385,0.993095
10450,384,0.993133
10460,365,0.993169
10470,407,0.993210
10480,390,0.993249
10490,412,0.993290
10500,419,0.993332
10510,363,0.993369
10520,382,0.993407
10530,396,0.993446
10540,394,0.993486
10550,343,0.993520
10560,381,0.993558
10570,377,0.993596
10580,370,0.993633
10590,394,0.993672
10600,341,0.993706
10610,375,0.993744
10620,401,0.993784
10630,380,0.993822
10640,339,0.993856
10650,333,0.993889
10660,357,0.993925
10670,345,0.993960
10680,350,0.993995
10690,343,0.994029
10700,340,0.994063
10710,321,0.994095
10720,355,0.994130
10730,312,0.994162
10740,334,0.994195
10750,318,0.994227
10760,318,0.994259
10770,348,0.994294
10780,366,0.994330
10790,289,0.994359
10800,320,0.994391
10810,325,0.994424
10820,313,0.994455
10830,332,0.994488
10840,311,0.994519
10850,320,0.994551
10860,310,0.994582
10870,330,0.994615
10880,339,0.994649
10890,310,0.994680
10900,305,0.994711
10910,308,0.994741
10920,309,0.994772
10930,312,0.994804
10940,297,0.994833
10950,285,0.994862
10960,310,0.994893
10970,341,0.994927
10980,314,0.994958
10990,287,0.994987
11000,305,0.995018
11010,284,0.995046
11020,307,0.995077
11030,308,0.995107
11040,290,0.995136
11050,294,0.995166
11060,313,0.995197
11070,266,0.995224
11080,257,0.995249
11090,273,0.995277
11100,304,0.995307
11110,260,0.995333
11120,276,0.995361
11130,294,0.995390
11140,279,0.995418
11150,239,0.995442
11160,297,0.995472
11170,256,0.995497
11180,285,0.995526
11190,234,0.995549
11200,259,0.995575
11210,259,0.995601
11220,263,0.995627
11230,282,0.995656
11240,257,0.995681
11250,225,0.995704
11260,229,0.995727
11270,228,0.995749
11280,256,0.995775
11290,242,0.995799
11300,259,0.995825
11310,234,0.995849
11320,262,0.995875
11330,236,0.995898
11340,259,0.995924
11350,216,0.995946
11360,226,0.995969
11370,233,0.995992
11380,240,0.996016
11390,238,0.996040
11400,243,0.996064
11410,243,0.996088
11420,225,0.996111
11430,241,0.996135
11440,226,0.996157
11450,212,0.996179
11460,217,0.996200
11470,219,0.996222
11480,201,0.996242
11490,233,0.996266
11500,235,0.996289
11510,247,0.996314
11520,190,0.996333
11530,216,0.996355
11540,237,0.996378
11550,235,0.996402
11560,200,0.996422
11570,219,0.996444
11580,218,0.996465
11590,188,0.996484
11600,211,0.996505
11610,227,0.996528
11620,203,0.996548
11630,194,0.996568
11640,225,0.996590
11650,197,0.996610
11660,184,0.996628
11670,200,0.996648
11680,186,0.996667
11690,180,0.996685
11700,199,0.996705
11710,191,0.996724
11720,191,0.996743
11730,179,0.996761
11740,208,0.996782
11750,164,0.996798
11760,195,0.996818
11770,199,0.996838
11780,170,0.996855
11790,177,0.996872
11800,197,0.996892
11810,177,0.996910
11820,175,0.996927
11830,161,0.996943
11840,194,0.996963
11850,159,0.996979
11860,186,0.996997
11870,170,0.997014
11880,179,0.997032
11890,198,0.997052
11900,179,0.997070
11910,165,0.997086
11920,195,0.997106
11930,171,0.997123
11940,147,0.997138
11950,155,0.997153
11960,149,0.997168
11970,163,0.997184
11980,206,0.997205
11990,173,0.997222
12000,189,0.997241
12010,158,0.997257
12020,190,0.997276
12030,161,0.997292
12040,179,0.997310
12050,155,0.997326
12060,165,0.997342
12070,149,0.997357
12080,178,0.997375
12090,172,0.997392
12100,151,0.997407
12110,158,0.997423
12120,162,0.997439
12130,144,0.997454
12140,142,0.997468
12150,172,0.997485
12160,129,0.997498
12170,163,0.997514
12180,147,0.997529
12190,150,0.997544
12200,172,0.997561
12210,157,0.997577
12220,140,0.997591
12230,144,0.997605
12240,165,0.997622
12250,157,0.997637
12260,131,0.997650
12270,142,0.997665
12280,150,0.997680
12290,138,0.997693
12300,183,0.997712
12310,152,0.997727
12320,136,0.997741
12330,133,0.997754
12340,141,0.997768
12350,139,0.997782
12360,155,0.997797
12370,160,0.997813
12380,141,0.997827
12390,150,0.997842
12400,139,0.997856
12410,154,0.997872
12420,141,0.997886
12430,118,0.997898
12440,150,0.997913
12450,126,0.997925
12460,122,0.997938
12470,145,0.997952
12480,122,0.997964
12490,123,0.997977
12500,148,0.997991
12510,145,0.998006
12520,141,0.998020
12530,126,0.998033
12540,135,0.998046
12550,110,0.998057
12560,116,0.998069
12570,131,0.998082
12580,136,0.998095
12590,107,0.998106
12600,124,0.998118
12610,119,0.998130
12620,104,0.998141
12630,119,0.998153
12640,114,0.998164
12650,111,0.998175
12660,135,0.998189
12670,137,0.998202
12680,112,0.998214
12690,104,0.998224
12700,124,0.998236
12710,116,0.998248
12720,109,0.998259
12730,117,0.998271
12740,113,0.998282
12750,99,0.998292
12760,124,0.998304
12770,109,0.998315
12780,111,0.998326
12790,103,0.998336
12800,88,0.998345
12810,115,0.998357
12820,99,0.998367
12830,99,0.998377
12840,113,0.998388
12850,93,0.998397
12860,117,0.998409
12870,120,0.998421
12880,104,0.998431
12890,108,0.998442
12900,93,0.998451
12910,83,0.998460
12920,107,0.998470
12930,89,0.998479
12940,104,0.998490
12950,114,0.998501
12960,108,0.998512
12970,81,0.998520
12980,105,0.998531
12990,111,0.998542
13000,92,0.998551
13010,107,0.998562
13020,108,0.998572
13030,105,0.998583
13040,104,0.998593
13050,105,0.998604
13060,103,0.998614
13070,91,0.998623
13080,78,0.998631
13090,85,0.998639
13100,94,0.998649
13110,107,0.998660
13120,93,0.998669
13130,77,0.998677
13140,115,0.998688
13150,65,0.998695
13160,90,0.998704
13170,85,0.998712
13180,92,0.998721
13190,97,0.998731
13200,78,0.998739
13210,90,0.998748
13220,80,0.998756
13230,85,0.998764
13240,81,0.998772
13250,93,0.998782
13260,96,0.998791
13270,77,0.998799
13280,79,0.998807
13290,92,0.998816
13300,76,0.998824
13310,98,0.998834
13320,86,0.998842
13330,66,0.998849
13340,83,0.998857
13350,82,0.998865
13360,75,0.998873
13370,91,0.998882
13380,67,0.998889
13390,77,0.998896
13400,75,0.998904
13410,79,0.998912
13420,61,0.998918
13430,70,0.998925
13440,66,0.998931
13450,64,0.998938
13460,87,0.998946
13470,59,0.998952
13480,67,0.998959
13490,70,0.998966
13500,64,0.998972
13510,59,0.998978
13520,75,0.998986
13530,75,0.998993
13540,62,0.999000
13550,68,0.999006
13560,64,0.999013
13570,50,0.999018
13580,76,0.999025
13590,61,0.999031
13600,83,0.999040
13610,76,0.999047
13620,60,0.999053
13630,66,0.999060
13640,54,0.999065
13650,57,0.999071
13660,56,0.999077
13670,63,0.999083
13680,61,0.999089
13690,61,0.999095
13700,70,0.999102
13710,68,0.999109
13720,54,0.999114
13730,55,0.999120
13740,67,0.999127
13750,53,0.999132
13760,73,0.999139
13770,52,0.999144
13780,65,0.999151
13790,57,0.999157
13800,69,0.999164
13810,55,0.999169
13820,74,0.999176
13830,66,0.999183
13840,67,0.999190
13850,71,0.999197
13860,58,0.999203
13870,71,0.999210
13880,64,0.999216
13890,60,0.999222
13900,68,0.999229
13910,48,0.999234
13920,49,0.999239
13930,52,0.999244
13940,46,0.999248
13950,45,0.999253
13960,52,0.999258
13970,61,0.999264
13980,42,0.999268
13990,59,0.999274
14000,41,0.999278
14010,53,0.999284
14020,55,0.999289
14030,52,0.999294
14040,56,0.999300
14050,45,0.999305
14060,42,0.999309
14070,55,0.999314
14080,42,0.999318
14090,55,0.999324
14100,51,0.999329
14110,60,0.999335
14120,53,0.999340
14130,50,0.999345
14140,45,0.999350
14150,57,0.999356
14160,43,0.999360
14170,36,0.999363
14180,41,0.999368
14190,38,0.999371
14200,48,0.999376
14210,52,0.999381
14220,50,0.999386
14230,44,0.999391
14240,44,0.999395
14250,42,0.999399
14260,49,0.999404
14270,52,0.999409
14280,41,0.999414
14290,52,0.999419
14300,43,0.999423
14310,52,0.999428
14320,43,0.999433
14330,59,0.999438
14340,43,0.999443
14350,46,0.999447
14360,36,0.999451
14370,41,0.999455
14380,32,0.999458
14390,32,0.999461
14400,61,0.999468
14410,56,0.999473
14420,41,0.999477
14430,40,0.999481
14440,48,0.999486
14450,45,0.999491
14460,46,0.999495
14470,37,0.999499
14480,46,0.999503
14490,45,0.999508
14500,43,0.999512
14510,42,0.999516
14520,47,0.999521
14530,37,0.999525
14540,45,0.999529
14550,37,0.999533
14560,45,0.999538
14570,41,0.999542
14580,39,0.999546
14590,27,0.999548
14600,34,0.999552
14610,42,0.999556
14620,39,0.999560
14630,41,0.999564
14640,39,0.999568
14650,35,0.999571
14660,30,0.999574
14670,42,0.999578
14680,34,0.999582
14690,41,0.999586
14700,31,0.999589
14710,27,0.999592
14720,47,0.999596
14730,50,0.999601
14740,37,0.999605
14750,40,0.999609
14760,40,0.999613
14770,30,0.999616
14780,28,0.999619
14790,40,0.999623
14800,31,0.999626
14810,46,0.999631
14820,36,0.999634
14830,30,0.999637
14840,35,0.999641
14850,26,0.999643
14860,22,0.999646
14870,37,0.999649
14880,29,0.999652
14890,37,0.999656
14900,33,0.999659
14910,30,0.999662
14920,38,0.999666
14930,30,0.999669
14940,30,0.999672
14950,31,0.999675
14960,37,0.999679
14970,20,0.999681
14980,33,0.999684
14990,26,0.999687
15000,32,0.999690
15010,35,0.999693
15020,25,0.999696
15030,34,0.999699
15040,29,0.999702
15050,26,0.999705
15060,27,0.999708
15070,32,0.999711
15080,31,0.999714
15090,15,0.999715
15100,26,0.999718
15110,30,0.999721
15120,41,0.999725
15130,19,0.999727
15140,23,0.999729
15150,25,0.999732
15160,24,0.999734
15170,21,0.999736
15180,25,0.999739
15190,17,0.999740
15200,23,0.999743
15210,32,0.999746
15220,24,0.999748
15230,25,0.999751
15240,26,0.999753
15250,32,0.999757
15260,21,0.999759
15270,28,0.999762
15280,20,0.999764
15290,28,0.999766
15300,28,0.999769
15310,22,0.999771
15320,20,0.999773
15330,29,0.999776
15340,27,0.999779
15350,18,0.999781
15360,20,0.999783
15370,24,0.999785
15380,29,0.999788
15390,21,0.999790
15400,17,0.999792
15410,24,0.999794
15420,19,0.999796
15430,32,0.999799
15440,20,0.999801
15450,14,0.999803
15460,19,0.999805
15470,21,0.999807
15480,23,0.999809
15490,13,0.999810
15500,26,0.999813
15510,22,0.999815
15520,21,0.999817
15530,25,0.999820
15540,20,0.999822
15550,21,0.999824
15560,28,0.999827
15570,20,0.999829
15580,23,0.999831
15590,18,0.999833
15600,9,0.999834
15610,21,0.999836
15620,21,0.999838
15630,18,0.999840
15640,19,0.999842
15650,16,0.999843
15660,13,0.999844
15670,15,0.999846
15680,20,0.999848
15690,18,0.999850
15700,20,0.999852
15710,23,0.999854
15720,18,0.999856
15730,14,0.999857
15740,20,0.999859
15750,17,0.999861
15760,29,0.999864
15770,19,0.999866
15780,15,0.999867
15790,25,0.999870
15800,20,0.999872
15810,19,0.999874
15820,12,0.999875
15830,18,0.999877
15840,13,0.999878
15850,16,0.999880
15860,14,0.999881
15870,18,0.999883
15880,22,0.999885
15890,16,0.999887
15900,20,0.999889
15910,21,0.999891
15920,22,0.999893
15930,13,0.999894
15940,15,0.999896
15950,23,0.999898
15960,15,0.999899
15970,19,0.999901
15980,22,0.999904
15990,21,0.999906
16000,13,0.999907
16010,18,0.999909
16020,11,0.999910
16030,18,0.999912
16040,22,0.999914
16050,20,0.999916
16060,19,0.999918
16070,17,0.999919
16080,21,0.999922
16090,14,0.999923
16100,14,0.999924
16110,20,0.999926
16120,16,0.999928
16130,18,0.999930
16140,15,0.999931
16150,28,0.999934
16160,11,0.999935
16170,19,0.999937
16180,15,0.999939
16190,24,0.999941
16200,9,0.999942
16210,12,0.999943
16220,21,0.999945
16230,20,0.999947
16240,16,0.999949
16250,11,0.999950
16260,16,0.999951
16270,16,0.999953
16280,11,0.999954
16290,15,0.999956
16300,13,0.999957
16310,16,0.999959
16320,17,0.999960
16330,7,0.999961
16340,18,0.999963
16350,11,0.999964
16360,18,0.999966
16370,13,0.999967
16380,13,0.999968
16390,7,0.999969
16400,19,0.999971
16410,19,0.999973
16420,12,0.999974
16430,12,0.999975
16440,15,0.999977
16450,13,0.999978
16460,17,0.999980
16470,9,0.999981
16480,16,0.999982
16490,17,0.999984
16500,15,0.999985
16510,15,0.999987
16520,15,0.999988
16530,21,0.999991
16540,18,0.999992
16550,12,0.999994
16560,7,0.999994
16570,6,0.999995
16580,9,0.999996
16590,10,0.999997
16600,11,0.999998
16610,9,0.999999
16620,6,0.999999
16630,15,1.000001
16640,13,1.000002
16650,9,1.000003
16660,10,1.000004
16670,18,1.000006
16680,15,1.000007
16690,10,1.000008
16700,13,1.000010
16710,13,1.000011
16720,8,1.000012
16730,7,1.000012
16740,20,1.000014
16750,12,1.000016
16760,11,1.000017
16770,12,1.000018
16780,10,1.000019
16790,10,1.000020
16800,11,1.000021
16810,10,1.000022
16820,13,1.000023
16830,10,1.000024
16840,6,1.000025
16850,9,1.000026
16860,16,1.000027
16870,11,1.000028
16880,6,1.000029
16890,15,1.000031
16900,10,1.000032
16910,5,1.000032
16920,19,1.000034
16930,12,1.000035
16940,12,1.000036
16950,10,1.000037
16960,7,1.000038
16970,13,1.000039
16980,12,1.000041
16990,5,1.000041
17000,7,1.000042
17010,9,1.000043
17020,7,1.000043
17030,10,1.000044
17040,5,1.000045
17050,11,1.000046
17060,12,1.000047
17070,8,1.000048
17080,6,1.000049
17090,15,1.000050
17100,15,1.000052
17110,6,1.000052
17120,9,1.000053
17130,6,1.000054
17140,3,1.000054
17150,10,1.000055
17160,8,1.000056
17170,6,1.000056
17180,7,1.000057
17190,7,1.000058
17200,7,1.000059
17210,7,1.000059
17220,5,1.000060
17230,13,1.000061
17240,8,1.000062
17250,10,1.000063
17260,12,1.000064
17270,8,1.000065
17280,8,1.000066
17290,7,1.000066
17300,7,1.000067
17310,8,1.000068
17320,3,1.000068
17330,6,1.000069
17340,9,1.000070
17350,13,1.000071
17360,8,1.000072
17370,9,1.000073
17380,9,1.000074
17390,9,1.000074
17400,3,1.000075
17410,18,1.000077
17420,13,1.000078
17430,6,1.000078
17440,9,1.000079
17450,6,1.000080
17460,15,1.000081
17470,6,1.000082
17480,3,1.000082
17490,11,1.000083
17500,7,1.000084
17510,13,1.000085
17520,7,1.000086
17530,5,1.000087
17540,10,1.000088
17550,8,1.000088
17560,3,1.000089
17570,4,1.000089
17580,4,1.000090
17590,2,1.000090
17600,5,1.000090
17610,13,1.000092
17620,15,1.000093
17630,8,1.000094
17640,6,1.000094
17650,10,1.000095
17660,4,1.000096
17670,7,1.000097
17680,10,1.000098
17690,11,1.000099
17700,3,1.000099
17710,4,1.000099
17720,10,1.000100
17730,7,1.000101
17740,8,1.000102
17750,6,1.000102
17760,9,1.000103
17770,5,1.000104
17780,4,1.000104
17790,7,1.000105
17800,3,1.000105
17810,15,1.000107
17820,4,1.000107
17830,6,1.000108
17840,5,1.000108
17850,9,1.000109
17860,4,1.000110
17870,9,1.000110
17880,8,1.000111
17890,9,1.000112
17900,4,1.000113
17910,6,1.000113
17920,4,1.000113
17930,4,1.000114
17940,6,1.000115
17950,1,1.000115
17960,7,1.000115
17970,9,1.000116
17980,10,1.000117
17990,5,1.000118
18000,10,1.000119
18010,6,1.000119
18020,4,1.000120
18030,10,1.000121
18040,9,1.000122
18050,9,1.000123
18060,4,1.000123
18070,6,1.000124
18080,2,1.000124
18090,5,1.000124
18100,10,1.000125
18110,9,1.000126
18120,11,1.000127
18130,6,1.000128
18140,4,1.000128
18150,5,1.000129
18160,3,1.000129
18170,9,1.000130
18180,2,1.000130
18190,4,1.000131
18200,5,1.000131
18210,5,1.000131
18220,3,1.000132
18230,6,1.000132
18240,6,1.000133
18250,4,1.000133
18260,6,1.000134
18270,3,1.000134
18280,11,1.000135
18290,10,1.000136
18300,6,1.000137
18310,10,1.000138
18320,6,1.000139
18330,4,1.000139
18340,4,1.000139
18350,4,1.000140
18360,4,1.000140
18370,4,1.000141
18380,10,1.000142
18390,6,1.000142
18400,3,1.000143
18410,5,1.000143
18420,6,1.000144
18430,3,1.000144
18440,4,1.000144
18450,3,1.000145
18460,7,1.000145
18470,6,1.000146
18480,6,1.000147
18490,7,1.000147
18500,3,1.000148
18510,2,1.000148
18520,9,1.000149
18530,6,1.000149
18540,4,1.000150
18550,6,1.000150
18560,10,1.000151
18570,8,1.000152
18580,5,1.000153
18590,5,1.000153
18600,5,1.000154
18610,7,1.000154
18620,2,1.000154
18630,6,1.000155
18640,6,1.000156
18650,1,1.000156
18660,6,1.000156
18670,3,1.000157
18680,3,1.000157
18690,5,1.000157
18700,1,1.000158
18710,6,1.000158
18720,6,1.000159
18730,6,1.000159
18740,4,1.000160
18750,4,1.000160
18760,3,1.000160
18770,5,1.000161
18780,4,1.000161
18790,8,1.000162
18800,1,1.000162
18810,4,1.000163
18820,3,1.000163
18830,4,1.000163
18840,3,1.000164
18850,8,1.000164
18860,3,1.000165
18870,4,1.000165
18880,4,1.000166
18890,3,1.000166
18900,4,1.000166
18910,3,1.000167
18920,6,1.000167
18930,5,1.000168
18940,4,1.000168
18960,5,1.000169
18970,3,1.000169
18980,2,1.000169
18990,3,1.000169
19000,3,1.000170
19010,5,1.000170
19020,2,1.000170
19030,3,1.000171
19040,4,1.000171
19050,5,1.000172
19060,1,1.000172
19070,5,1.000172
19080,4,1.000172
19090,5,1.000173
19100,4,1.000173
19110,5,1.000174
19120,3,1.000174
19130,2,1.000174
19140,1,1.000175
19150,2,1.000175
19160,2,1.000175
19180,3,1.000175
19190,2,1.000175
19200,4,1.000176
19210,2,1.000176
19220,6,1.000177
19230,3,1.000177
19240,2,1.000177
19250,6,1.000178
19260,6,1.000178
19270,2,1.000179
19280,2,1.000179
19290,3,1.000179
19300,4,1.000179
19310,3,1.000180
19320,6,1.000180
19330,3,1.000181
19340,6,1.000181
19350,4,1.000182
19360,6,1.000182
19370,1,1.000182
19380,3,1.000183
19390,4,1.000183
19400,3,1.000183
19410,5,1.000184
19430,3,1.000184
19440,2,1.000184
19450,2,1.000185
19460,1,1.000185
19470,7,1.000185
19480,4,1.000186
19490,4,1.000186
19510,2,1.000186
19520,1,1.000186
19530,1,1.000187
19540,1,1.000187
19550,5,1.000187
19560,4,1.000188
19570,3,1.000188
19580,2,1.000188
19590,3,1.000188
19600,1,1.000188
19610,3,1.000189
19620,7,1.000189
19630,1,1.000190
19640,4,1.000190
19650,5,1.000190
19660,2,1.000191
19670,2,1.000191
19680,2,1.000191
19690,2,1.000191
19700,3,1.000192
19710,6,1.000192
19720,3,1.000192
19730,1,1.000193
19740,1,1.000193
19750,4,1.000193
19760,3,1.000193
19770,5,1.000194
19780,2,1.000194
19790,3,1.000194
19800,2,1.000195
19810,4,1.000195
19820,3,1.000195
19840,3,1.000196
19850,1,1.000196
19860,3,1.000196
19870,2,1.000196
19880,2,1.000196
19890,1,1.000196
19900,5,1.000197
19910,4,1.000197
19920,3,1.000198
19930,1,1.000198
19940,2,1.000198
19950,4,1.000198
19960,6,1.000199
19970,6,1.000200
19980,6,1.000200
19990,3,1.000200
20000,1,1.000201
20010,2,1.000201
20020,1,1.000201
20030,1,1.000201
20040,1,1.000201
20050,4,1.000201
20060,4,1.000202
20070,4,1.000202
20080,5,1.000203
20090,2,1.000203
20100,3,1.000203
20110,3,1.000203
20120,4,1.000204
20130,4,1.000204
20140,5,1.000205
20150,1,1.000205
20160,1,1.000205
20170,4,1.000205
20190,1,1.000206
20210,4,1.000206
20220,1,1.000206
20230,1,1.000206
20240,2,1.000206
20250,3,1.000207
20260,7,1.000207
20280,2,1.000208
20290,4,1.000208
20300,2,1.000208
20310,1,1.000208
20320,3,1.000208
20330,2,1.000209
20350,3,1.000209
20360,1,1.000209
20370,1,1.000209
20380,2,1.000209
20390,2,1.000210
20400,1,1.000210
20420,4,1.000210
20430,2,1.000210
20440,2,1.000211
20450,1,1.000211
20460,3,1.000211
20480,1,1.000211
20490,2,1.000211
20500,2,1.000211
20510,3,1.000212
20520,1,1.000212
20530,4,1.000212
20540,3,1.000213
20550,3,1.000213
20570,1,1.000213
20590,2,1.000213
20600,7,1.000214
20610,2,1.000214
20620,4,1.000214
20630,3,1.000215
20640,5,1.000215
20650,4,1.000216
20670,1,1.000216
20680,2,1.000216
20690,2,1.000216
20700,4,1.000217
20710,1,1.000217
20720,5,1.000217
20730,1,1.000217
20740,1,1.000217
20760,5,1.000218
20770,1,1.000218
20780,3,1.000218
20790,1,1.000218
20800,1,1.000219
20810,2,1.000219
20820,2,1.000219
20830,1,1.000219
20850,1,1.000219
20860,1,1.000219
20870,1,1.000219
20880,2,1.000219
20900,4,1.000220
20910,3,1.000220
20920,1,1.000220
20930,2,1.000220
20940,5,1.000221
20950,2,1.000221
20960,1,1.000221
20970,5,1.000222
20980,1,1.000222
20990,2,1.000222
21000,3,1.000222
21010,1,1.000222
21030,1,1.000223
21040,3,1.000223
21070,1,1.000223
21080,2,1.000223
21110,1,1.000223
21120,1,1.000223
21130,1,1.000223
21140,3,1.000224
21150,4,1.000224
21170,2,1.000224
21180,1,1.000224
21190,2,1.000225
21200,2,1.000225
21210,3,1.000225
21220,2,1.000225
21250,3,1.000226
21280,3,1.000226
21290,1,1.000226
21310,3,1.000226
21330,1,1.000226
21350,1,1.000226
21360,1,1.000227
21370,2,1.000227
21380,3,1.000227
21410,1,1.000227
21420,1,1.000227
21430,1,1.000227
21440,1,1.000228
21450,1,1.000228
21460,1,1.000228
21490,2,1.000228
21500,2,1.000228
21510,1,1.000228
21530,1,1.000228
21540,3,1.000229
21550,1,1.000229
21570,1,1.000229
21580,2,1.000229
21590,1,1.000229
21600,2,1.000229
21620,1,1.000229
21630,2,1.000230
21640,2,1.000230
21650,2,1.000230
21660,2,1.000230
21680,2,1.000230
21700,1,1.000231
21720,1,1.000231
21730,1,1.000231
21750,2,1.000231
21760,1,1.000231
21770,1,1.000231
21780,2,1.000231
21790,1,1.000232
21810,1,1.000232
21830,1,1.000232
21840,1,1.000232
21850,1,1.000232
21860,1,1.000232
21890,1,1.000232
21910,1,1.000232
21920,1,1.000232
21930,1,1.000232
21960,1,1.000232
21970,2,1.000233
22020,1,1.000233
22040,1,1.000233
22060,2,1.000233
22070,1,1.000233
22100,1,1.000233
22110,1,1.000233
22130,1,1.000233
22190,1,1.000234
22200,1,1.000234
22230,1,1.000234
22240,1,1.000234
22270,1,1.000234
22300,1,1.000234
22380,3,1.000234
22390,1,1.000234
22430,1,1.000235
22480,1,1.000235
22520,1,1.000235
22540,2,1.000235
22580,3,1.000235
22610,1,1.000235
22620,1,1.000235
22660,1,1.000236
22670,2,1.000236
22690,3,1.000236
22820,1,1.000236
22850,1,1.000236
22860,2,1.000237
22880,1,1.000237
22910,1,1.000237
22940,1,1.000237
22950,1,1.000237
23000,1,1.000237
23020,1,1.000237
23110,1,1.000237
23170,1,1.000237
23190,1,1.000237
23200,1,1.000237
23250,1,1.000238
23360,1,1.000238
23380,1,1.000238
23490,1,1.000238
23540,2,1.000238
23560,1,1.000238
23630,1,1.000238
23650,1,1.000238
23700,1,1.000238
23770,1,1.000239
23800,1,1.000239
23860,1,1.000239
23870,1,1.000239
24150,1,1.000239
24180,1,1.000239
24200,1,1.000239
24280,1,1.000239
24390,1,1.000239
24580,2,1.000240
24590,1,1.000240
24640,1,1.000240
24690,1,1.000240
24790,1,1.000240
24900,1,1.000240
25100,1,1.000240
25160,1,1.000240
25180,1,1.000240
25310,1,1.000240
25460,1,1.000241
25940,1,1.000241
26760,1,1.000241
27480,1,1.000241
