#latency,cnt,cdf
0,1545,0.000163
10,55,0.000168
20,4,0.000169
40,1,0.000169
50,31119,0.003445
60,125714,0.016678
70,151101,0.032584
80,173704,0.050869
90,126739,0.064210
100,122944,0.077152
110,212247,0.099494
120,192595,0.119768
130,159475,0.136555
140,148047,0.152139
150,146968,0.167610
160,146404,0.183021
170,142343,0.198005
180,147214,0.213502
190,142408,0.228492
200,138385,0.243059
210,131818,0.256935
220,128798,0.270493
230,127211,0.283884
240,124832,0.297025
250,123128,0.309986
260,122218,0.322851
270,122821,0.335780
280,121767,0.348598
290,121572,0.361395
300,120440,0.374073
310,117585,0.386451
320,115707,0.398631
330,113985,0.410630
340,112629,0.422486
350,110102,0.434076
360,107457,0.445387
370,104981,0.456438
380,102291,0.467206
390,100409,0.477775
400,97579,0.488047
410,96219,0.498175
420,94390,0.508111
430,92339,0.517832
440,89101,0.527211
450,87062,0.536376
460,84730,0.545295
470,83318,0.554065
480,81261,0.562619
490,79516,0.570989
500,77844,0.579184
510,77060,0.587295
520,75770,0.595271
530,75245,0.603192
540,74410,0.611025
550,74445,0.618861
560,73166,0.626563
570,72384,0.634183
580,70193,0.641572
590,69226,0.648859
600,68176,0.656035
610,67013,0.663090
620,65466,0.669981
630,64074,0.676726
640,62244,0.683278
650,61164,0.689716
660,59573,0.695987
670,58313,0.702126
680,57245,0.708152
690,55740,0.714019
700,54241,0.719729
710,53130,0.725322
720,51525,0.730745
730,50283,0.736038
740,49091,0.741206
750,48408,0.746302
760,47378,0.751289
770,46367,0.756170
780,45710,0.760982
790,45493,0.765770
800,44817,0.770488
810,44448,0.775167
820,44244,0.779824
830,43175,0.784369
840,42486,0.788841
850,41776,0.793239
860,40539,0.797506
870,40303,0.801749
880,39474,0.805904
890,37940,0.809898
900,37485,0.813844
910,36533,0.817689
920,35705,0.821448
930,35174,0.825150
940,34221,0.828753
950,33372,0.832266
960,32531,0.835690
970,31325,0.838988
980,30695,0.842219
990,30078,0.845385
1000,29787,0.848520
1010,29032,0.851576
1020,28179,0.854543
1030,27771,0.857466
1040,27489,0.860360
1050,27090,0.863211
1060,26847,0.866037
1070,26323,0.868808
1080,25939,0.871539
1090,25517,0.874225
1100,25190,0.876876
1110,24534,0.879459
1120,24326,0.882020
1130,23602,0.884504
1140,23175,0.886944
1150,22366,0.889298
1160,22054,0.891620
1170,21376,0.893870
1180,21192,0.896101
1190,20463,0.898255
1200,20212,0.900382
1210,19323,0.902416
1220,19010,0.904417
1230,18713,0.906387
1240,18062,0.908289
1250,17767,0.910159
1260,17363,0.911987
1270,17025,0.913779
1280,16373,0.915502
1290,16213,0.917209
1300,16034,0.918897
1310,15994,0.920580
1320,15803,0.922244
1330,15196,0.923843
1340,14772,0.925398
1350,14788,0.926955
1360,14582,0.928490
1370,14122,0.929977
1380,13875,0.931437
1390,13799,0.932890
1400,13141,0.934273
1410,13076,0.935650
1420,12605,0.936976
1430,12334,0.938275
1440,12358,0.939576
1450,11738,0.940811
1460,11410,0.942012
1470,11373,0.943209
1480,10893,0.944356
1490,10827,0.945496
1500,10457,0.946597
1510,10215,0.947672
1520,9787,0.948702
1530,9689,0.949722
1540,9434,0.950715
1550,9346,0.951699
1560,9095,0.952656
1570,9005,0.953604
1580,8902,0.954541
1590,8638,0.955451
1600,8511,0.956347
1610,8485,0.957240
1620,8192,0.958102
1630,8044,0.958949
1640,7764,0.959766
1650,7855,0.960593
1660,7444,0.961376
1670,7455,0.962161
1680,7171,0.962916
1690,6824,0.963634
1700,6882,0.964359
1710,6663,0.965060
1720,6451,0.965739
1730,6385,0.966411
1740,6267,0.967071
1750,6107,0.967714
1760,5846,0.968329
1770,5807,0.968941
1780,5691,0.969540
1790,5363,0.970104
1800,5383,0.970671
1810,5312,0.971230
1820,5208,0.971778
1830,5013,0.972306
1840,5075,0.972840
1850,4952,0.973361
1860,4639,0.973850
1870,4738,0.974349
1880,4590,0.974832
1890,4439,0.975299
1900,4362,0.975758
1910,4376,0.976219
1920,4124,0.976653
1930,4119,0.977087
1940,4089,0.977517
1950,3807,0.977918
1960,3821,0.978320
1970,3831,0.978723
1980,3753,0.979118
1990,3602,0.979497
2000,3574,0.979874
2010,3319,0.980223
2020,3413,0.980582
2030,3253,0.980925
2040,3275,0.981269
2050,3129,0.981599
2060,3081,0.981923
2070,2993,0.982238
2080,2924,0.982546
2090,2857,0.982847
2100,2868,0.983149
2110,2832,0.983447
2120,2677,0.983729
2130,2743,0.984017
2140,2547,0.984285
2150,2586,0.984558
2160,2480,0.984819
2170,2431,0.985075
2180,2371,0.985324
2190,2347,0.985571
2200,2265,0.985810
2210,2176,0.986039
2220,2133,0.986263
2230,2137,0.986488
2240,2064,0.986705
2250,1972,0.986913
2260,2002,0.987124
2270,1895,0.987323
2280,1915,0.987525
2290,1801,0.987714
2300,1696,0.987893
2310,1709,0.988073
2320,1606,0.988242
2330,1680,0.988419
2340,1611,0.988588
2350,1539,0.988750
2360,1531,0.988912
2370,1478,0.989067
2380,1493,0.989224
2390,1414,0.989373
2400,1405,0.989521
2410,1350,0.989663
2420,1420,0.989813
2430,1347,0.989954
2440,1331,0.990095
2450,1227,0.990224
2460,1297,0.990360
2470,1213,0.990488
2480,1177,0.990612
2490,1184,0.990736
2500,1140,0.990856
2510,1140,0.990976
2520,1079,0.991090
2530,1042,0.991200
2540,1073,0.991313
2550,1003,0.991418
2560,998,0.991523
2570,972,0.991626
2580,940,0.991725
2590,929,0.991822
2600,913,0.991918
2610,892,0.992012
2620,904,0.992108
2630,895,0.992202
2640,850,0.992291
2650,824,0.992378
2660,805,0.992463
2670,791,0.992546
2680,778,0.992628
2690,773,0.992709
2700,726,0.992786
2710,767,0.992866
2720,735,0.992944
2730,749,0.993023
2740,688,0.993095
2750,693,0.993168
2760,662,0.993238
2770,655,0.993307
2780,613,0.993371
2790,572,0.993431
2800,628,0.993497
2810,624,0.993563
2820,595,0.993626
2830,575,0.993686
2840,543,0.993743
2850,580,0.993805
2860,524,0.993860
2870,552,0.993918
2880,514,0.993972
2890,524,0.994027
2900,505,0.994080
2910,469,0.994130
2920,464,0.994178
2930,470,0.994228
2940,449,0.994275
2950,483,0.994326
2960,441,0.994372
2970,478,0.994423
2980,409,0.994466
2990,409,0.994509
3000,425,0.994554
3010,436,0.994599
3020,442,0.994646
3030,370,0.994685
3040,396,0.994727
3050,359,0.994764
3060,410,0.994808
3070,393,0.994849
3080,421,0.994893
3090,352,0.994930
3100,360,0.994968
3110,368,0.995007
3120,382,0.995047
3130,353,0.995084
3140,345,0.995121
3150,342,0.995157
3160,355,0.995194
3170,327,0.995228
3180,350,0.995265
3190,330,0.995300
3200,316,0.995333
3210,326,0.995368
3220,322,0.995402
3230,267,0.995430
3240,302,0.995461
3250,286,0.995492
3260,300,0.995523
3270,296,0.995554
3280,301,0.995586
3290,270,0.995614
3300,241,0.995640
3310,273,0.995668
3320,275,0.995697
3330,252,0.995724
3340,289,0.995754
3350,256,0.995781
3360,271,0.995810
3370,266,0.995838
3380,275,0.995867
3390,268,0.995895
3400,239,0.995920
3410,279,0.995950
3420,250,0.995976
3430,259,0.996003
3440,275,0.996032
3450,258,0.996059
3460,255,0.996086
3470,285,0.996116
3480,245,0.996142
3490,237,0.996167
3500,257,0.996194
3510,266,0.996222
3520,267,0.996250
3530,243,0.996275
3540,218,0.996298
3550,241,0.996324
3560,233,0.996348
3570,270,0.996377
3580,239,0.996402
3590,237,0.996427
3600,237,0.996452
3610,222,0.996475
3620,243,0.996501
3630,216,0.996523
3640,255,0.996550
3650,215,0.996573
3660,256,0.996600
3670,243,0.996625
3680,229,0.996650
3690,246,0.996675
3700,235,0.996700
3710,230,0.996724
3720,242,0.996750
3730,229,0.996774
3740,227,0.996798
3750,224,0.996822
3760,224,0.996845
3770,244,0.996871
3780,208,0.996893
3790,235,0.996917
3800,228,0.996941
3810,223,0.996965
3820,223,0.996988
3830,237,0.997013
3840,227,0.997037
3850,199,0.997058
3860,222,0.997082
3870,213,0.997104
3880,216,0.997127
3890,234,0.997151
3900,197,0.997172
3910,220,0.997195
3920,186,0.997215
3930,227,0.997239
3940,220,0.997262
3950,201,0.997283
3960,202,0.997304
3970,213,0.997327
3980,203,0.997348
3990,173,0.997366
4000,182,0.997385
4010,208,0.997407
4020,182,0.997426
4030,189,0.997446
4040,214,0.997469
4050,189,0.997489
4060,188,0.997509
4070,188,0.997528
4080,211,0.997551
4090,176,0.997569
4100,200,0.997590
4110,199,0.997611
4120,200,0.997632
4130,187,0.997652
4140,180,0.997671
4150,211,0.997693
4160,183,0.997712
4170,211,0.997734
4180,223,0.997758
4190,190,0.997778
4200,219,0.997801
4210,205,0.997823
4220,237,0.997848
4230,200,0.997869
4240,196,0.997889
4250,163,0.997906
4260,199,0.997927
4270,201,0.997948
4280,190,0.997968
4290,207,0.997990
4300,218,0.998013
4310,189,0.998033
4320,194,0.998054
4330,173,0.998072
4340,187,0.998091
4350,190,0.998111
4360,172,0.998130
4370,199,0.998150
4380,213,0.998173
4390,230,0.998197
4400,184,0.998217
4410,199,0.998237
4420,210,0.998260
4430,191,0.998280
4440,172,0.998298
4450,207,0.998320
4460,181,0.998339
4470,193,0.998359
4480,186,0.998379
4490,207,0.998400
4500,195,0.998421
4510,213,0.998443
4520,191,0.998463
4530,175,0.998482
4540,196,0.998502
4550,187,0.998522
4560,175,0.998541
4570,176,0.998559
4580,191,0.998579
4590,202,0.998600
4600,181,0.998619
4610,175,0.998638
4620,199,0.998659
4630,193,0.998679
4640,152,0.998695
4650,221,0.998718
4660,168,0.998736
4670,182,0.998755
4680,194,0.998776
4690,163,0.998793
4700,187,0.998812
4710,145,0.998828
4720,186,0.998847
4730,184,0.998867
4740,185,0.998886
4750,174,0.998905
4760,164,0.998922
4770,158,0.998938
4780,156,0.998955
4790,154,0.998971
4800,154,0.998987
4810,164,0.999004
4820,161,0.999021
4830,160,0.999038
4840,160,0.999055
4850,164,0.999072
4860,154,0.999089
4870,151,0.999104
4880,150,0.999120
4890,177,0.999139
4900,136,0.999153
4910,173,0.999171
4920,144,0.999187
4930,139,0.999201
4940,141,0.999216
4950,125,0.999229
4960,139,0.999244
4970,143,0.999259
4980,145,0.999274
4990,148,0.999290
5000,126,0.999303
5010,132,0.999317
5020,152,0.999333
5030,120,0.999346
5040,136,0.999360
5050,113,0.999372
5060,135,0.999386
5070,107,0.999397
5080,127,0.999411
5090,108,0.999422
5100,122,0.999435
5110,110,0.999446
5120,110,0.999458
5130,104,0.999469
5140,103,0.999480
5150,105,0.999491
5160,108,0.999502
5170,87,0.999511
5180,98,0.999522
5190,88,0.999531
5200,77,0.999539
5210,99,0.999549
5220,74,0.999557
5230,90,0.999567
5240,94,0.999577
5250,83,0.999585
5260,85,0.999594
5270,85,0.999603
5280,76,0.999611
5290,63,0.999618
5300,75,0.999626
5310,74,0.999634
5320,75,0.999641
5330,54,0.999647
5340,72,0.999655
5350,83,0.999663
5360,52,0.999669
5370,73,0.999677
5380,59,0.999683
5390,79,0.999691
5400,67,0.999698
5410,63,0.999705
5420,63,0.999711
5430,73,0.999719
5440,48,0.999724
5450,73,0.999732
5460,47,0.999737
5470,57,0.999743
5480,68,0.999750
5490,58,0.999756
5500,67,0.999763
5510,58,0.999769
5520,53,0.999775
5530,45,0.999780
5540,55,0.999785
5550,52,0.999791
5560,42,0.999795
5570,39,0.999799
5580,30,0.999803
5590,38,0.999807
5600,33,0.999810
5610,40,0.999814
5620,40,0.999818
5630,33,0.999822
5640,47,0.999827
5650,29,0.999830
5660,40,0.999834
5670,35,0.999838
5680,45,0.999843
5690,35,0.999846
5700,31,0.999849
5710,33,0.999853
5720,30,0.999856
5730,30,0.999859
5740,32,0.999863
5750,31,0.999866
5760,24,0.999868
5770,24,0.999871
5780,40,0.999875
5790,26,0.999878
5800,30,0.999881
5810,21,0.999883
5820,28,0.999886
5830,32,0.999890
5840,27,0.999892
5850,28,0.999895
5860,19,0.999897
5870,19,0.999899
5880,22,0.999902
5890,23,0.999904
5900,28,0.999907
5910,17,0.999909
5920,22,0.999911
5930,28,0.999914
5940,25,0.999917
5950,26,0.999919
5960,14,0.999921
5970,25,0.999924
5980,16,0.999925
5990,21,0.999927
6000,22,0.999930
6010,11,0.999931
6020,18,0.999933
6030,12,0.999934
6040,19,0.999936
6050,16,0.999938
6060,14,0.999939
6070,20,0.999941
6080,18,0.999943
6090,21,0.999945
6100,18,0.999947
6110,15,0.999949
6120,3,0.999949
6130,15,0.999951
6140,19,0.999953
6150,10,0.999954
6160,12,0.999955
6170,17,0.999957
6180,10,0.999958
6190,9,0.999959
6200,7,0.999960
6210,14,0.999961
6220,10,0.999962
6230,9,0.999963
6240,10,0.999964
6250,10,0.999965
6260,16,0.999967
6270,7,0.999968
6280,5,0.999968
6290,6,0.999969
6300,6,0.999969
6310,7,0.999970
6320,14,0.999972
6330,7,0.999972
6340,4,0.999973
6350,5,0.999973
6360,6,0.999974
6370,9,0.999975
6380,6,0.999976
6390,3,0.999976
6400,3,0.999976
6410,1,0.999976
6420,8,0.999977
6430,4,0.999978
6440,2,0.999978
6450,8,0.999979
6460,5,0.999979
6470,5,0.999980
6480,5,0.999980
6490,4,0.999981
6500,1,0.999981
6510,6,0.999981
6520,6,0.999982
6530,9,0.999983
6540,6,0.999984
6550,7,0.999984
6560,6,0.999985
6570,6,0.999986
6580,3,0.999986
6590,7,0.999987
6600,4,0.999987
6610,4,0.999987
6630,2,0.999988
6640,3,0.999988
6650,2,0.999988
6660,2,0.999988
6670,1,0.999988
6680,2,0.999989
6690,2,0.999989
6700,3,0.999989
6710,1,0.999989
6720,1,0.999989
6730,4,0.999990
6740,2,0.999990
6750,2,0.999990
6770,2,0.999991
6780,4,0.999991
6790,1,0.999991
6800,2,0.999991
6810,1,0.999991
6820,1,0.999991
6830,1,0.999992
6840,1,0.999992
6850,2,0.999992
6860,1,0.999992
6870,1,0.999992
6880,1,0.999992
6960,1,0.999992
6970,1,0.999992
6990,1,0.999993
7000,1,0.999993
7040,1,0.999993
7050,2,0.999993
7060,2,0.999993
7070,1,0.999993
7110,1,0.999993
7120,1,0.999994
7130,1,0.999994
7140,1,0.999994
7150,1,0.999994
7160,1,0.999994
7180,1,0.999994
7200,1,0.999994
7250,1,0.999994
7290,1,0.999994
7330,2,0.999995
7370,1,0.999995
7390,1,0.999995
7410,1,0.999995
7510,1,0.999995
7560,2,0.999995
7580,1,0.999995
7590,1,0.999995
7610,2,0.999996
7620,1,0.999996
7630,1,0.999996
7640,1,0.999996
7650,2,0.999996
7660,1,0.999996
7670,2,0.999996
7730,2,0.999997
7740,2,0.999997
7750,3,0.999997
7770,4,0.999998
7780,1,0.999998
7840,2,0.999998
7870,1,0.999998
7890,1,0.999998
7970,1,0.999998
8110,1,0.999998
8220,1,0.999998
8320,1,0.999999
8430,1,0.999999
8450,1,0.999999
8560,1,0.999999
8590,1,0.999999
8630,1,0.999999
8680,1,0.999999
8710,1,0.999999
8770,1,0.999999
8790,1,0.999999
8860,1,1.000000
8970,1,1.000000
9110,1,1.000000
9130,1,1.000000
9140,1,1.000000
