#latency,cnt,cdf
0,514,0.000103
10,138,0.000130
20,110,0.000152
30,43,0.000161
40,33,0.000168
50,18324,0.003831
60,49269,0.013680
70,64784,0.026631
80,75080,0.041640
90,63384,0.054310
100,64784,0.067261
110,93902,0.086033
120,89045,0.103834
130,81478,0.120122
140,75085,0.135132
150,70268,0.149179
160,67509,0.162674
170,65845,0.175837
180,68556,0.189542
190,66265,0.202789
200,63679,0.215518
210,60474,0.227608
220,58497,0.239301
230,57009,0.250698
240,55936,0.261880
250,54285,0.272732
260,53268,0.283381
270,52443,0.293864
280,50760,0.304011
290,49709,0.313949
300,48662,0.323676
310,47764,0.333225
320,46769,0.342574
330,45995,0.351769
340,45306,0.360826
350,44600,0.369742
360,43706,0.378479
370,42769,0.387029
380,42094,0.395444
390,41336,0.403707
400,40780,0.411859
410,39872,0.419830
420,39605,0.427747
430,38550,0.435454
440,37793,0.443009
450,37769,0.450559
460,36976,0.457951
470,36388,0.465225
480,35644,0.472350
490,34905,0.479328
500,34683,0.486261
510,34068,0.493072
520,33609,0.499790
530,33096,0.506407
540,32701,0.512944
550,32352,0.519411
560,31753,0.525759
570,31153,0.531986
580,30733,0.538130
590,30291,0.544186
600,30048,0.550192
610,29693,0.556128
620,29039,0.561933
630,28537,0.567638
640,28536,0.573343
650,28095,0.578959
660,27438,0.584444
670,27171,0.589876
680,26735,0.595220
690,26408,0.600499
700,26026,0.605702
710,25734,0.610846
720,25289,0.615902
730,25146,0.620929
740,24508,0.625828
750,24373,0.630700
760,24056,0.635509
770,23805,0.640268
780,23559,0.644978
790,23484,0.649672
800,22876,0.654245
810,22927,0.658829
820,22363,0.663299
830,22002,0.667697
840,21789,0.672053
850,21645,0.676380
860,21252,0.680629
870,21025,0.684832
880,20691,0.688968
890,20268,0.693020
900,20122,0.697042
910,19911,0.701023
920,19752,0.704971
930,19254,0.708820
940,18886,0.712596
950,18855,0.716365
960,18118,0.719987
970,18149,0.723615
980,17999,0.727213
990,17813,0.730774
1000,17700,0.734312
1010,17405,0.737792
1020,16879,0.741166
1030,16753,0.744515
1040,16612,0.747836
1050,16441,0.751122
1060,16090,0.754339
1070,16030,0.757543
1080,15844,0.760711
1090,15678,0.763845
1100,15499,0.766943
1110,15015,0.769945
1120,14804,0.772904
1130,14833,0.775869
1140,14654,0.778799
1150,14372,0.781672
1160,14159,0.784502
1170,14101,0.787321
1180,13916,0.790103
1190,13583,0.792818
1200,13529,0.795523
1210,13418,0.798205
1220,13281,0.800860
1230,13167,0.803493
1240,12890,0.806069
1250,12797,0.808628
1260,12932,0.811213
1270,12262,0.813664
1280,12400,0.816143
1290,12241,0.818590
1300,11831,0.820955
1310,11764,0.823307
1320,11771,0.825660
1330,11704,0.827999
1340,11401,0.830279
1350,11171,0.832512
1360,11015,0.834714
1370,10819,0.836877
1380,10742,0.839024
1390,10499,0.841123
1400,10376,0.843197
1410,10185,0.845233
1420,10178,0.847268
1430,9761,0.849219
1440,9681,0.851154
1450,9482,0.853050
1460,9378,0.854924
1470,9242,0.856772
1480,8951,0.858561
1490,8923,0.860345
1500,8828,0.862110
1510,8680,0.863845
1520,8509,0.865546
1530,8214,0.867188
1540,8255,0.868838
1550,8136,0.870465
1560,7819,0.872028
1570,7850,0.873597
1580,7729,0.875142
1590,7563,0.876654
1600,7472,0.878148
1610,7492,0.879646
1620,7309,0.881107
1630,7017,0.882509
1640,7001,0.883909
1650,6837,0.885276
1660,6794,0.886634
1670,6745,0.887982
1680,6566,0.889295
1690,6518,0.890598
1700,6426,0.891882
1710,6363,0.893155
1720,6338,0.894421
1730,6269,0.895675
1740,5969,0.896868
1750,5921,0.898052
1760,5832,0.899217
1770,5828,0.900383
1780,5893,0.901561
1790,5544,0.902669
1800,5576,0.903784
1810,5535,0.904890
1820,5435,0.905976
1830,5256,0.907027
1840,5249,0.908077
1850,5124,0.909101
1860,5117,0.910124
1870,5094,0.911142
1880,4948,0.912131
1890,4937,0.913118
1900,4921,0.914102
1910,4732,0.915048
1920,4720,0.915991
1930,4562,0.916903
1940,4600,0.917823
1950,4612,0.918745
1960,4480,0.919641
1970,4335,0.920507
1980,4307,0.921368
1990,4363,0.922240
2000,4270,0.923094
2010,4152,0.923924
2020,4007,0.924725
2030,4071,0.925539
2040,3926,0.926324
2050,3870,0.927097
2060,3782,0.927853
2070,3808,0.928614
2080,3869,0.929388
2090,3768,0.930141
2100,3556,0.930852
2110,3640,0.931580
2120,3638,0.932307
2130,3601,0.933027
2140,3475,0.933722
2150,3484,0.934418
2160,3447,0.935107
2170,3367,0.935780
2180,3269,0.936434
2190,3316,0.937097
2200,3235,0.937743
2210,3270,0.938397
2220,3135,0.939024
2230,3101,0.939644
2240,3065,0.940256
2250,3122,0.940880
2260,2925,0.941465
2270,3042,0.942073
2280,2883,0.942650
2290,2900,0.943229
2300,2747,0.943778
2310,2739,0.944326
2320,2782,0.944882
2330,2793,0.945440
2340,2727,0.945986
2350,2625,0.946510
2360,2586,0.947027
2370,2590,0.947545
2380,2585,0.948062
2390,2464,0.948554
2400,2480,0.949050
2410,2449,0.949540
2420,2568,0.950053
2430,2342,0.950521
2440,2382,0.950997
2450,2296,0.951456
2460,2340,0.951924
2470,2304,0.952385
2480,2157,0.952816
2490,2185,0.953253
2500,2195,0.953692
2510,2185,0.954128
2520,2202,0.954569
2530,2088,0.954986
2540,2066,0.955399
2550,2165,0.955832
2560,2087,0.956249
2570,2080,0.956665
2580,2063,0.957077
2590,1971,0.957471
2600,1990,0.957869
2610,1982,0.958265
2620,1931,0.958651
2630,1930,0.959037
2640,1948,0.959427
2650,1910,0.959808
2660,1926,0.960193
2670,1842,0.960562
2680,1737,0.960909
2690,1806,0.961270
2700,1782,0.961626
2710,1796,0.961985
2720,1741,0.962333
2730,1776,0.962688
2740,1739,0.963036
2750,1677,0.963371
2760,1743,0.963720
2770,1636,0.964047
2780,1729,0.964392
2790,1615,0.964715
2800,1625,0.965040
2810,1628,0.965365
2820,1594,0.965684
2830,1620,0.966008
2840,1608,0.966329
2850,1575,0.966644
2860,1528,0.966950
2870,1537,0.967257
2880,1550,0.967567
2890,1535,0.967874
2900,1575,0.968188
2910,1464,0.968481
2920,1509,0.968783
2930,1479,0.969078
2940,1546,0.969387
2950,1391,0.969666
2960,1464,0.969958
2970,1501,0.970258
2980,1429,0.970544
2990,1435,0.970831
3000,1380,0.971107
3010,1431,0.971393
3020,1402,0.971673
3030,1382,0.971949
3040,1372,0.972224
3050,1430,0.972509
3060,1388,0.972787
3070,1342,0.973055
3080,1329,0.973321
3090,1331,0.973587
3100,1316,0.973850
3110,1362,0.974122
3120,1451,0.974412
3130,1332,0.974679
3140,1277,0.974934
3150,1313,0.975196
3160,1308,0.975458
3170,1252,0.975708
3180,1246,0.975957
3190,1308,0.976219
3200,1282,0.976475
3210,1258,0.976726
3220,1282,0.976983
3230,1304,0.977243
3240,1299,0.977503
3250,1306,0.977764
3260,1250,0.978014
3270,1258,0.978266
3280,1291,0.978524
3290,1269,0.978777
3300,1301,0.979037
3310,1231,0.979283
3320,1214,0.979526
3330,1243,0.979775
3340,1246,0.980024
3350,1254,0.980274
3360,1249,0.980524
3370,1182,0.980760
3380,1152,0.980991
3390,1211,0.981233
3400,1142,0.981461
3410,1199,0.981701
3420,1243,0.981949
3430,1172,0.982184
3440,1214,0.982426
3450,1242,0.982674
3460,1197,0.982914
3470,1215,0.983157
3480,1187,0.983394
3490,1093,0.983612
3500,1194,0.983851
3510,1201,0.984091
3520,1147,0.984321
3530,1090,0.984538
3540,1073,0.984753
3550,1121,0.984977
3560,1094,0.985196
3570,1123,0.985420
3580,1093,0.985639
3590,1033,0.985845
3600,1088,0.986063
3610,1058,0.986274
3620,956,0.986465
3630,976,0.986660
3640,1086,0.986878
3650,1015,0.987080
3660,1001,0.987281
3670,994,0.987479
3680,987,0.987677
3690,1010,0.987878
3700,972,0.988073
3710,917,0.988256
3720,915,0.988439
3730,889,0.988617
3740,876,0.988792
3750,855,0.988963
3760,818,0.989126
3770,771,0.989280
3780,818,0.989444
3790,812,0.989606
3800,767,0.989760
3810,741,0.989908
3820,713,0.990050
3830,662,0.990183
3840,705,0.990324
3850,636,0.990451
3860,611,0.990573
3870,609,0.990695
3880,567,0.990808
3890,626,0.990933
3900,599,0.991053
3910,608,0.991174
3920,585,0.991291
3930,555,0.991402
3940,543,0.991511
3950,518,0.991614
3960,499,0.991714
3970,532,0.991820
3980,489,0.991918
3990,526,0.992023
4000,519,0.992127
4010,471,0.992221
4020,498,0.992321
4030,446,0.992410
4040,471,0.992504
4050,469,0.992598
4060,448,0.992687
4070,457,0.992779
4080,462,0.992871
4090,455,0.992962
4100,439,0.993050
4110,411,0.993132
4120,446,0.993221
4130,419,0.993305
4140,414,0.993388
4150,399,0.993467
4160,385,0.993544
4170,414,0.993627
4180,426,0.993712
4190,394,0.993791
4200,407,0.993872
4210,413,0.993955
4220,424,0.994040
4230,410,0.994122
4240,394,0.994201
4250,411,0.994283
4260,399,0.994362
4270,380,0.994438
4280,396,0.994518
4290,383,0.994594
4300,405,0.994675
4310,368,0.994749
4320,378,0.994824
4330,344,0.994893
4340,388,0.994971
4350,347,0.995040
4360,360,0.995112
4370,331,0.995178
4380,350,0.995248
4390,355,0.995319
4400,303,0.995380
4410,327,0.995445
4420,317,0.995508
4430,318,0.995572
4440,332,0.995638
4450,366,0.995711
4460,324,0.995776
4470,352,0.995847
4480,352,0.995917
4490,323,0.995981
4500,314,0.996044
4510,354,0.996115
4520,323,0.996180
4530,337,0.996247
4540,338,0.996315
4550,316,0.996378
4560,305,0.996439
4570,313,0.996501
4580,290,0.996559
4590,299,0.996619
4600,303,0.996680
4610,278,0.996735
4620,318,0.996799
4630,311,0.996861
4640,252,0.996911
4650,294,0.996970
4660,256,0.997021
4670,287,0.997079
4680,248,0.997128
4690,253,0.997179
4700,249,0.997229
4710,250,0.997278
4720,223,0.997323
4730,227,0.997368
4740,228,0.997414
4750,228,0.997460
4760,240,0.997508
4770,239,0.997555
4780,236,0.997603
4790,228,0.997648
4800,221,0.997692
4810,212,0.997735
4820,201,0.997775
4830,212,0.997817
4840,219,0.997861
4850,201,0.997901
4860,195,0.997940
4870,180,0.997976
4880,180,0.998012
4890,184,0.998049
4900,182,0.998085
4910,139,0.998113
4920,191,0.998151
4930,166,0.998184
4940,167,0.998218
4950,172,0.998252
4960,172,0.998287
4970,156,0.998318
4980,124,0.998343
4990,163,0.998375
5000,165,0.998408
5010,134,0.998435
5020,149,0.998465
5030,129,0.998491
5040,138,0.998518
5050,126,0.998543
5060,103,0.998564
5070,118,0.998587
5080,92,0.998606
5090,107,0.998627
5100,112,0.998650
5110,115,0.998673
5120,108,0.998694
5130,86,0.998711
5140,106,0.998733
5150,97,0.998752
5160,92,0.998770
5170,93,0.998789
5180,84,0.998806
5190,81,0.998822
5200,93,0.998841
5210,74,0.998855
5220,93,0.998874
5230,78,0.998890
5240,87,0.998907
5250,80,0.998923
5260,87,0.998940
5270,87,0.998958
5280,82,0.998974
5290,77,0.998989
5300,59,0.999001
5310,57,0.999013
5320,62,0.999025
5330,67,0.999038
5340,73,0.999053
5350,65,0.999066
5360,61,0.999078
5370,68,0.999092
5380,65,0.999105
5390,58,0.999116
5400,54,0.999127
5410,75,0.999142
5420,61,0.999154
5430,51,0.999165
5440,57,0.999176
5450,63,0.999189
5460,54,0.999199
5470,68,0.999213
5480,54,0.999224
5490,53,0.999234
5500,43,0.999243
5510,59,0.999255
5520,47,0.999264
5530,48,0.999274
5540,56,0.999285
5550,51,0.999295
5560,43,0.999304
5570,61,0.999316
5580,45,0.999325
5590,55,0.999336
5600,43,0.999345
5610,40,0.999353
5620,39,0.999360
5630,42,0.999369
5640,48,0.999378
5650,38,0.999386
5660,49,0.999396
5670,36,0.999403
5680,46,0.999412
5690,42,0.999420
5700,38,0.999428
5710,43,0.999437
5720,48,0.999446
5730,40,0.999454
5740,43,0.999463
5750,39,0.999471
5760,29,0.999476
5770,38,0.999484
5780,30,0.999490
5790,31,0.999496
5800,31,0.999502
5810,38,0.999510
5820,39,0.999518
5830,27,0.999523
5840,34,0.999530
5850,28,0.999536
5860,24,0.999540
5870,32,0.999547
5880,26,0.999552
5890,31,0.999558
5900,30,0.999564
5910,32,0.999571
5920,29,0.999576
5930,19,0.999580
5940,25,0.999585
5950,24,0.999590
5960,37,0.999597
5970,27,0.999603
5980,25,0.999608
5990,31,0.999614
6000,29,0.999620
6010,24,0.999625
6020,28,0.999630
6030,38,0.999638
6040,35,0.999645
6050,32,0.999651
6060,32,0.999658
6070,26,0.999663
6080,32,0.999669
6090,21,0.999673
6100,16,0.999677
6110,25,0.999682
6120,15,0.999685
6130,25,0.999690
6140,26,0.999695
6150,17,0.999698
6160,26,0.999703
6170,20,0.999707
6180,20,0.999711
6190,28,0.999717
6200,25,0.999722
6210,19,0.999726
6220,19,0.999730
6230,17,0.999733
6240,14,0.999736
6250,24,0.999741
6260,20,0.999745
6270,17,0.999748
6280,18,0.999752
6290,29,0.999757
6300,20,0.999761
6310,16,0.999765
6320,17,0.999768
6330,24,0.999773
6340,20,0.999777
6350,15,0.999780
6360,20,0.999784
6370,27,0.999789
6380,16,0.999792
6390,19,0.999796
6400,18,0.999800
6410,22,0.999804
6420,26,0.999809
6430,14,0.999812
6440,12,0.999815
6450,11,0.999817
6460,15,0.999820
6470,15,0.999823
6480,12,0.999825
6490,15,0.999828
6500,11,0.999830
6510,12,0.999833
6520,15,0.999836
6530,16,0.999839
6540,12,0.999841
6550,13,0.999844
6560,7,0.999845
6570,10,0.999847
6580,12,0.999850
6590,14,0.999852
6600,13,0.999855
6610,19,0.999859
6620,9,0.999861
6630,15,0.999864
6640,8,0.999865
6650,14,0.999868
6660,10,0.999870
6670,11,0.999872
6680,7,0.999874
6690,11,0.999876
6700,9,0.999878
6710,9,0.999879
6720,8,0.999881
6730,7,0.999882
6740,14,0.999885
6750,6,0.999886
6760,4,0.999887
6770,4,0.999888
6780,5,0.999889
6790,10,0.999891
6800,6,0.999892
6810,8,0.999894
6820,7,0.999895
6830,9,0.999897
6840,7,0.999898
6850,5,0.999899
6860,4,0.999900
6870,4,0.999901
6880,7,0.999902
6890,7,0.999904
6900,8,0.999905
6910,9,0.999907
6920,8,0.999909
6930,7,0.999910
6940,9,0.999912
6950,10,0.999914
6960,11,0.999916
6970,9,0.999918
6980,9,0.999920
6990,10,0.999922
7000,13,0.999924
7010,6,0.999926
7020,10,0.999928
7030,10,0.999930
7040,9,0.999931
7050,12,0.999934
7060,9,0.999936
7070,7,0.999937
7080,5,0.999938
7090,9,0.999940
7100,9,0.999942
7110,4,0.999942
7120,8,0.999944
7130,4,0.999945
7140,9,0.999947
7150,3,0.999947
7160,3,0.999948
7170,6,0.999949
7180,3,0.999950
7190,5,0.999951
7200,7,0.999952
7210,2,0.999952
7220,2,0.999953
7230,2,0.999953
7240,6,0.999954
7250,5,0.999955
7260,4,0.999956
7270,4,0.999957
7280,1,0.999957
7290,3,0.999958
7300,5,0.999959
7310,1,0.999959
7320,3,0.999960
7330,3,0.999960
7340,4,0.999961
7350,4,0.999962
7360,4,0.999963
7370,2,0.999963
7390,5,0.999964
7400,1,0.999964
7410,3,0.999965
7420,2,0.999965
7430,1,0.999965
7440,1,0.999966
7450,4,0.999966
7460,1,0.999967
7470,1,0.999967
7480,1,0.999967
7490,4,0.999968
7500,5,0.999969
7510,1,0.999969
7520,3,0.999970
7530,2,0.999970
7540,2,0.999970
7560,1,0.999971
7570,1,0.999971
7580,4,0.999972
7590,3,0.999972
7600,2,0.999973
7610,2,0.999973
7620,1,0.999973
7630,3,0.999974
7640,3,0.999974
7650,2,0.999975
7660,1,0.999975
7670,1,0.999975
7680,1,0.999975
7690,2,0.999976
7720,1,0.999976
7730,2,0.999976
7780,2,0.999977
7790,1,0.999977
7800,1,0.999977
7810,2,0.999978
7840,1,0.999978
7850,2,0.999978
7860,1,0.999978
7870,2,0.999979
7880,1,0.999979
7910,1,0.999979
7930,3,0.999980
7940,1,0.999980
7960,2,0.999980
7970,4,0.999981
7980,1,0.999981
7990,1,0.999982
8010,3,0.999982
8020,1,0.999982
8030,2,0.999983
8040,1,0.999983
8090,1,0.999983
8100,2,0.999984
8110,1,0.999984
8130,1,0.999984
8140,2,0.999984
8190,1,0.999985
8210,1,0.999985
8220,1,0.999985
8250,1,0.999985
8280,1,0.999985
8290,1,0.999986
8320,1,0.999986
8350,1,0.999986
8430,1,0.999986
8460,1,0.999986
8520,1,0.999987
8540,1,0.999987
8590,1,0.999987
8620,2,0.999987
8630,1,0.999988
8650,3,0.999988
8660,1,0.999988
8690,1,0.999989
8710,1,0.999989
8720,1,0.999989
8770,2,0.999989
8790,1,0.999990
8810,2,0.999990
8830,1,0.999990
8850,1,0.999990
8870,1,0.999991
8960,1,0.999991
8980,1,0.999991
9010,1,0.999991
9050,1,0.999991
9070,2,0.999992
9100,1,0.999992
9110,1,0.999992
9150,1,0.999992
9180,1,0.999993
9240,1,0.999993
9250,1,0.999993
9280,1,0.999993
9410,1,0.999993
9660,1,0.999994
9700,2,0.999994
9710,2,0.999994
9720,1,0.999995
9730,1,0.999995
9750,1,0.999995
9770,1,0.999995
9780,1,0.999995
9790,3,0.999996
9800,1,0.999996
9820,1,0.999996
9910,1,0.999997
10000,1,0.999997
10020,1,0.999997
10040,1,0.999997
10070,1,0.999997
10300,1,0.999998
10400,1,0.999998
10560,1,0.999998
10610,2,0.999998
10650,1,0.999999
10680,1,0.999999
10690,1,0.999999
10760,1,0.999999
10780,1,0.999999
10920,1,1.000000
10960,1,1.000000
11010,1,1.000000
