#latency,cnt,cdf
30,6,0.000001
50,5836,0.000615
60,686957,0.072926
70,88165,0.082207
80,703173,0.156226
90,19237,0.158250
100,121412,0.171031
110,270980,0.199555
120,428270,0.244636
130,178489,0.263425
140,69908,0.270783
150,234880,0.295508
160,20219,0.297636
170,192903,0.317942
180,480886,0.368561
190,469237,0.417955
200,580224,0.479031
210,497631,0.531414
220,303789,0.563392
230,675296,0.634476
240,391969,0.675736
250,186963,0.695416
260,284268,0.725339
270,721831,0.801322
280,311016,0.834060
290,299957,0.865635
300,170631,0.883596
310,218959,0.906645
320,356581,0.944180
330,127092,0.957558
340,191701,0.977737
350,12102,0.979011
360,20600,0.981179
370,16146,0.982879
380,27607,0.985785
390,80137,0.994220
400,16095,0.995915
410,4455,0.996383
420,5022,0.996912
430,6805,0.997628
440,3402,0.997986
450,1007,0.998093
460,943,0.998192
470,2014,0.998404
480,7276,0.999170
490,391,0.999211
500,491,0.999263
510,1096,0.999378
520,183,0.999397
530,217,0.999420
540,33,0.999423
550,42,0.999428
560,32,0.999431
570,45,0.999436
580,254,0.999463
590,50,0.999468
600,23,0.999470
610,33,0.999474
620,24,0.999476
630,39,0.999481
640,41,0.999485
650,33,0.999488
660,43,0.999493
670,59,0.999499
680,39,0.999503
690,44,0.999508
700,47,0.999513
710,50,0.999518
720,43,0.999523
730,52,0.999528
740,39,0.999532
750,54,0.999538
760,47,0.999543
770,40,0.999547
780,38,0.999551
790,42,0.999555
800,29,0.999558
810,31,0.999562
820,24,0.999564
830,16,0.999566
840,18,0.999568
850,15,0.999569
860,14,0.999571
870,14,0.999572
880,8,0.999573
890,19,0.999575
900,12,0.999576
910,24,0.999579
920,15,0.999581
930,22,0.999583
940,20,0.999585
950,19,0.999587
960,27,0.999590
970,22,0.999592
980,23,0.999595
990,28,0.999597
1000,30,0.999601
1010,35,0.999604
1020,22,0.999607
1030,26,0.999609
1040,34,0.999613
1050,24,0.999615
1060,28,0.999618
1070,27,0.999621
1080,26,0.999624
1090,25,0.999627
1100,27,0.999629
1110,20,0.999632
1120,19,0.999634
1130,28,0.999637
1140,15,0.999638
1150,15,0.999640
1160,15,0.999641
1170,19,0.999643
1180,15,0.999645
1190,15,0.999646
1200,14,0.999648
1210,13,0.999649
1220,10,0.999650
1230,14,0.999652
1240,15,0.999653
1250,9,0.999654
1260,13,0.999656
1270,21,0.999658
1280,17,0.999660
1290,12,0.999661
1300,18,0.999663
1310,13,0.999664
1320,15,0.999666
1330,17,0.999668
1340,14,0.999669
1350,21,0.999671
1360,15,0.999673
1370,18,0.999675
1380,23,0.999677
1390,17,0.999679
1400,14,0.999680
1410,14,0.999682
1420,22,0.999684
1430,20,0.999686
1440,24,0.999689
1450,21,0.999691
1460,19,0.999693
1470,17,0.999695
1480,14,0.999696
1490,16,0.999698
1500,15,0.999700
1510,16,0.999701
1520,14,0.999703
1530,15,0.999704
1540,22,0.999707
1550,14,0.999708
1560,10,0.999709
1570,16,0.999711
1580,12,0.999712
1590,6,0.999713
1600,13,0.999714
1610,5,0.999715
1620,9,0.999716
1630,10,0.999717
1640,11,0.999718
1650,12,0.999719
1660,15,0.999721
1670,6,0.999721
1680,12,0.999723
1690,13,0.999724
1700,5,0.999724
1710,5,0.999725
1720,10,0.999726
1730,16,0.999728
1740,14,0.999729
1750,4,0.999730
1760,8,0.999730
1770,8,0.999731
1780,10,0.999732
1790,12,0.999734
1800,12,0.999735
1810,15,0.999736
1820,15,0.999738
1830,6,0.999739
1840,16,0.999740
1850,9,0.999741
1860,14,0.999743
1870,8,0.999744
1880,10,0.999745
1890,17,0.999746
1900,14,0.999748
1910,16,0.999750
1920,21,0.999752
1930,21,0.999754
1940,19,0.999756
1950,12,0.999757
1960,20,0.999759
1970,25,0.999762
1980,20,0.999764
1990,22,0.999766
2000,22,0.999769
2010,12,0.999770
2020,33,0.999774
2030,27,0.999776
2040,19,0.999778
2050,25,0.999781
2060,19,0.999783
2070,23,0.999785
2080,15,0.999787
2090,16,0.999789
2100,22,0.999791
2110,9,0.999792
2120,19,0.999794
2130,17,0.999796
2140,18,0.999798
2150,9,0.999799
2160,12,0.999800
2170,13,0.999801
2180,15,0.999803
2190,8,0.999804
2200,11,0.999805
2210,10,0.999806
2220,15,0.999807
2230,9,0.999808
2240,10,0.999809
2250,13,0.999811
2260,12,0.999812
2270,14,0.999813
2280,12,0.999815
2290,9,0.999816
2300,13,0.999817
2310,7,0.999818
2320,19,0.999820
2330,18,0.999822
2340,16,0.999823
2350,12,0.999825
2360,15,0.999826
2370,16,0.999828
2380,10,0.999829
2390,17,0.999831
2400,14,0.999832
2410,9,0.999833
2420,13,0.999835
2430,3,0.999835
2440,7,0.999836
2450,10,0.999837
2460,11,0.999838
2470,6,0.999838
2480,17,0.999840
2490,7,0.999841
2500,6,0.999842
2510,4,0.999842
2520,11,0.999843
2530,11,0.999844
2540,9,0.999845
2550,10,0.999846
2560,8,0.999847
2570,16,0.999849
2580,9,0.999850
2590,12,0.999851
2600,6,0.999852
2610,5,0.999852
2620,8,0.999853
2630,4,0.999853
2640,3,0.999854
2650,6,0.999854
2660,5,0.999855
2670,9,0.999856
2680,6,0.999857
2690,9,0.999857
2700,9,0.999858
2710,5,0.999859
2720,3,0.999859
2730,2,0.999859
2740,2,0.999860
2750,2,0.999860
2770,3,0.999860
2780,8,0.999861
2790,4,0.999861
2800,5,0.999862
2810,6,0.999863
2820,3,0.999863
2830,5,0.999863
2840,8,0.999864
2850,3,0.999865
2860,4,0.999865
2870,7,0.999866
2880,6,0.999866
2890,5,0.999867
2900,4,0.999867
2910,3,0.999868
2920,5,0.999868
2930,3,0.999869
2940,4,0.999869
2950,7,0.999870
2960,4,0.999870
2970,7,0.999871
2980,2,0.999871
2990,5,0.999872
3000,5,0.999872
3010,5,0.999873
3020,4,0.999873
3030,3,0.999873
3040,7,0.999874
3050,5,0.999875
3060,1,0.999875
3070,11,0.999876
3080,2,0.999876
3090,5,0.999877
3100,9,0.999878
3110,11,0.999879
3120,10,0.999880
3130,6,0.999880
3140,7,0.999881
3150,9,0.999882
3160,3,0.999882
3170,6,0.999883
3180,2,0.999883
3190,7,0.999884
3200,8,0.999885
3210,4,0.999885
3220,6,0.999886
3230,5,0.999886
3240,3,0.999887
3250,16,0.999888
3260,6,0.999889
3270,7,0.999890
3280,8,0.999891
3290,10,0.999892
3300,17,0.999893
3310,12,0.999895
3320,7,0.999895
3330,7,0.999896
3340,12,0.999897
3350,9,0.999898
3360,10,0.999899
3370,4,0.999900
3380,10,0.999901
3390,9,0.999902
3400,7,0.999903
3410,10,0.999904
3420,9,0.999905
3430,8,0.999905
3440,5,0.999906
3450,9,0.999907
3460,5,0.999907
3470,8,0.999908
3480,6,0.999909
3490,8,0.999910
3500,6,0.999910
3510,8,0.999911
3520,8,0.999912
3530,6,0.999913
3540,7,0.999913
3550,7,0.999914
3560,5,0.999915
3570,2,0.999915
3580,7,0.999916
3590,5,0.999916
3600,8,0.999917
3610,1,0.999917
3620,8,0.999918
3630,7,0.999919
3640,8,0.999920
3650,7,0.999920
3660,3,0.999921
3670,6,0.999921
3680,4,0.999922
3690,2,0.999922
3700,4,0.999922
3710,8,0.999923
3720,8,0.999924
3730,4,0.999924
3740,6,0.999925
3750,3,0.999925
3760,4,0.999926
3770,4,0.999926
3780,5,0.999927
3790,7,0.999927
3800,3,0.999928
3810,6,0.999928
3820,5,0.999929
3830,4,0.999929
3840,2,0.999930
3850,2,0.999930
3860,4,0.999930
3870,5,0.999931
3880,4,0.999931
3890,3,0.999931
3900,3,0.999932
3910,3,0.999932
3920,1,0.999932
3930,5,0.999933
3940,3,0.999933
3950,4,0.999933
3960,1,0.999934
3970,5,0.999934
3980,5,0.999935
3990,8,0.999935
4000,6,0.999936
4010,6,0.999937
4020,6,0.999937
4030,8,0.999938
4040,10,0.999939
4050,2,0.999940
4060,9,0.999940
4070,3,0.999941
4080,5,0.999941
4090,3,0.999942
4100,2,0.999942
4110,3,0.999942
4120,1,0.999942
4130,4,0.999943
4140,3,0.999943
4150,4,0.999943
4160,7,0.999944
4170,2,0.999944
4180,5,0.999945
4190,3,0.999945
4200,2,0.999945
4210,3,0.999946
4220,5,0.999946
4230,4,0.999947
4240,5,0.999947
4250,4,0.999948
4260,6,0.999948
4270,2,0.999948
4280,4,0.999949
4290,2,0.999949
4300,1,0.999949
4320,3,0.999949
4330,2,0.999950
4340,3,0.999950
4350,11,0.999951
4360,2,0.999951
4370,2,0.999952
4380,3,0.999952
4390,4,0.999952
4400,4,0.999953
4410,2,0.999953
4420,5,0.999953
4430,4,0.999954
4440,6,0.999955
4450,5,0.999955
4460,7,0.999956
4470,2,0.999956
4480,4,0.999956
4490,2,0.999957
4500,7,0.999957
4510,2,0.999958
4520,4,0.999958
4530,5,0.999959
4540,2,0.999959
4550,7,0.999959
4560,7,0.999960
4570,4,0.999961
4580,8,0.999961
4590,1,0.999962
4600,4,0.999962
4610,3,0.999962
4620,3,0.999963
4630,4,0.999963
4640,3,0.999963
4650,4,0.999964
4660,7,0.999965
4670,5,0.999965
4680,5,0.999966
4690,10,0.999967
4700,9,0.999968
4710,9,0.999969
4720,2,0.999969
4730,3,0.999969
4740,9,0.999970
4750,6,0.999971
4760,3,0.999971
4770,6,0.999972
4780,7,0.999972
4790,7,0.999973
4800,8,0.999974
4810,4,0.999974
4820,3,0.999975
4830,6,0.999975
4840,5,0.999976
4850,7,0.999977
4860,5,0.999977
4870,8,0.999978
4880,2,0.999978
4890,5,0.999979
4900,6,0.999979
4910,7,0.999980
4920,4,0.999980
4930,5,0.999981
4940,6,0.999982
4950,5,0.999982
4960,7,0.999983
4970,3,0.999983
4980,6,0.999984
4990,2,0.999984
5000,3,0.999984
5010,9,0.999985
5020,3,0.999986
5040,5,0.999986
5050,4,0.999987
5060,2,0.999987
5070,5,0.999987
5080,4,0.999988
5090,4,0.999988
5100,2,0.999988
5110,1,0.999988
5120,3,0.999989
5130,4,0.999989
5140,6,0.999990
5150,2,0.999990
5160,4,0.999990
5170,4,0.999991
5180,1,0.999991
5190,3,0.999991
5210,1,0.999991
5220,1,0.999991
5230,2,0.999992
5240,2,0.999992
5260,1,0.999992
5270,2,0.999992
5280,2,0.999992
5310,2,0.999993
5320,1,0.999993
5330,2,0.999993
5370,2,0.999993
5380,2,0.999993
5440,1,0.999994
5450,1,0.999994
5470,2,0.999994
5480,1,0.999994
5500,2,0.999994
5520,1,0.999994
5540,1,0.999994
5550,1,0.999994
5560,1,0.999995
5570,1,0.999995
5580,1,0.999995
5600,1,0.999995
5620,1,0.999995
5630,1,0.999995
5670,2,0.999995
5680,1,0.999995
5690,1,0.999995
5700,4,0.999996
5710,1,0.999996
5730,2,0.999996
5780,1,0.999996
5790,2,0.999997
5800,2,0.999997
5830,2,0.999997
5860,1,0.999997
5880,1,0.999997
5910,2,0.999997
5950,2,0.999998
5960,2,0.999998
6020,1,0.999998
6060,1,0.999998
6070,1,0.999998
6090,1,0.999998
6110,1,0.999998
6130,1,0.999998
6200,1,0.999999
6240,1,0.999999
6380,2,0.999999
6420,1,0.999999
6430,1,0.999999
6490,1,0.999999
6550,1,0.999999
6560,1,0.999999
6750,1,0.999999
6820,1,1.000000
6930,1,1.000000
7760,1,1.000000
7780,1,1.000000
8670,1,1.000000
