#latency,cnt,cdf
0,1,0.000000
40,2,0.000000
50,50347,0.005035
60,197115,0.024746
70,217435,0.046490
80,241797,0.070670
90,150972,0.085767
100,147439,0.100511
110,295491,0.130060
120,234557,0.153516
130,177050,0.171221
140,162182,0.187439
150,160387,0.203478
160,155874,0.219065
170,147021,0.233767
180,150405,0.248808
190,144458,0.263253
200,138761,0.277129
210,128550,0.289984
220,123063,0.302291
230,121197,0.314410
240,119323,0.326343
250,116566,0.337999
260,115462,0.349546
270,113540,0.360900
280,113189,0.372218
290,113408,0.383559
300,110603,0.394619
310,107763,0.405396
320,106551,0.416051
330,104530,0.426504
340,102673,0.436771
350,100834,0.446855
360,98374,0.456692
370,95491,0.466241
380,93023,0.475543
390,90975,0.484641
400,89923,0.493633
410,88057,0.502439
420,86267,0.511066
430,83969,0.519463
440,81928,0.527655
450,79924,0.535648
460,78131,0.543461
470,76690,0.551130
480,75183,0.558648
490,73921,0.566040
500,72771,0.573317
510,71545,0.580472
520,71339,0.587606
530,71060,0.594712
540,70401,0.601752
550,70216,0.608773
560,68694,0.615643
570,68325,0.622475
580,67079,0.629183
590,66501,0.635833
600,65312,0.642365
610,64158,0.648780
620,63050,0.655085
630,61481,0.661233
640,60174,0.667251
650,58699,0.673121
660,57996,0.678920
670,57496,0.684670
680,55888,0.690259
690,54517,0.695710
700,53172,0.701028
710,52304,0.706258
720,51838,0.711442
730,50085,0.716450
740,49067,0.721357
750,48458,0.726203
760,47678,0.730971
770,47249,0.735695
780,46060,0.740301
790,46260,0.744928
800,45868,0.749514
810,45726,0.754087
820,44953,0.758582
830,44246,0.763007
840,43829,0.767390
850,43510,0.771741
860,42394,0.775980
870,41635,0.780144
880,41413,0.784285
890,40215,0.788306
900,39006,0.792207
910,38715,0.796079
920,37804,0.799859
930,37173,0.803576
940,36559,0.807232
950,35569,0.810789
960,34549,0.814244
970,34096,0.817653
980,33455,0.820999
990,32532,0.824252
1000,31811,0.827433
1010,31177,0.830551
1020,30789,0.833630
1030,30135,0.836643
1040,29788,0.839622
1050,29696,0.842592
1060,29441,0.845536
1070,29097,0.848446
1080,28590,0.851305
1090,28206,0.854125
1100,27722,0.856897
1110,27489,0.859646
1120,26804,0.862327
1130,26481,0.864975
1140,26120,0.867587
1150,25390,0.870126
1160,24973,0.872623
1170,24183,0.875041
1180,23966,0.877438
1190,23529,0.879791
1200,23083,0.882099
1210,22208,0.884320
1220,22214,0.886541
1230,21321,0.888673
1240,20978,0.890771
1250,20679,0.892839
1260,20405,0.894880
1270,19748,0.896855
1280,19662,0.898821
1290,19178,0.900738
1300,19014,0.902640
1310,18792,0.904519
1320,18521,0.906371
1330,18575,0.908229
1340,18159,0.910045
1350,17961,0.911841
1360,17724,0.913613
1370,17367,0.915350
1380,16848,0.917035
1390,16514,0.918686
1400,16457,0.920332
1410,16078,0.921939
1420,15687,0.923508
1430,15318,0.925040
1440,15144,0.926554
1450,14881,0.928042
1460,14409,0.929483
1470,14200,0.930903
1480,13621,0.932266
1490,13580,0.933623
1500,13276,0.934951
1510,13044,0.936256
1520,12691,0.937525
1530,12418,0.938766
1540,12345,0.940001
1550,11978,0.941199
1560,11934,0.942392
1570,11766,0.943569
1580,11615,0.944730
1590,11439,0.945874
1600,11186,0.946993
1610,11199,0.948113
1620,11056,0.949218
1630,10633,0.950282
1640,10613,0.951343
1650,10321,0.952375
1660,10209,0.953396
1670,9954,0.954391
1680,9606,0.955352
1690,9598,0.956312
1700,9328,0.957244
1710,9195,0.958164
1720,8837,0.959048
1730,8629,0.959911
1740,8675,0.960778
1750,8232,0.961601
1760,7944,0.962396
1770,8074,0.963203
1780,7709,0.963974
1790,7618,0.964736
1800,7541,0.965490
1810,7477,0.966237
1820,7076,0.966945
1830,7049,0.967650
1840,6961,0.968346
1850,6892,0.969035
1860,6649,0.969700
1870,6693,0.970370
1880,6449,0.971014
1890,6290,0.971643
1900,6228,0.972266
1910,6218,0.972888
1920,6041,0.973492
1930,5831,0.974075
1940,5728,0.974648
1950,5621,0.975210
1960,5399,0.975750
1970,5367,0.976287
1980,5161,0.976803
1990,5092,0.977312
2000,4934,0.977805
2010,4849,0.978290
2020,4653,0.978756
2030,4570,0.979213
2040,4344,0.979647
2050,4415,0.980088
2060,4349,0.980523
2070,4207,0.980944
2080,4165,0.981361
2090,4089,0.981770
2100,4033,0.982173
2110,3935,0.982566
2120,3897,0.982956
2130,3733,0.983329
2140,3681,0.983697
2150,3555,0.984053
2160,3577,0.984411
2170,3414,0.984752
2180,3379,0.985090
2190,3364,0.985426
2200,3249,0.985751
2210,3222,0.986073
2220,3089,0.986382
2230,2942,0.986677
2240,2937,0.986970
2250,2917,0.987262
2260,2749,0.987537
2270,2744,0.987811
2280,2642,0.988075
2290,2627,0.988338
2300,2513,0.988589
2310,2461,0.988836
2320,2415,0.989077
2330,2352,0.989312
2340,2394,0.989552
2350,2262,0.989778
2360,2330,0.990011
2370,2213,0.990232
2380,2206,0.990453
2390,2145,0.990667
2400,2053,0.990873
2410,2013,0.991074
2420,2019,0.991276
2430,1946,0.991470
2440,1925,0.991663
2450,1852,0.991848
2460,1708,0.992019
2470,1782,0.992197
2480,1662,0.992363
2490,1641,0.992527
2500,1568,0.992684
2510,1599,0.992844
2520,1504,0.992994
2530,1509,0.993145
2540,1452,0.993290
2550,1449,0.993435
2560,1371,0.993572
2570,1395,0.993712
2580,1342,0.993846
2590,1279,0.993974
2600,1194,0.994093
2610,1181,0.994212
2620,1255,0.994337
2630,1145,0.994452
2640,1070,0.994559
2650,1109,0.994669
2660,1113,0.994781
2670,1096,0.994890
2680,1037,0.994994
2690,996,0.995094
2700,963,0.995190
2710,938,0.995284
2720,911,0.995375
2730,929,0.995468
2740,945,0.995562
2750,869,0.995649
2760,880,0.995737
2770,812,0.995818
2780,837,0.995902
2790,762,0.995978
2800,756,0.996054
2810,746,0.996128
2820,772,0.996206
2830,738,0.996279
2840,722,0.996352
2850,699,0.996422
2860,692,0.996491
2870,707,0.996562
2880,656,0.996627
2890,627,0.996690
2900,638,0.996754
2910,609,0.996814
2920,607,0.996875
2930,609,0.996936
2940,525,0.996989
2950,539,0.997042
2960,502,0.997093
2970,486,0.997141
2980,568,0.997198
2990,504,0.997248
3000,490,0.997298
3010,473,0.997345
3020,501,0.997395
3030,478,0.997443
3040,488,0.997491
3050,429,0.997534
3060,415,0.997576
3070,436,0.997620
3080,412,0.997661
3090,417,0.997702
3100,420,0.997744
3110,363,0.997781
3120,376,0.997818
3130,401,0.997858
3140,424,0.997901
3150,379,0.997939
3160,355,0.997974
3170,348,0.998009
3180,376,0.998047
3190,375,0.998084
3200,347,0.998119
3210,378,0.998157
3220,340,0.998191
3230,329,0.998223
3240,313,0.998255
3250,319,0.998287
3260,320,0.998319
3270,307,0.998349
3280,295,0.998379
3290,271,0.998406
3300,266,0.998433
3310,262,0.998459
3320,268,0.998486
3330,260,0.998512
3340,245,0.998536
3350,249,0.998561
3360,254,0.998586
3370,225,0.998609
3380,245,0.998633
3390,197,0.998653
3400,222,0.998675
3410,208,0.998696
3420,227,0.998719
3430,233,0.998742
3440,221,0.998764
3450,194,0.998784
3460,175,0.998801
3470,201,0.998821
3480,174,0.998839
3490,180,0.998857
3500,167,0.998873
3510,176,0.998891
3520,153,0.998906
3530,128,0.998919
3540,132,0.998932
3550,144,0.998947
3560,162,0.998963
3570,133,0.998976
3580,146,0.998991
3590,123,0.999003
3600,109,0.999014
3610,146,0.999029
3620,109,0.999039
3630,140,0.999053
3640,118,0.999065
3650,103,0.999075
3660,108,0.999086
3670,107,0.999097
3680,107,0.999108
3690,108,0.999119
3700,110,0.999129
3710,100,0.999139
3720,133,0.999153
3730,107,0.999164
3740,97,0.999173
3750,96,0.999183
3760,108,0.999194
3770,96,0.999203
3780,90,0.999212
3790,91,0.999221
3800,91,0.999230
3810,87,0.999239
3820,92,0.999248
3830,97,0.999258
3840,77,0.999266
3850,67,0.999272
3860,69,0.999279
3870,78,0.999287
3880,80,0.999295
3890,79,0.999303
3900,74,0.999310
3910,82,0.999319
3920,83,0.999327
3930,72,0.999334
3940,75,0.999342
3950,72,0.999349
3960,88,0.999358
3970,78,0.999365
3980,73,0.999373
3990,54,0.999378
4000,57,0.999384
4010,78,0.999392
4020,52,0.999397
4030,64,0.999403
4040,65,0.999410
4050,59,0.999416
4060,55,0.999421
4070,63,0.999427
4080,61,0.999434
4090,60,0.999439
4100,56,0.999445
4110,52,0.999450
4120,47,0.999455
4130,65,0.999461
4140,48,0.999466
4150,57,0.999472
4160,52,0.999477
4170,49,0.999482
4180,41,0.999486
4190,55,0.999492
4200,43,0.999496
4210,34,0.999499
4220,42,0.999504
4230,39,0.999507
4240,42,0.999512
4250,44,0.999516
4260,36,0.999520
4270,30,0.999523
4280,35,0.999526
4290,44,0.999531
4300,40,0.999535
4310,46,0.999539
4320,24,0.999542
4330,34,0.999545
4340,33,0.999548
4350,39,0.999552
4360,32,0.999555
4370,39,0.999559
4380,31,0.999562
4390,34,0.999566
4400,38,0.999570
4410,41,0.999574
4420,47,0.999578
4430,42,0.999583
4440,52,0.999588
4450,39,0.999592
4460,50,0.999597
4470,34,0.999600
4480,54,0.999605
4490,39,0.999609
4500,35,0.999613
4510,38,0.999617
4520,44,0.999621
4530,44,0.999626
4540,35,0.999629
4550,37,0.999633
4560,40,0.999637
4570,44,0.999641
4580,45,0.999646
4590,42,0.999650
4600,28,0.999653
4610,36,0.999656
4620,36,0.999660
4630,44,0.999664
4640,26,0.999667
4650,33,0.999670
4660,41,0.999674
4670,44,0.999679
4680,39,0.999682
4690,37,0.999686
4700,28,0.999689
4710,39,0.999693
4720,33,0.999696
4730,39,0.999700
4740,41,0.999704
4750,43,0.999708
4760,46,0.999713
4770,32,0.999716
4780,37,0.999720
4790,34,0.999723
4800,37,0.999727
4810,34,0.999731
4820,41,0.999735
4830,40,0.999739
4840,39,0.999743
4850,41,0.999747
4860,36,0.999750
4870,36,0.999754
4880,25,0.999756
4890,36,0.999760
4900,39,0.999764
4910,46,0.999768
4920,36,0.999772
4930,34,0.999775
4940,33,0.999779
4950,29,0.999782
4960,36,0.999785
4970,21,0.999787
4980,31,0.999790
4990,33,0.999794
5000,31,0.999797
5010,20,0.999799
5020,33,0.999802
5030,24,0.999804
5040,32,0.999808
5050,30,0.999811
5060,33,0.999814
5070,27,0.999817
5080,30,0.999820
5090,23,0.999822
5100,32,0.999825
5110,22,0.999827
5120,19,0.999829
5130,26,0.999832
5140,25,0.999834
5150,24,0.999837
5160,19,0.999839
5170,26,0.999841
5180,26,0.999844
5190,18,0.999846
5200,21,0.999848
5210,26,0.999850
5220,29,0.999853
5230,19,0.999855
5240,23,0.999857
5250,23,0.999860
5260,18,0.999862
5270,17,0.999863
5280,23,0.999866
5290,30,0.999869
5300,25,0.999871
5310,13,0.999872
5320,20,0.999874
5330,33,0.999878
5340,28,0.999880
5350,25,0.999883
5360,30,0.999886
5370,31,0.999889
5380,21,0.999891
5390,19,0.999893
5400,21,0.999895
5410,24,0.999898
5420,27,0.999900
5430,17,0.999902
5440,19,0.999904
5450,28,0.999907
5460,20,0.999909
5470,22,0.999911
5480,21,0.999913
5490,22,0.999915
5500,19,0.999917
5510,26,0.999920
5520,16,0.999921
5530,15,0.999923
5540,23,0.999925
5550,22,0.999927
5560,20,0.999929
5570,20,0.999931
5580,17,0.999933
5590,10,0.999934
5600,15,0.999936
5610,20,0.999937
5620,15,0.999939
5630,9,0.999940
5640,16,0.999942
5650,11,0.999943
5660,12,0.999944
5670,15,0.999945
5680,8,0.999946
5690,14,0.999947
5700,11,0.999949
5710,14,0.999950
5720,10,0.999951
5730,9,0.999952
5740,11,0.999953
5750,3,0.999953
5760,18,0.999955
5770,6,0.999956
5780,11,0.999957
5790,8,0.999958
5800,10,0.999959
5810,6,0.999959
5820,6,0.999960
5830,11,0.999961
5840,13,0.999962
5850,7,0.999963
5860,7,0.999964
5870,6,0.999964
5880,9,0.999965
5890,8,0.999966
5900,10,0.999967
5910,11,0.999968
5920,8,0.999969
5930,5,0.999969
5940,5,0.999970
5950,12,0.999971
5960,9,0.999972
5970,2,0.999972
5980,5,0.999973
5990,9,0.999973
6000,5,0.999974
6010,9,0.999975
6020,8,0.999976
6030,3,0.999976
6040,10,0.999977
6050,1,0.999977
6060,5,0.999978
6070,4,0.999978
6080,6,0.999979
6090,4,0.999979
6100,1,0.999979
6110,2,0.999979
6120,5,0.999980
6140,1,0.999980
6150,5,0.999980
6160,2,0.999981
6170,6,0.999981
6180,4,0.999982
6190,4,0.999982
6200,2,0.999982
6210,4,0.999983
6220,3,0.999983
6230,7,0.999984
6240,5,0.999984
6250,1,0.999984
6260,4,0.999985
6270,2,0.999985
6280,1,0.999985
6290,1,0.999985
6300,3,0.999985
6310,3,0.999986
6320,3,0.999986
6330,6,0.999987
6340,2,0.999987
6350,5,0.999987
6360,1,0.999987
6370,1,0.999987
6380,4,0.999988
6390,2,0.999988
6400,1,0.999988
6410,4,0.999988
6420,1,0.999989
6430,4,0.999989
6440,2,0.999989
6450,2,0.999989
6460,4,0.999990
6470,3,0.999990
6480,2,0.999990
6490,2,0.999991
6500,4,0.999991
6510,1,0.999991
6520,3,0.999991
6530,2,0.999991
6540,4,0.999992
6550,3,0.999992
6560,3,0.999992
6570,3,0.999993
6580,1,0.999993
6590,2,0.999993
6600,1,0.999993
6610,2,0.999993
6620,5,0.999994
6630,2,0.999994
6640,6,0.999995
6650,2,0.999995
6660,4,0.999995
6670,2,0.999996
6680,1,0.999996
6690,4,0.999996
6700,2,0.999996
6710,1,0.999996
6720,1,0.999996
6730,1,0.999996
6740,2,0.999997
6750,1,0.999997
6760,5,0.999997
6770,3,0.999998
6780,2,0.999998
6790,1,0.999998
6800,2,0.999998
6810,2,0.999998
6820,2,0.999999
6830,1,0.999999
6850,1,0.999999
6860,1,0.999999
6870,1,0.999999
6880,1,0.999999
6900,3,0.999999
6940,2,1.000000
6960,1,1.000000
6980,1,1.000000
6990,1,1.000000
7010,1,1.000000
8810,1,1.000000
