#latency,cnt,cdf
0,1,0.000000
30,79,0.000008
40,3,0.000008
50,52809,0.005289
60,3124615,0.317751
70,158677,0.333618
80,3015700,0.635188
90,40304,0.639219
100,227216,0.661940
110,1781812,0.840122
120,1158168,0.955938
130,191553,0.975094
140,20831,0.977177
150,1045,0.977281
160,634,0.977345
170,8370,0.978182
180,53371,0.983519
190,151792,0.998698
200,1164,0.998814
210,827,0.998897
220,312,0.998928
230,3300,0.999258
240,431,0.999301
250,108,0.999312
260,107,0.999323
270,118,0.999335
280,127,0.999347
290,105,0.999358
300,112,0.999369
310,100,0.999379
320,91,0.999388
330,86,0.999397
340,103,0.999407
350,79,0.999415
360,86,0.999424
370,67,0.999430
380,92,0.999439
390,67,0.999446
400,74,0.999454
410,44,0.999458
420,83,0.999466
430,54,0.999472
440,93,0.999481
450,66,0.999488
460,67,0.999494
470,61,0.999500
480,53,0.999506
490,47,0.999510
500,47,0.999515
510,33,0.999518
520,40,0.999522
530,36,0.999526
540,27,0.999529
550,41,0.999533
560,46,0.999537
570,47,0.999542
580,43,0.999546
590,59,0.999552
600,39,0.999556
610,42,0.999560
620,45,0.999565
630,35,0.999568
640,31,0.999572
650,37,0.999575
660,48,0.999580
670,40,0.999584
680,48,0.999589
690,35,0.999592
700,38,0.999596
710,33,0.999599
720,42,0.999604
730,37,0.999607
740,45,0.999612
750,35,0.999615
760,48,0.999620
770,39,0.999624
780,36,0.999628
790,40,0.999632
800,38,0.999635
810,33,0.999639
820,36,0.999642
830,30,0.999645
840,27,0.999648
850,21,0.999650
860,28,0.999653
870,23,0.999655
880,28,0.999658
890,19,0.999660
900,25,0.999662
910,16,0.999664
920,16,0.999666
930,15,0.999667
940,19,0.999669
950,14,0.999670
960,16,0.999672
970,17,0.999674
980,18,0.999676
990,12,0.999677
1000,15,0.999678
1010,21,0.999680
1020,24,0.999683
1030,18,0.999685
1040,15,0.999686
1050,17,0.999688
1060,16,0.999689
1070,20,0.999691
1080,14,0.999693
1090,13,0.999694
1100,12,0.999695
1110,13,0.999696
1120,11,0.999698
1130,14,0.999699
1140,24,0.999701
1150,18,0.999703
1160,23,0.999705
1170,12,0.999707
1180,21,0.999709
1190,16,0.999710
1200,19,0.999712
1210,20,0.999714
1220,22,0.999717
1230,22,0.999719
1240,16,0.999720
1250,14,0.999722
1260,15,0.999723
1270,14,0.999725
1280,12,0.999726
1290,19,0.999728
1300,21,0.999730
1310,14,0.999731
1320,13,0.999732
1330,11,0.999734
1340,13,0.999735
1350,15,0.999736
1360,10,0.999737
1370,11,0.999739
1380,14,0.999740
1390,12,0.999741
1400,10,0.999742
1410,14,0.999744
1420,14,0.999745
1430,7,0.999746
1440,14,0.999747
1450,20,0.999749
1460,11,0.999750
1470,9,0.999751
1480,6,0.999752
1490,13,0.999753
1500,16,0.999754
1510,7,0.999755
1520,14,0.999757
1530,10,0.999758
1540,14,0.999759
1550,12,0.999760
1560,19,0.999762
1570,12,0.999763
1580,13,0.999765
1590,9,0.999766
1600,4,0.999766
1610,15,0.999767
1620,18,0.999769
1630,15,0.999771
1640,16,0.999772
1650,7,0.999773
1660,19,0.999775
1670,9,0.999776
1680,9,0.999777
1690,11,0.999778
1700,9,0.999779
1710,11,0.999780
1720,10,0.999781
1730,8,0.999782
1740,7,0.999782
1750,10,0.999783
1760,19,0.999785
1770,18,0.999787
1780,11,0.999788
1790,20,0.999790
1800,15,0.999792
1810,27,0.999794
1820,26,0.999797
1830,15,0.999798
1840,23,0.999801
1850,11,0.999802
1860,10,0.999803
1870,10,0.999804
1880,12,0.999805
1890,15,0.999807
1900,12,0.999808
1910,7,0.999808
1920,10,0.999809
1930,12,0.999811
1940,16,0.999812
1950,9,0.999813
1960,6,0.999814
1970,13,0.999815
1980,15,0.999816
1990,15,0.999818
2000,17,0.999820
2010,12,0.999821
2020,14,0.999822
2030,10,0.999823
2040,18,0.999825
2050,16,0.999827
2060,19,0.999829
2070,16,0.999830
2080,14,0.999832
2090,11,0.999833
2100,10,0.999834
2110,10,0.999835
2120,18,0.999837
2130,9,0.999837
2140,13,0.999839
2150,18,0.999840
2160,15,0.999842
2170,14,0.999843
2180,12,0.999845
2190,13,0.999846
2200,9,0.999847
2210,17,0.999848
2220,9,0.999849
2230,18,0.999851
2240,11,0.999852
2250,16,0.999854
2260,11,0.999855
2270,11,0.999856
2280,9,0.999857
2290,14,0.999858
2300,5,0.999859
2310,7,0.999860
2320,13,0.999861
2330,9,0.999862
2340,14,0.999863
2350,17,0.999865
2360,14,0.999866
2370,13,0.999868
2380,9,0.999869
2390,12,0.999870
2400,9,0.999871
2410,16,0.999872
2420,13,0.999874
2430,14,0.999875
2440,9,0.999876
2450,13,0.999877
2460,4,0.999878
2470,7,0.999878
2480,8,0.999879
2490,11,0.999880
2500,10,0.999881
2510,8,0.999882
2520,12,0.999883
2530,8,0.999884
2540,6,0.999884
2550,11,0.999886
2560,10,0.999887
2570,8,0.999887
2580,5,0.999888
2590,12,0.999889
2600,15,0.999891
2610,12,0.999892
2620,5,0.999892
2630,16,0.999894
2640,9,0.999895
2650,10,0.999896
2660,14,0.999897
2670,13,0.999898
2680,10,0.999900
2690,9,0.999900
2700,14,0.999902
2710,11,0.999903
2720,10,0.999904
2730,4,0.999904
2740,21,0.999906
2750,7,0.999907
2760,14,0.999909
2770,16,0.999910
2780,10,0.999911
2790,9,0.999912
2800,18,0.999914
2810,11,0.999915
2820,10,0.999916
2830,12,0.999917
2840,14,0.999919
2850,8,0.999919
2860,11,0.999920
2870,16,0.999922
2880,16,0.999924
2890,10,0.999925
2900,9,0.999925
2910,6,0.999926
2920,10,0.999927
2930,8,0.999928
2940,13,0.999929
2950,10,0.999930
2960,11,0.999931
2970,6,0.999932
2980,8,0.999933
2990,16,0.999934
3000,13,0.999936
3010,17,0.999937
3020,10,0.999938
3030,16,0.999940
3040,7,0.999941
3050,4,0.999941
3060,7,0.999942
3070,10,0.999943
3080,12,0.999944
3090,7,0.999945
3100,9,0.999946
3110,9,0.999946
3120,13,0.999948
3130,5,0.999948
3140,12,0.999949
3150,11,0.999951
3160,9,0.999951
3170,7,0.999952
3180,13,0.999953
3190,13,0.999955
3200,12,0.999956
3210,8,0.999957
3220,9,0.999958
3230,6,0.999958
3240,17,0.999960
3250,11,0.999961
3260,8,0.999962
3270,9,0.999963
3280,10,0.999964
3290,4,0.999964
3300,9,0.999965
3310,7,0.999966
3320,12,0.999967
3330,5,0.999967
3340,14,0.999969
3350,14,0.999970
3360,10,0.999971
3370,13,0.999973
3380,10,0.999973
3390,11,0.999975
3400,14,0.999976
3410,8,0.999977
3420,10,0.999978
3430,12,0.999979
3440,7,0.999980
3450,12,0.999981
3460,7,0.999982
3470,5,0.999982
3480,1,0.999982
3490,5,0.999983
3500,6,0.999983
3510,3,0.999984
3520,3,0.999984
3530,6,0.999985
3540,6,0.999985
3550,7,0.999986
3560,5,0.999986
3570,8,0.999987
3580,6,0.999988
3590,1,0.999988
3600,6,0.999988
3610,4,0.999989
3620,8,0.999990
3630,5,0.999990
3640,5,0.999991
3650,3,0.999991
3660,4,0.999991
3670,2,0.999991
3680,7,0.999992
3690,6,0.999993
3700,6,0.999993
3710,3,0.999994
3720,3,0.999994
3730,1,0.999994
3740,1,0.999994
3750,2,0.999994
3760,1,0.999995
3770,2,0.999995
3780,1,0.999995
3790,3,0.999995
3800,1,0.999995
3810,1,0.999995
3820,1,0.999995
3830,2,0.999996
3850,1,0.999996
3860,1,0.999996
3870,1,0.999996
3880,3,0.999996
3890,1,0.999996
3910,2,0.999996
3940,1,0.999997
3960,1,0.999997
4000,1,0.999997
4020,1,0.999997
4060,1,0.999997
4380,1,0.999997
4430,1,0.999997
4460,2,0.999997
4480,1,0.999997
4500,1,0.999998
4520,2,0.999998
4530,1,0.999998
4600,1,0.999998
4630,3,0.999998
4640,3,0.999999
4700,1,0.999999
4730,1,0.999999
4760,1,0.999999
4870,4,0.999999
4880,1,0.999999
4890,2,1.000000
4950,2,1.000000
4970,1,1.000000
4980,1,1.000000
