#latency,cnt,cdf
50,6,0.000003
60,2,0.000004
70,46,0.000028
80,50,0.000055
90,189,0.000154
100,286,0.000305
110,405,0.000518
120,3134,0.002167
130,9727,0.007286
140,196616,0.110756
150,217713,0.225328
160,37458,0.245040
170,123479,0.310022
180,257728,0.445652
190,50049,0.471990
200,11895,0.478250
210,9311,0.483150
220,48485,0.508666
230,260774,0.645899
240,86517,0.691429
250,14703,0.699166
260,6554,0.702615
270,4208,0.704830
280,2917,0.706365
290,2197,0.707521
300,1849,0.708494
310,1381,0.709221
320,1128,0.709814
330,942,0.710310
340,787,0.710724
350,695,0.711090
360,598,0.711405
370,508,0.711672
380,444,0.711906
390,394,0.712113
400,340,0.712292
410,264,0.712431
420,247,0.712561
430,246,0.712690
440,176,0.712783
450,139,0.712856
460,144,0.712932
470,113,0.712991
480,97,0.713042
490,111,0.713101
500,80,0.713143
510,73,0.713181
520,68,0.713217
530,85,0.713262
540,75,0.713301
550,65,0.713336
560,65,0.713370
570,67,0.713405
580,72,0.713443
590,81,0.713485
600,70,0.713522
610,79,0.713564
620,89,0.713611
630,81,0.713653
640,78,0.713694
650,95,0.713744
660,98,0.713796
670,80,0.713838
680,77,0.713879
690,91,0.713926
700,83,0.713970
710,85,0.714015
720,100,0.714068
730,85,0.714112
740,102,0.714166
750,91,0.714214
760,75,0.714253
770,83,0.714297
780,58,0.714328
790,75,0.714367
800,64,0.714401
810,64,0.714434
820,66,0.714469
830,73,0.714508
840,70,0.714544
850,69,0.714581
860,60,0.714612
870,44,0.714635
880,54,0.714664
890,63,0.714697
900,59,0.714728
910,56,0.714757
920,51,0.714784
930,40,0.714805
940,34,0.714823
950,58,0.714854
960,45,0.714877
970,57,0.714907
980,50,0.714934
990,49,0.714960
1000,35,0.714978
1010,39,0.714998
1020,58,0.715029
1030,35,0.715047
1040,35,0.715066
1050,37,0.715085
1060,43,0.715108
1070,35,0.715126
1080,35,0.715145
1090,27,0.715159
1100,36,0.715178
1110,41,0.715200
1120,33,0.715217
1130,43,0.715240
1140,33,0.715257
1150,34,0.715275
1160,33,0.715292
1170,28,0.715307
1180,41,0.715328
1190,33,0.715346
1200,29,0.715361
1210,33,0.715378
1220,43,0.715401
1230,43,0.715424
1240,36,0.715443
1250,34,0.715461
1260,46,0.715485
1270,35,0.715503
1280,43,0.715526
1290,45,0.715549
1300,42,0.715572
1310,43,0.715594
1320,36,0.715613
1330,42,0.715635
1340,49,0.715661
1350,51,0.715688
1360,50,0.715714
1370,32,0.715731
1380,53,0.715759
1390,46,0.715783
1400,51,0.715810
1410,48,0.715835
1420,38,0.715855
1430,53,0.715883
1440,43,0.715906
1450,46,0.715930
1460,59,0.715961
1470,46,0.715985
1480,52,0.716013
1490,39,0.716033
1500,45,0.716057
1510,36,0.716076
1520,37,0.716095
1530,46,0.716119
1540,31,0.716136
1550,50,0.716162
1560,42,0.716184
1570,38,0.716204
1580,47,0.716229
1590,55,0.716258
1600,46,0.716282
1610,45,0.716306
1620,47,0.716330
1630,48,0.716356
1640,36,0.716375
1650,34,0.716393
1660,36,0.716411
1670,41,0.716433
1680,30,0.716449
1690,41,0.716470
1700,43,0.716493
1710,28,0.716508
1720,26,0.716521
1730,32,0.716538
1740,33,0.716556
1750,29,0.716571
1760,36,0.716590
1770,31,0.716606
1780,41,0.716628
1790,33,0.716645
1800,27,0.716659
1810,40,0.716680
1820,30,0.716696
1830,41,0.716718
1840,44,0.716741
1850,32,0.716758
1860,35,0.716776
1870,33,0.716794
1880,39,0.716814
1890,37,0.716834
1900,33,0.716851
1910,35,0.716869
1920,37,0.716889
1930,43,0.716911
1940,29,0.716927
1950,40,0.716948
1960,32,0.716965
1970,36,0.716983
1980,41,0.717005
1990,39,0.717026
2000,35,0.717044
2010,45,0.717068
2020,40,0.717089
2030,36,0.717108
2040,42,0.717130
2050,47,0.717155
2060,46,0.717179
2070,35,0.717197
2080,34,0.717215
2090,49,0.717241
2100,42,0.717263
2110,41,0.717285
2120,42,0.717307
2130,49,0.717332
2140,45,0.717356
2150,45,0.717380
2160,40,0.717401
2170,37,0.717420
2180,52,0.717448
2190,46,0.717472
2200,46,0.717496
2210,36,0.717515
2220,46,0.717539
2230,40,0.717560
2240,45,0.717584
2250,38,0.717604
2260,46,0.717628
2270,40,0.717649
2280,38,0.717669
2290,47,0.717694
2300,46,0.717718
2310,44,0.717741
2320,40,0.717762
2330,34,0.717780
2340,42,0.717802
2350,46,0.717827
2360,30,0.717842
2370,47,0.717867
2380,48,0.717892
2390,28,0.717907
2400,31,0.717923
2410,41,0.717945
2420,36,0.717964
2430,48,0.717989
2440,34,0.718007
2450,46,0.718031
2460,29,0.718047
2470,48,0.718072
2480,38,0.718092
2490,54,0.718120
2500,42,0.718142
2510,26,0.718156
2520,35,0.718174
2530,38,0.718194
2540,36,0.718213
2550,40,0.718234
2560,36,0.718253
2570,36,0.718272
2580,32,0.718289
2590,41,0.718311
2600,31,0.718327
2610,42,0.718349
2620,43,0.718372
2630,34,0.718390
2640,38,0.718410
2650,46,0.718434
2660,46,0.718458
2670,36,0.718477
2680,30,0.718493
2690,42,0.718515
2700,41,0.718536
2710,42,0.718559
2720,44,0.718582
2730,42,0.718604
2740,45,0.718628
2750,35,0.718646
2760,42,0.718668
2770,48,0.718693
2780,37,0.718713
2790,45,0.718736
2800,41,0.718758
2810,32,0.718775
2820,37,0.718794
2830,44,0.718818
2840,49,0.718843
2850,35,0.718862
2860,42,0.718884
2870,40,0.718905
2880,52,0.718932
2890,40,0.718953
2900,45,0.718977
2910,44,0.719000
2920,31,0.719016
2930,41,0.719038
2940,36,0.719057
2950,51,0.719084
2960,30,0.719100
2970,36,0.719119
2980,46,0.719143
2990,43,0.719165
3000,36,0.719184
3010,47,0.719209
3020,40,0.719230
3030,46,0.719254
3040,43,0.719277
3050,44,0.719300
3060,37,0.719320
3070,44,0.719343
3080,42,0.719365
3090,39,0.719385
3100,48,0.719411
3110,39,0.719431
3120,42,0.719453
3130,43,0.719476
3140,37,0.719495
3150,36,0.719514
3160,43,0.719537
3170,37,0.719556
3180,41,0.719578
3190,23,0.719590
3200,50,0.719616
3210,44,0.719640
3220,43,0.719662
3230,34,0.719680
3240,34,0.719698
3250,43,0.719721
3260,46,0.719745
3270,36,0.719764
3280,32,0.719781
3290,32,0.719797
3300,42,0.719819
3310,32,0.719836
3320,46,0.719861
3330,39,0.719881
3340,31,0.719897
3350,41,0.719919
3360,47,0.719944
3370,52,0.719971
3380,31,0.719987
3390,36,0.720006
3400,43,0.720029
3410,43,0.720052
3420,39,0.720072
3430,44,0.720095
3440,49,0.720121
3450,33,0.720138
3460,47,0.720163
3470,38,0.720183
3480,43,0.720206
3490,38,0.720226
3500,44,0.720249
3510,39,0.720269
3520,40,0.720290
3530,46,0.720315
3540,33,0.720332
3550,26,0.720346
3560,42,0.720368
3570,41,0.720389
3580,44,0.720413
3590,34,0.720430
3600,44,0.720454
3610,42,0.720476
3620,53,0.720504
3630,44,0.720527
3640,51,0.720554
3650,44,0.720577
3660,48,0.720602
3670,44,0.720625
3680,40,0.720646
3690,50,0.720673
3700,48,0.720698
3710,71,0.720735
3720,58,0.720766
3730,48,0.720791
3740,64,0.720825
3750,54,0.720853
3760,41,0.720875
3770,46,0.720899
3780,50,0.720925
3790,61,0.720957
3800,59,0.720988
3810,59,0.721019
3820,62,0.721052
3830,65,0.721086
3840,62,0.721119
3850,59,0.721150
3860,70,0.721187
3870,71,0.721224
3880,59,0.721255
3890,71,0.721292
3900,75,0.721332
3910,85,0.721377
3920,79,0.721418
3930,79,0.721460
3940,100,0.721512
3950,84,0.721557
3960,98,0.721608
3970,98,0.721660
3980,99,0.721712
3990,105,0.721767
4000,110,0.721825
4010,117,0.721887
4020,120,0.721950
4030,147,0.722027
4040,150,0.722106
4050,129,0.722174
4060,138,0.722247
4070,184,0.722343
4080,156,0.722426
4090,161,0.722510
4100,210,0.722621
4110,204,0.722728
4120,181,0.722823
4130,209,0.722933
4140,215,0.723046
4150,227,0.723166
4160,211,0.723277
4170,231,0.723399
4180,237,0.723523
4190,224,0.723641
4200,263,0.723780
4210,234,0.723903
4220,259,0.724039
4230,256,0.724174
4240,283,0.724323
4250,289,0.724475
4260,290,0.724627
4270,258,0.724763
4280,300,0.724921
4290,307,0.725083
4300,283,0.725231
4310,321,0.725400
4320,362,0.725591
4330,331,0.725765
4340,377,0.725964
4350,368,0.726157
4360,397,0.726366
4370,352,0.726551
4380,406,0.726765
4390,381,0.726965
4400,432,0.727193
4410,417,0.727412
4420,434,0.727641
4430,471,0.727889
4440,467,0.728134
4450,438,0.728365
4460,481,0.728618
4470,512,0.728887
4480,510,0.729156
4490,494,0.729416
4500,524,0.729692
4510,492,0.729950
4520,540,0.730235
4530,540,0.730519
4540,536,0.730801
4550,549,0.731090
4560,520,0.731363
4570,564,0.731660
4580,525,0.731936
4590,602,0.732253
4600,574,0.732555
4610,583,0.732862
4620,591,0.733173
4630,578,0.733477
4640,594,0.733790
4650,608,0.734110
4660,614,0.734433
4670,617,0.734758
4680,583,0.735065
4690,608,0.735384
4700,569,0.735684
4710,652,0.736027
4720,619,0.736353
4730,654,0.736697
4740,639,0.737033
4750,619,0.737359
4760,642,0.737697
4770,580,0.738002
4780,619,0.738328
4790,626,0.738657
4800,621,0.738984
4810,661,0.739332
4820,667,0.739683
4830,654,0.740027
4840,662,0.740375
4850,630,0.740707
4860,671,0.741060
4870,621,0.741387
4880,657,0.741733
4890,659,0.742079
4900,668,0.742431
4910,662,0.742779
4920,694,0.743145
4930,711,0.743519
4940,631,0.743851
4950,762,0.744252
4960,685,0.744612
4970,700,0.744981
4980,749,0.745375
4990,750,0.745770
5000,728,0.746153
5010,710,0.746526
5020,741,0.746916
5030,725,0.747298
5040,710,0.747671
5050,777,0.748080
5060,763,0.748482
5070,767,0.748886
5080,744,0.749277
5090,735,0.749664
5100,757,0.750062
5110,754,0.750459
5120,778,0.750868
5130,798,0.751288
5140,787,0.751703
5150,785,0.752116
5160,811,0.752542
5170,733,0.752928
5180,768,0.753332
5190,858,0.753784
5200,884,0.754249
5210,890,0.754717
5220,825,0.755152
5230,821,0.755584
5240,810,0.756010
5250,935,0.756502
5260,842,0.756945
5270,820,0.757377
5280,854,0.757826
5290,890,0.758294
5300,878,0.758756
5310,906,0.759233
5320,870,0.759691
5330,950,0.760191
5340,898,0.760664
5350,932,0.761154
5360,957,0.761658
5370,1022,0.762196
5380,1031,0.762738
5390,1011,0.763270
5400,1042,0.763819
5410,1061,0.764377
5420,964,0.764884
5430,1028,0.765425
5440,1068,0.765987
5450,1097,0.766564
5460,1080,0.767133
5470,1108,0.767716
5480,1134,0.768313
5490,1108,0.768896
5500,1165,0.769509
5510,1135,0.770106
5520,1124,0.770698
5530,1169,0.771313
5540,1227,0.771959
5550,1187,0.772583
5560,1283,0.773258
5570,1281,0.773933
5580,1253,0.774592
5590,1303,0.775278
5600,1334,0.775980
5610,1339,0.776684
5620,1317,0.777377
5630,1318,0.778071
5640,1378,0.778796
5650,1358,0.779511
5660,1329,0.780210
5670,1357,0.780924
5680,1321,0.781620
5690,1440,0.782377
5700,1385,0.783106
5710,1388,0.783837
5720,1482,0.784617
5730,1442,0.785375
5740,1536,0.786184
5750,1517,0.786982
5760,1517,0.787780
5770,1506,0.788573
5780,1549,0.789388
5790,1537,0.790197
5800,1636,0.791058
5810,1617,0.791909
5820,1595,0.792748
5830,1597,0.793589
5840,1697,0.794482
5850,1728,0.795391
5860,1685,0.796278
5870,1724,0.797185
5880,1783,0.798123
5890,1755,0.799047
5900,1718,0.799951
5910,1831,0.800915
5920,1799,0.801861
5930,1782,0.802799
5940,1783,0.803737
5950,1807,0.804688
5960,1832,0.805652
5970,1900,0.806652
5980,1977,0.807693
5990,1974,0.808732
6000,2031,0.809800
6010,1926,0.810814
6020,1991,0.811862
6030,2038,0.812934
6040,2006,0.813990
6050,2150,0.815121
6060,2119,0.816236
6070,2030,0.817305
6080,2141,0.818431
6090,2145,0.819560
6100,2098,0.820664
6110,2088,0.821763
6120,2130,0.822884
6130,2183,0.824033
6140,2202,0.825192
6150,2243,0.826372
6160,2349,0.827608
6170,2264,0.828800
6180,2358,0.830041
6190,2282,0.831242
6200,2305,0.832455
6210,2355,0.833694
6220,2364,0.834938
6230,2515,0.836262
6240,2449,0.837550
6250,2453,0.838841
6260,2493,0.840153
6270,2453,0.841444
6280,2538,0.842780
6290,2554,0.844124
6300,2512,0.845446
6310,2557,0.846791
6320,2569,0.848143
6330,2610,0.849517
6340,2580,0.850874
6350,2624,0.852255
6360,2529,0.853586
6370,2620,0.854965
6380,2633,0.856351
6390,2669,0.857755
6400,2619,0.859134
6410,2592,0.860498
6420,2748,0.861944
6430,2689,0.863359
6440,2632,0.864744
6450,2714,0.866172
6460,2743,0.867616
6470,2707,0.869040
6480,2689,0.870455
6490,2670,0.871860
6500,2754,0.873310
6510,2768,0.874766
6520,2833,0.876257
6530,2738,0.877698
6540,2626,0.879080
6550,2729,0.880516
6560,2660,0.881916
6570,2789,0.883384
6580,2679,0.884794
6590,2711,0.886220
6600,2615,0.887596
6610,2763,0.889050
6620,2621,0.890430
6630,2786,0.891896
6640,2682,0.893307
6650,2661,0.894708
6660,2723,0.896141
6670,2669,0.897545
6680,2631,0.898930
6690,2668,0.900334
6700,2721,0.901766
6710,2648,0.903159
6720,2603,0.904529
6730,2570,0.905882
6740,2522,0.907209
6750,2682,0.908620
6760,2546,0.909960
6770,2571,0.911313
6780,2489,0.912623
6790,2503,0.913940
6800,2517,0.915265
6810,2442,0.916550
6820,2468,0.917849
6830,2433,0.919129
6840,2435,0.920410
6850,2406,0.921677
6860,2411,0.922945
6870,2316,0.924164
6880,2310,0.925380
6890,2356,0.926620
6900,2361,0.927862
6910,2338,0.929093
6920,2231,0.930267
6930,2173,0.931410
6940,2155,0.932544
6950,2158,0.933680
6960,2183,0.934829
6970,2108,0.935938
6980,2028,0.937005
6990,2099,0.938110
7000,2080,0.939205
7010,2062,0.940290
7020,2045,0.941366
7030,1969,0.942402
7040,1983,0.943446
7050,1897,0.944444
7060,1911,0.945450
7070,1859,0.946428
7080,1846,0.947399
7090,1834,0.948365
7100,1799,0.949311
7110,1793,0.950255
7120,1816,0.951210
7130,1660,0.952084
7140,1649,0.952952
7150,1708,0.953851
7160,1581,0.954683
7170,1615,0.955533
7180,1479,0.956311
7190,1555,0.957129
7200,1565,0.957953
7210,1509,0.958747
7220,1422,0.959495
7230,1379,0.960221
7240,1374,0.960944
7250,1316,0.961637
7260,1268,0.962304
7270,1300,0.962988
7280,1213,0.963626
7290,1218,0.964267
7300,1179,0.964888
7310,1161,0.965499
7320,1179,0.966119
7330,1132,0.966715
7340,1025,0.967254
7350,1093,0.967830
7360,1068,0.968392
7370,988,0.968912
7380,1068,0.969474
7390,1027,0.970014
7400,962,0.970520
7410,954,0.971022
7420,964,0.971530
7430,886,0.971996
7440,894,0.972466
7450,838,0.972907
7460,869,0.973365
7470,840,0.973807
7480,833,0.974245
7490,749,0.974639
7500,767,0.975043
7510,728,0.975426
7520,734,0.975812
7530,752,0.976208
7540,675,0.976563
7550,686,0.976924
7560,669,0.977276
7570,670,0.977629
7580,573,0.977930
7590,601,0.978247
7600,607,0.978566
7610,604,0.978884
7620,580,0.979189
7630,578,0.979493
7640,545,0.979780
7650,536,0.980062
7660,499,0.980325
7670,496,0.980586
7680,487,0.980842
7690,485,0.981098
7700,478,0.981349
7710,412,0.981566
7720,447,0.981801
7730,406,0.982015
7740,382,0.982216
7750,404,0.982428
7760,425,0.982652
7770,359,0.982841
7780,363,0.983032
7790,337,0.983209
7800,354,0.983396
7810,339,0.983574
7820,329,0.983747
7830,318,0.983915
7840,323,0.984084
7850,291,0.984238
7860,288,0.984389
7870,303,0.984549
7880,302,0.984708
7890,248,0.984838
7900,237,0.984963
7910,269,0.985104
7920,230,0.985225
7930,221,0.985342
7940,225,0.985460
7950,219,0.985575
7960,224,0.985693
7970,227,0.985813
7980,219,0.985928
7990,216,0.986042
8000,202,0.986148
8010,203,0.986255
8020,206,0.986363
8030,170,0.986453
8040,176,0.986545
8050,193,0.986647
8060,203,0.986754
8070,166,0.986841
8080,166,0.986928
8090,169,0.987017
8100,153,0.987098
8110,140,0.987172
8120,160,0.987256
8130,164,0.987342
8140,153,0.987423
8150,140,0.987496
8160,153,0.987577
8170,142,0.987651
8180,148,0.987729
8190,133,0.987799
8200,124,0.987865
8210,117,0.987926
8220,128,0.987994
8230,137,0.988066
8240,126,0.988132
8250,116,0.988193
8260,119,0.988256
8270,110,0.988313
8280,106,0.988369
8290,123,0.988434
8300,111,0.988492
8310,114,0.988552
8320,119,0.988615
8330,105,0.988670
8340,101,0.988723
8350,98,0.988775
8360,101,0.988828
8370,113,0.988888
8380,86,0.988933
8390,81,0.988976
8400,82,0.989019
8410,104,0.989073
8420,103,0.989128
8430,80,0.989170
8440,89,0.989217
8450,81,0.989259
8460,85,0.989304
8470,82,0.989347
8480,75,0.989386
8490,75,0.989426
8500,90,0.989473
8510,89,0.989520
8520,80,0.989562
8530,69,0.989599
8540,77,0.989639
8550,80,0.989681
8560,85,0.989726
8570,75,0.989765
8580,66,0.989800
8590,67,0.989835
8600,58,0.989866
8610,58,0.989896
8620,65,0.989931
8630,71,0.989968
8640,61,0.990000
8650,69,0.990036
8660,67,0.990072
8670,71,0.990109
8680,56,0.990139
8690,64,0.990172
8700,62,0.990205
8710,57,0.990235
8720,49,0.990261
8730,61,0.990293
8740,54,0.990321
8750,57,0.990351
8760,57,0.990381
8770,63,0.990414
8780,52,0.990442
8790,55,0.990471
8800,63,0.990504
8810,39,0.990524
8820,57,0.990554
8830,59,0.990585
8840,58,0.990616
8850,44,0.990639
8860,55,0.990668
8870,48,0.990693
8880,53,0.990721
8890,43,0.990744
8900,53,0.990772
8910,44,0.990795
8920,43,0.990817
8930,44,0.990841
8940,43,0.990863
8950,51,0.990890
8960,50,0.990916
8970,45,0.990940
8980,37,0.990959
8990,47,0.990984
9000,43,0.991007
9010,37,0.991026
9020,42,0.991048
9030,47,0.991073
9040,52,0.991101
9050,49,0.991126
9060,37,0.991146
9070,39,0.991166
9080,32,0.991183
9090,40,0.991204
9100,25,0.991217
9110,38,0.991237
9120,40,0.991258
9130,42,0.991280
9140,40,0.991302
9150,29,0.991317
9160,43,0.991339
9170,34,0.991357
9180,47,0.991382
9190,32,0.991399
9200,33,0.991416
9210,31,0.991433
9220,50,0.991459
9230,28,0.991474
9240,30,0.991489
9250,38,0.991509
9260,40,0.991530
9270,24,0.991543
9280,42,0.991565
9290,40,0.991586
9300,28,0.991601
9310,33,0.991618
9320,30,0.991634
9330,33,0.991652
9340,32,0.991668
9350,29,0.991684
9360,27,0.991698
9370,25,0.991711
9380,30,0.991727
9390,38,0.991747
9400,22,0.991758
9410,32,0.991775
9420,38,0.991795
9430,33,0.991813
9440,21,0.991824
9450,28,0.991838
9460,25,0.991852
9470,34,0.991869
9480,39,0.991890
9490,24,0.991903
9500,37,0.991922
9510,34,0.991940
9520,39,0.991960
9530,33,0.991978
9540,15,0.991986
9550,32,0.992003
9560,26,0.992016
9570,25,0.992029
9580,26,0.992043
9590,35,0.992061
9600,22,0.992073
9610,26,0.992087
9620,35,0.992105
9630,23,0.992117
9640,27,0.992131
9650,29,0.992147
9660,26,0.992160
9670,31,0.992177
9680,30,0.992193
9690,26,0.992206
9700,38,0.992226
9710,23,0.992238
9720,40,0.992259
9730,23,0.992271
9740,32,0.992288
9750,26,0.992302
9760,22,0.992314
9770,50,0.992340
9780,32,0.992357
9790,26,0.992370
9800,21,0.992381
9810,28,0.992396
9820,30,0.992412
9830,27,0.992426
9840,37,0.992446
9850,25,0.992459
9860,48,0.992484
9870,41,0.992506
9880,24,0.992518
9890,32,0.992535
9900,41,0.992557
9910,37,0.992576
9920,30,0.992592
9930,29,0.992607
9940,29,0.992622
9950,34,0.992640
9960,31,0.992657
9970,27,0.992671
9980,38,0.992691
9990,44,0.992714
10000,33,0.992731
10010,39,0.992752
10020,33,0.992769
10030,38,0.992789
10040,35,0.992808
10050,46,0.992832
10060,56,0.992861
10070,38,0.992881
10080,40,0.992902
10090,43,0.992925
10100,41,0.992947
10110,44,0.992970
10120,44,0.992993
10130,42,0.993015
10140,40,0.993036
10150,43,0.993059
10160,40,0.993080
10170,44,0.993103
10180,48,0.993128
10190,42,0.993150
10200,38,0.993170
10210,48,0.993196
10220,62,0.993228
10230,43,0.993251
10240,62,0.993283
10250,45,0.993307
10260,45,0.993331
10270,54,0.993359
10280,44,0.993382
10290,59,0.993413
10300,48,0.993439
10310,49,0.993464
10320,63,0.993498
10330,46,0.993522
10340,58,0.993552
10350,58,0.993583
10360,41,0.993604
10370,51,0.993631
10380,54,0.993660
10390,55,0.993689
10400,58,0.993719
10410,50,0.993746
10420,55,0.993774
10430,56,0.993804
10440,56,0.993833
10450,57,0.993863
10460,64,0.993897
10470,48,0.993922
10480,70,0.993959
10490,49,0.993985
10500,66,0.994020
10510,53,0.994048
10520,72,0.994085
10530,60,0.994117
10540,59,0.994148
10550,47,0.994173
10560,44,0.994196
10570,67,0.994231
10580,64,0.994265
10590,56,0.994294
10600,59,0.994325
10610,58,0.994356
10620,62,0.994389
10630,67,0.994424
10640,76,0.994464
10650,70,0.994501
10660,77,0.994541
10670,66,0.994576
10680,69,0.994612
10690,62,0.994645
10700,72,0.994683
10710,70,0.994720
10720,62,0.994752
10730,70,0.994789
10740,75,0.994829
10750,72,0.994866
10760,68,0.994902
10770,69,0.994938
10780,87,0.994984
10790,63,0.995017
10800,77,0.995058
10810,87,0.995104
10820,66,0.995138
10830,80,0.995181
10840,75,0.995220
10850,55,0.995249
10860,84,0.995293
10870,72,0.995331
10880,75,0.995371
10890,76,0.995411
10900,82,0.995454
10910,89,0.995501
10920,67,0.995536
10930,82,0.995579
10940,97,0.995630
10950,76,0.995670
10960,68,0.995706
10970,81,0.995748
10980,76,0.995788
10990,74,0.995827
11000,66,0.995862
11010,70,0.995899
11020,89,0.995946
11030,72,0.995984
11040,68,0.996019
11050,79,0.996061
11060,74,0.996100
11070,69,0.996136
11080,80,0.996178
11090,64,0.996212
11100,80,0.996254
11110,62,0.996287
11120,62,0.996319
11130,73,0.996358
11140,66,0.996393
11150,77,0.996433
11160,82,0.996476
11170,64,0.996510
11180,65,0.996544
11190,74,0.996583
11200,72,0.996621
11210,73,0.996659
11220,81,0.996702
11230,78,0.996743
11240,60,0.996775
11250,75,0.996814
11260,73,0.996852
11270,89,0.996899
11280,72,0.996937
11290,68,0.996973
11300,71,0.997010
11310,70,0.997047
11320,67,0.997082
11330,73,0.997121
11340,67,0.997156
11350,81,0.997199
11360,60,0.997230
11370,71,0.997268
11380,70,0.997305
11390,48,0.997330
11400,69,0.997366
11410,58,0.997397
11420,67,0.997432
11430,60,0.997463
11440,46,0.997488
11450,63,0.997521
11460,68,0.997557
11470,48,0.997582
11480,59,0.997613
11490,52,0.997640
11500,48,0.997666
11510,45,0.997689
11520,60,0.997721
11530,64,0.997754
11540,47,0.997779
11550,42,0.997801
11560,46,0.997826
11570,65,0.997860
11580,44,0.997883
11590,44,0.997906
11600,46,0.997930
11610,56,0.997960
11620,46,0.997984
11630,38,0.998004
11640,37,0.998023
11650,42,0.998046
11660,54,0.998074
11670,39,0.998094
11680,42,0.998117
11690,49,0.998142
11700,43,0.998165
11710,46,0.998189
11720,46,0.998213
11730,39,0.998234
11740,34,0.998252
11750,31,0.998268
11760,40,0.998289
11770,38,0.998309
11780,35,0.998328
11790,37,0.998347
11800,27,0.998361
11810,27,0.998375
11820,29,0.998391
11830,42,0.998413
11840,26,0.998426
11850,34,0.998444
11860,29,0.998460
11870,30,0.998475
11880,32,0.998492
11890,35,0.998511
11900,37,0.998530
11910,29,0.998545
11920,29,0.998561
11930,33,0.998578
11940,25,0.998591
11950,23,0.998603
11960,35,0.998622
11970,27,0.998636
11980,26,0.998650
11990,19,0.998660
12000,24,0.998672
12010,32,0.998689
12020,25,0.998702
12030,34,0.998720
12040,21,0.998731
12050,20,0.998742
12060,22,0.998753
12070,25,0.998766
12080,26,0.998780
12090,27,0.998794
12100,24,0.998807
12110,17,0.998816
12120,19,0.998826
12130,24,0.998839
12140,18,0.998848
12150,18,0.998857
12160,12,0.998864
12170,11,0.998870
12180,18,0.998879
12190,17,0.998888
12200,26,0.998902
12210,21,0.998913
12220,10,0.998918
12230,19,0.998928
12240,20,0.998939
12250,20,0.998949
12260,13,0.998956
12270,17,0.998965
12280,17,0.998974
12290,20,0.998984
12300,12,0.998991
12310,13,0.998998
12320,18,0.999007
12330,15,0.999015
12340,19,0.999025
12350,15,0.999033
12360,12,0.999039
12370,13,0.999046
12380,12,0.999052
12390,9,0.999057
12400,9,0.999062
12410,9,0.999066
12420,7,0.999070
12430,7,0.999074
12440,17,0.999083
12450,14,0.999090
12460,12,0.999096
12470,12,0.999103
12480,7,0.999106
12490,12,0.999113
12500,8,0.999117
12510,6,0.999120
12520,13,0.999127
12530,10,0.999132
12540,8,0.999136
12550,7,0.999140
12560,11,0.999146
12570,12,0.999152
12580,9,0.999157
12590,6,0.999160
12600,10,0.999165
12610,14,0.999173
12620,5,0.999175
12630,8,0.999180
12640,9,0.999184
12650,8,0.999189
12660,8,0.999193
12670,9,0.999197
12680,6,0.999201
12690,7,0.999204
12700,4,0.999206
12710,5,0.999209
12720,5,0.999212
12730,2,0.999213
12740,14,0.999220
12750,8,0.999224
12760,10,0.999230
12770,6,0.999233
12780,7,0.999236
12790,10,0.999242
12800,6,0.999245
12810,5,0.999247
12820,9,0.999252
12830,9,0.999257
12840,5,0.999260
12850,10,0.999265
12860,5,0.999267
12870,5,0.999270
12880,6,0.999273
12890,8,0.999277
12900,6,0.999281
12910,5,0.999283
12920,6,0.999286
12930,3,0.999288
12950,5,0.999291
12960,12,0.999297
12970,1,0.999297
12980,8,0.999302
12990,5,0.999304
13000,6,0.999307
13010,2,0.999309
13020,5,0.999311
13030,7,0.999315
13040,5,0.999317
13050,3,0.999319
13060,5,0.999322
13070,7,0.999325
13080,5,0.999328
13100,4,0.999330
13110,5,0.999333
13120,4,0.999335
13130,7,0.999339
13140,9,0.999343
13150,3,0.999345
13160,5,0.999347
13170,7,0.999351
13180,8,0.999355
13190,6,0.999358
13200,4,0.999361
13210,8,0.999365
13220,8,0.999369
13230,5,0.999372
13240,7,0.999375
13250,7,0.999379
13260,2,0.999380
13270,5,0.999383
13280,4,0.999385
13290,1,0.999385
13300,12,0.999392
13310,9,0.999396
13320,4,0.999398
13330,6,0.999402
13340,5,0.999404
13350,5,0.999407
13360,4,0.999409
13370,5,0.999412
13380,2,0.999413
13390,8,0.999417
13400,3,0.999418
13410,1,0.999419
13420,5,0.999422
13430,5,0.999424
13440,8,0.999429
13450,7,0.999432
13460,1,0.999433
13470,5,0.999435
13480,6,0.999438
13490,3,0.999440
13500,13,0.999447
13510,6,0.999450
13520,8,0.999454
13530,6,0.999457
13540,5,0.999460
13550,8,0.999464
13560,9,0.999469
13570,7,0.999473
13580,6,0.999476
13590,6,0.999479
13600,4,0.999481
13610,6,0.999484
13620,4,0.999486
13630,2,0.999487
13640,5,0.999490
13650,6,0.999493
13660,9,0.999498
13670,7,0.999502
13680,6,0.999505
13690,5,0.999507
13700,5,0.999510
13710,3,0.999512
13720,3,0.999513
13730,7,0.999517
13740,4,0.999519
13750,4,0.999521
13760,4,0.999523
13770,4,0.999525
13780,3,0.999527
13790,8,0.999531
13800,3,0.999533
13810,6,0.999536
13820,7,0.999540
13830,5,0.999542
13840,6,0.999545
13850,3,0.999547
13860,12,0.999553
13870,5,0.999556
13880,8,0.999560
13890,5,0.999563
13900,5,0.999565
13910,5,0.999568
13920,8,0.999572
13930,5,0.999575
13940,9,0.999580
13950,9,0.999584
13960,5,0.999587
13970,6,0.999590
13980,5,0.999593
13990,7,0.999596
14000,12,0.999603
14010,8,0.999607
14020,8,0.999611
14030,6,0.999614
14040,7,0.999618
14050,6,0.999621
14060,5,0.999624
14070,4,0.999626
14080,5,0.999628
14090,10,0.999634
14100,5,0.999636
14110,5,0.999639
14120,6,0.999642
14130,8,0.999646
14140,6,0.999650
14150,9,0.999654
14160,8,0.999658
14170,7,0.999662
14180,11,0.999668
14190,7,0.999672
14200,8,0.999676
14210,6,0.999679
14220,8,0.999683
14230,5,0.999686
14240,4,0.999688
14250,8,0.999692
14260,3,0.999694
14270,6,0.999697
14280,8,0.999701
14290,8,0.999705
14300,6,0.999708
14310,10,0.999714
14320,6,0.999717
14330,4,0.999719
14340,11,0.999725
14350,7,0.999728
14360,6,0.999732
14370,5,0.999734
14380,8,0.999738
14390,5,0.999741
14400,5,0.999744
14410,9,0.999748
14420,6,0.999752
14430,5,0.999754
14440,7,0.999758
14450,12,0.999764
14460,6,0.999767
14470,4,0.999770
14480,5,0.999772
14490,12,0.999778
14500,10,0.999784
14510,2,0.999785
14520,7,0.999788
14530,7,0.999792
14540,5,0.999795
14550,3,0.999796
14560,7,0.999800
14570,5,0.999803
14580,8,0.999807
14590,3,0.999808
14600,4,0.999811
14610,7,0.999814
14620,7,0.999818
14630,4,0.999820
14640,8,0.999824
14650,2,0.999825
14660,5,0.999828
14670,6,0.999831
14680,2,0.999832
14690,3,0.999834
14700,7,0.999837
14710,10,0.999843
14720,7,0.999846
14730,4,0.999848
14740,2,0.999849
14750,3,0.999851
14760,4,0.999853
14770,5,0.999856
14780,3,0.999857
14790,9,0.999862
14800,5,0.999865
14810,4,0.999867
14820,7,0.999871
14830,7,0.999874
14840,4,0.999876
14850,1,0.999877
14860,3,0.999878
14870,10,0.999884
14880,6,0.999887
14890,2,0.999888
14900,1,0.999888
14920,4,0.999891
14930,7,0.999894
14940,1,0.999895
14950,3,0.999896
14960,6,0.999900
14970,6,0.999903
14980,3,0.999904
14990,4,0.999906
15000,6,0.999909
15010,4,0.999912
15030,3,0.999913
15040,5,0.999916
15050,5,0.999918
15060,2,0.999919
15080,2,0.999921
15090,2,0.999922
15100,3,0.999923
15110,5,0.999926
15130,1,0.999926
15150,6,0.999929
15160,3,0.999931
15170,1,0.999932
15180,1,0.999932
15190,1,0.999933
15200,2,0.999934
15210,1,0.999934
15220,7,0.999938
15230,3,0.999940
15240,1,0.999940
15260,2,0.999941
15270,3,0.999943
15280,2,0.999944
15300,2,0.999945
15310,1,0.999945
15320,6,0.999948
15330,2,0.999949
15340,1,0.999950
15350,3,0.999952
15360,3,0.999953
15370,3,0.999955
15380,3,0.999956
15390,2,0.999957
15400,3,0.999959
15420,1,0.999959
15430,1,0.999960
15440,2,0.999961
15460,2,0.999962
15480,1,0.999963
15490,3,0.999964
15500,3,0.999966
15510,1,0.999966
15520,1,0.999967
15540,2,0.999968
15570,1,0.999968
15580,2,0.999969
15590,1,0.999970
15630,2,0.999971
15640,2,0.999972
15660,2,0.999973
15670,1,0.999974
15680,1,0.999974
15690,2,0.999975
15700,2,0.999976
15710,2,0.999977
15720,1,0.999978
15740,1,0.999978
15750,1,0.999979
15770,1,0.999979
15780,1,0.999980
15800,1,0.999981
15810,1,0.999981
15840,1,0.999982
15850,1,0.999982
15860,1,0.999983
15920,2,0.999984
15950,1,0.999984
16000,1,0.999985
16020,2,0.999986
16040,1,0.999986
16150,1,0.999987
16160,1,0.999987
16410,1,0.999988
16480,1,0.999988
16510,1,0.999989
16610,1,0.999989
16750,1,0.999990
18640,1,0.999991
34840,1,0.999991
35850,1,0.999992
36050,1,0.999992
36180,1,0.999993
37780,1,0.999993
40710,1,0.999994
40800,1,0.999994
43470,1,0.999995
46440,1,0.999995
46810,1,0.999996
46840,1,0.999996
47330,1,0.999997
48650,1,0.999997
52550,1,0.999998
57470,1,0.999998
63380,1,0.999999
64500,1,0.999999
65010,1,1.000000
