#latency,cnt,cdf
0,4,0.000004
10,7,0.000011
20,140,0.000151
30,97,0.000248
40,7,0.000255
70,8,0.000263
80,26,0.000289
90,322,0.000610
100,833,0.001443
110,5583,0.007020
120,7789,0.014801
130,8458,0.023251
140,90763,0.113922
150,119929,0.233730
160,32395,0.266093
170,55932,0.321968
180,134527,0.456360
190,28323,0.484654
200,5487,0.490135
210,5866,0.495996
220,17991,0.513968
230,101893,0.615759
240,54372,0.670076
250,30708,0.700753
260,7066,0.707812
270,3721,0.711529
280,3562,0.715087
290,1516,0.716602
300,1033,0.717634
310,767,0.718400
320,634,0.719033
330,510,0.719543
340,419,0.719962
350,342,0.720303
360,268,0.720571
370,234,0.720805
380,196,0.721000
390,160,0.721160
400,143,0.721303
410,167,0.721470
420,213,0.721683
430,118,0.721801
440,90,0.721891
450,64,0.721955
460,57,0.722012
470,70,0.722081
480,59,0.722140
490,58,0.722198
500,59,0.722257
510,69,0.722326
520,60,0.722386
530,75,0.722461
540,76,0.722537
550,62,0.722599
560,81,0.722680
570,84,0.722764
580,83,0.722847
590,72,0.722919
600,79,0.722997
610,70,0.723067
620,67,0.723134
630,63,0.723197
640,56,0.723253
650,40,0.723293
660,50,0.723343
670,51,0.723394
680,36,0.723430
690,52,0.723482
700,41,0.723523
710,40,0.723563
720,38,0.723601
730,35,0.723636
740,45,0.723681
750,40,0.723721
760,52,0.723773
770,41,0.723814
780,46,0.723860
790,35,0.723895
800,34,0.723929
810,25,0.723954
820,42,0.723996
830,35,0.724030
840,47,0.724077
850,40,0.724117
860,48,0.724165
870,29,0.724194
880,55,0.724249
890,40,0.724289
900,49,0.724338
910,44,0.724382
920,53,0.724435
930,48,0.724483
940,40,0.724523
950,40,0.724563
960,84,0.724647
970,52,0.724699
980,46,0.724745
990,54,0.724799
1000,46,0.724845
1010,65,0.724910
1020,51,0.724961
1030,53,0.725013
1040,50,0.725063
1050,27,0.725090
1060,34,0.725124
1070,46,0.725170
1080,41,0.725211
1090,51,0.725262
1100,42,0.725304
1110,35,0.725339
1120,45,0.725384
1130,32,0.725416
1140,41,0.725457
1150,32,0.725489
1160,43,0.725532
1170,42,0.725574
1180,37,0.725611
1190,30,0.725641
1200,23,0.725664
1210,37,0.725701
1220,31,0.725732
1230,19,0.725751
1240,28,0.725779
1250,26,0.725805
1260,30,0.725835
1270,33,0.725868
1280,31,0.725899
1290,28,0.725927
1300,34,0.725960
1310,27,0.725987
1320,23,0.726010
1330,21,0.726031
1340,22,0.726053
1350,28,0.726081
1360,37,0.726118
1370,29,0.726147
1380,30,0.726177
1390,32,0.726209
1400,34,0.726243
1410,33,0.726276
1420,34,0.726310
1430,32,0.726342
1440,27,0.726369
1450,25,0.726394
1460,21,0.726415
1470,26,0.726441
1480,37,0.726478
1490,30,0.726508
1500,44,0.726552
1510,32,0.726584
1520,27,0.726611
1530,31,0.726642
1540,29,0.726671
1550,21,0.726692
1560,32,0.726724
1570,47,0.726771
1580,40,0.726811
1590,37,0.726848
1600,32,0.726880
1610,28,0.726908
1620,37,0.726945
1630,45,0.726989
1640,19,0.727008
1650,27,0.727035
1660,34,0.727069
1670,34,0.727103
1680,24,0.727127
1690,26,0.727153
1700,33,0.727186
1710,36,0.727222
1720,16,0.727238
1730,25,0.727263
1740,30,0.727293
1750,34,0.727327
1760,34,0.727361
1770,30,0.727391
1780,24,0.727415
1790,25,0.727440
1800,40,0.727480
1810,26,0.727506
1820,25,0.727531
1830,40,0.727571
1840,27,0.727598
1850,36,0.727634
1860,28,0.727662
1870,33,0.727695
1880,32,0.727727
1890,40,0.727767
1900,25,0.727792
1910,29,0.727821
1920,34,0.727855
1930,30,0.727885
1940,32,0.727917
1950,23,0.727939
1960,24,0.727964
1970,34,0.727997
1980,34,0.728031
1990,26,0.728057
2000,36,0.728093
2010,23,0.728116
2020,34,0.728150
2030,31,0.728181
2040,27,0.728208
2050,31,0.728239
2060,24,0.728263
2070,31,0.728294
2080,31,0.728325
2090,38,0.728363
2100,26,0.728389
2110,26,0.728415
2120,35,0.728450
2130,24,0.728474
2140,25,0.728499
2150,35,0.728534
2160,29,0.728563
2170,30,0.728593
2180,37,0.728630
2190,36,0.728666
2200,25,0.728691
2210,32,0.728723
2220,27,0.728750
2230,30,0.728780
2240,30,0.728810
2250,34,0.728844
2260,32,0.728876
2270,32,0.728908
2280,26,0.728934
2290,27,0.728960
2300,27,0.728987
2310,29,0.729016
2320,32,0.729048
2330,18,0.729066
2340,24,0.729090
2350,28,0.729118
2360,24,0.729142
2370,29,0.729171
2380,34,0.729205
2390,23,0.729228
2400,21,0.729249
2410,24,0.729273
2420,30,0.729303
2430,28,0.729331
2440,37,0.729368
2450,34,0.729402
2460,47,0.729449
2470,34,0.729483
2480,26,0.729509
2490,22,0.729531
2500,20,0.729551
2510,30,0.729581
2520,24,0.729605
2530,29,0.729634
2540,44,0.729678
2550,32,0.729710
2560,37,0.729747
2570,31,0.729778
2580,24,0.729802
2590,31,0.729833
2600,27,0.729860
2610,26,0.729886
2620,25,0.729910
2630,23,0.729934
2640,29,0.729962
2650,34,0.729996
2660,26,0.730022
2670,26,0.730048
2680,24,0.730072
2690,24,0.730096
2700,24,0.730120
2710,29,0.730149
2720,18,0.730167
2730,28,0.730195
2740,23,0.730218
2750,32,0.730250
2760,27,0.730277
2770,26,0.730303
2780,23,0.730326
2790,26,0.730352
2800,25,0.730377
2810,27,0.730404
2820,27,0.730431
2830,35,0.730466
2840,27,0.730493
2850,35,0.730528
2860,23,0.730551
2870,23,0.730574
2880,29,0.730603
2890,19,0.730622
2900,17,0.730639
2910,24,0.730663
2920,28,0.730691
2930,27,0.730718
2940,34,0.730752
2950,34,0.730786
2960,32,0.730818
2970,32,0.730850
2980,32,0.730882
2990,22,0.730904
3000,25,0.730928
3010,26,0.730954
3020,29,0.730983
3030,33,0.731016
3040,33,0.731049
3050,23,0.731072
3060,26,0.731098
3070,36,0.731134
3080,26,0.731160
3090,33,0.731193
3100,29,0.731222
3110,19,0.731241
3120,31,0.731272
3130,19,0.731291
3140,25,0.731316
3150,24,0.731340
3160,30,0.731370
3170,24,0.731394
3180,23,0.731417
3190,28,0.731445
3200,27,0.731472
3210,32,0.731504
3220,32,0.731536
3230,27,0.731563
3240,30,0.731593
3250,26,0.731619
3260,28,0.731647
3270,20,0.731667
3280,26,0.731693
3290,26,0.731719
3300,33,0.731752
3310,36,0.731788
3320,18,0.731806
3330,26,0.731832
3340,33,0.731865
3350,25,0.731890
3360,18,0.731907
3370,29,0.731936
3380,32,0.731968
3390,18,0.731986
3400,21,0.732007
3410,23,0.732030
3420,25,0.732055
3430,35,0.732090
3440,36,0.732126
3450,21,0.732147
3460,24,0.732171
3470,23,0.732194
3480,27,0.732221
3490,29,0.732250
3500,32,0.732282
3510,38,0.732320
3520,20,0.732340
3530,26,0.732366
3540,34,0.732400
3550,32,0.732432
3560,24,0.732456
3570,23,0.732479
3580,24,0.732503
3590,25,0.732528
3600,40,0.732568
3610,36,0.732604
3620,41,0.732645
3630,36,0.732681
3640,26,0.732707
3650,31,0.732738
3660,39,0.732777
3670,36,0.732813
3680,39,0.732852
3690,35,0.732886
3700,34,0.732920
3710,37,0.732957
3720,44,0.733001
3730,28,0.733029
3740,27,0.733056
3750,37,0.733093
3760,31,0.733124
3770,35,0.733159
3780,44,0.733203
3790,31,0.733234
3800,33,0.733267
3810,47,0.733314
3820,35,0.733349
3830,37,0.733386
3840,48,0.733434
3850,34,0.733468
3860,43,0.733511
3870,31,0.733542
3880,52,0.733594
3890,45,0.733639
3900,42,0.733681
3910,47,0.733728
3920,43,0.733771
3930,46,0.733817
3940,52,0.733869
3950,78,0.733946
3960,45,0.733991
3970,74,0.734065
3980,73,0.734138
3990,79,0.734217
4000,76,0.734293
4010,79,0.734372
4020,95,0.734467
4030,78,0.734545
4040,88,0.734633
4050,100,0.734733
4060,90,0.734823
4070,107,0.734929
4080,112,0.735041
4090,113,0.735154
4100,110,0.735264
4110,128,0.735392
4120,144,0.735536
4130,134,0.735670
4140,137,0.735807
4150,150,0.735956
4160,169,0.736125
4170,156,0.736281
4180,173,0.736454
4190,162,0.736616
4200,183,0.736799
4210,174,0.736972
4220,169,0.737141
4230,177,0.737318
4240,223,0.737541
4250,188,0.737729
4260,220,0.737948
4270,229,0.738177
4280,242,0.738419
4290,249,0.738668
4300,261,0.738928
4310,248,0.739176
4320,257,0.739433
4330,296,0.739729
4340,266,0.739994
4350,292,0.740286
4360,304,0.740590
4370,276,0.740865
4380,323,0.741188
4390,330,0.741518
4400,362,0.741879
4410,331,0.742210
4420,346,0.742556
4430,382,0.742937
4440,357,0.743294
4450,361,0.743655
4460,430,0.744084
4470,416,0.744500
4480,420,0.744919
4490,426,0.745345
4500,467,0.745811
4510,472,0.746283
4520,475,0.746758
4530,484,0.747241
4540,511,0.747752
4550,529,0.748280
4560,504,0.748783
4570,546,0.749329
4580,571,0.749899
4590,558,0.750457
4600,576,0.751032
4610,597,0.751629
4620,560,0.752188
4630,605,0.752792
4640,635,0.753427
4650,650,0.754076
4660,644,0.754719
4670,646,0.755365
4680,633,0.755997
4690,657,0.756654
4700,692,0.757345
4710,717,0.758061
4720,708,0.758768
4730,691,0.759459
4740,780,0.760238
4750,803,0.761040
4760,739,0.761778
4770,795,0.762573
4780,782,0.763354
4790,785,0.764138
4800,859,0.764996
4810,836,0.765831
4820,857,0.766687
4830,838,0.767525
4840,871,0.768395
4850,879,0.769273
4860,834,0.770106
4870,896,0.771001
4880,867,0.771867
4890,902,0.772768
4900,914,0.773681
4910,910,0.774590
4920,872,0.775462
4930,990,0.776451
4940,984,0.777434
4950,1019,0.778452
4960,975,0.779426
4970,989,0.780414
4980,997,0.781410
4990,1022,0.782431
5000,1043,0.783472
5010,1036,0.784507
5020,1025,0.785531
5030,1126,0.786656
5040,1023,0.787678
5050,1068,0.788745
5060,1061,0.789805
5070,1044,0.790848
5080,1113,0.791960
5090,1119,0.793078
5100,1147,0.794224
5110,1101,0.795323
5120,1171,0.796493
5130,1118,0.797610
5140,1149,0.798758
5150,1152,0.799909
5160,1122,0.801030
5170,1234,0.802263
5180,1227,0.803488
5190,1247,0.804734
5200,1179,0.805912
5210,1303,0.807214
5220,1226,0.808438
5230,1189,0.809626
5240,1214,0.810839
5250,1212,0.812050
5260,1251,0.813299
5270,1239,0.814537
5280,1288,0.815824
5290,1249,0.817072
5300,1264,0.818334
5310,1255,0.819588
5320,1254,0.820841
5330,1283,0.822122
5340,1302,0.823423
5350,1255,0.824677
5360,1300,0.825976
5370,1277,0.827251
5380,1331,0.828581
5390,1335,0.829915
5400,1316,0.831229
5410,1311,0.832539
5420,1325,0.833863
5430,1336,0.835197
5440,1297,0.836493
5450,1322,0.837814
5460,1349,0.839161
5470,1389,0.840549
5480,1360,0.841908
5490,1369,0.843275
5500,1347,0.844621
5510,1386,0.846005
5520,1352,0.847356
5530,1380,0.848735
5540,1392,0.850125
5550,1374,0.851498
5560,1394,0.852890
5570,1354,0.854243
5580,1389,0.855631
5590,1334,0.856963
5600,1400,0.858362
5610,1384,0.859744
5620,1385,0.861128
5630,1368,0.862495
5640,1378,0.863871
5650,1357,0.865227
5660,1444,0.866670
5670,1367,0.868035
5680,1371,0.869405
5690,1362,0.870765
5700,1307,0.872071
5710,1376,0.873446
5720,1353,0.874797
5730,1410,0.876206
5740,1358,0.877563
5750,1364,0.878925
5760,1451,0.880375
5770,1302,0.881675
5780,1319,0.882993
5790,1386,0.884378
5800,1421,0.885797
5810,1349,0.887145
5820,1337,0.888481
5830,1401,0.889880
5840,1288,0.891167
5850,1318,0.892483
5860,1356,0.893838
5870,1336,0.895173
5880,1304,0.896475
5890,1247,0.897721
5900,1345,0.899065
5910,1257,0.900321
5920,1228,0.901547
5930,1207,0.902753
5940,1256,0.904008
5950,1215,0.905222
5960,1288,0.906508
5970,1204,0.907711
5980,1149,0.908859
5990,1260,0.910118
6000,1216,0.911332
6010,1160,0.912491
6020,1171,0.913661
6030,1198,0.914858
6040,1175,0.916032
6050,1127,0.917158
6060,1153,0.918309
6070,1169,0.919477
6080,1175,0.920651
6090,1155,0.921805
6100,1126,0.922930
6110,1064,0.923993
6120,1051,0.925043
6130,1054,0.926096
6140,1106,0.927200
6150,1047,0.928246
6160,1011,0.929256
6170,1059,0.930314
6180,1062,0.931375
6190,997,0.932371
6200,978,0.933348
6210,1007,0.934354
6220,1044,0.935397
6230,950,0.936346
6240,977,0.937322
6250,978,0.938299
6260,935,0.939233
6270,911,0.940143
6280,918,0.941060
6290,928,0.941988
6300,902,0.942889
6310,893,0.943781
6320,849,0.944629
6330,845,0.945473
6340,836,0.946308
6350,834,0.947141
6360,825,0.947966
6370,829,0.948794
6380,767,0.949560
6390,786,0.950345
6400,802,0.951146
6410,753,0.951899
6420,762,0.952660
6430,753,0.953412
6440,794,0.954205
6450,681,0.954886
6460,715,0.955600
6470,726,0.956325
6480,686,0.957010
6490,709,0.957719
6500,686,0.958404
6510,627,0.959030
6520,674,0.959704
6530,662,0.960365
6540,588,0.960952
6550,558,0.961510
6560,581,0.962090
6570,616,0.962706
6580,569,0.963274
6590,564,0.963838
6600,554,0.964391
6610,586,0.964976
6620,555,0.965531
6630,537,0.966067
6640,528,0.966595
6650,521,0.967115
6660,506,0.967621
6670,509,0.968129
6680,492,0.968621
6690,497,0.969117
6700,470,0.969587
6710,451,0.970037
6720,406,0.970443
6730,428,0.970870
6740,465,0.971335
6750,390,0.971725
6760,448,0.972172
6770,421,0.972593
6780,382,0.972974
6790,417,0.973391
6800,391,0.973781
6810,420,0.974201
6820,365,0.974566
6830,375,0.974940
6840,376,0.975316
6850,351,0.975667
6860,330,0.975996
6870,330,0.976326
6880,315,0.976641
6890,317,0.976957
6900,316,0.977273
6910,304,0.977577
6920,315,0.977891
6930,257,0.978148
6940,287,0.978435
6950,277,0.978711
6960,281,0.978992
6970,280,0.979272
6980,278,0.979550
6990,276,0.979825
7000,253,0.980078
7010,233,0.980311
7020,265,0.980576
7030,212,0.980787
7040,220,0.981007
7050,229,0.981236
7060,183,0.981419
7070,198,0.981617
7080,209,0.981825
7090,214,0.982039
7100,191,0.982230
7110,213,0.982443
7120,203,0.982646
7130,187,0.982832
7140,159,0.982991
7150,176,0.983167
7160,178,0.983345
7170,164,0.983509
7180,138,0.983647
7190,180,0.983826
7200,158,0.983984
7210,147,0.984131
7220,169,0.984300
7230,153,0.984453
7240,148,0.984601
7250,161,0.984761
7260,135,0.984896
7270,143,0.985039
7280,137,0.985176
7290,99,0.985275
7300,130,0.985405
7310,127,0.985532
7320,129,0.985660
7330,114,0.985774
7340,119,0.985893
7350,93,0.985986
7360,85,0.986071
7370,106,0.986177
7380,100,0.986277
7390,91,0.986368
7400,99,0.986467
7410,88,0.986555
7420,90,0.986644
7430,106,0.986750
7440,93,0.986843
7450,99,0.986942
7460,71,0.987013
7470,97,0.987110
7480,78,0.987188
7490,72,0.987260
7500,87,0.987347
7510,76,0.987423
7520,64,0.987487
7530,82,0.987569
7540,65,0.987633
7550,68,0.987701
7560,81,0.987782
7570,66,0.987848
7580,58,0.987906
7590,64,0.987970
7600,77,0.988047
7610,62,0.988109
7620,61,0.988170
7630,48,0.988218
7640,53,0.988271
7650,64,0.988335
7660,57,0.988392
7670,60,0.988452
7680,58,0.988510
7690,49,0.988559
7700,54,0.988612
7710,53,0.988665
7720,55,0.988720
7730,58,0.988778
7740,54,0.988832
7750,46,0.988878
7760,37,0.988915
7770,49,0.988964
7780,38,0.989002
7790,45,0.989047
7800,39,0.989086
7810,39,0.989125
7820,38,0.989163
7830,31,0.989194
7840,42,0.989236
7850,39,0.989275
7860,43,0.989318
7870,40,0.989358
7880,44,0.989402
7890,43,0.989445
7900,31,0.989476
7910,31,0.989507
7920,39,0.989546
7930,29,0.989574
7940,30,0.989604
7950,44,0.989648
7960,37,0.989685
7970,22,0.989707
7980,25,0.989732
7990,29,0.989761
8000,36,0.989797
8010,37,0.989834
8020,13,0.989847
8030,19,0.989866
8040,28,0.989894
8050,21,0.989915
8060,23,0.989938
8070,29,0.989967
8080,37,0.990004
8090,26,0.990030
8100,25,0.990055
8110,24,0.990079
8120,29,0.990108
8130,27,0.990135
8140,20,0.990155
8150,16,0.990171
8160,23,0.990194
8170,21,0.990215
8180,21,0.990236
8190,21,0.990257
8200,29,0.990286
8210,28,0.990314
8220,24,0.990338
8230,23,0.990361
8240,22,0.990383
8250,23,0.990406
8260,28,0.990434
8270,26,0.990460
8280,17,0.990477
8290,23,0.990500
8300,16,0.990516
8310,15,0.990531
8320,25,0.990556
8330,20,0.990575
8340,25,0.990600
8350,21,0.990621
8360,20,0.990641
8370,20,0.990661
8380,26,0.990687
8390,23,0.990710
8400,18,0.990728
8410,22,0.990750
8420,18,0.990768
8430,8,0.990776
8440,26,0.990802
8450,17,0.990819
8460,18,0.990837
8470,16,0.990853
8480,11,0.990864
8490,17,0.990881
8500,13,0.990894
8510,14,0.990908
8520,12,0.990920
8530,12,0.990932
8540,14,0.990946
8550,15,0.990961
8560,16,0.990977
8570,17,0.990994
8580,17,0.991011
8590,16,0.991027
8600,17,0.991044
8610,25,0.991069
8620,18,0.991087
8630,14,0.991101
8640,22,0.991123
8650,11,0.991134
8660,13,0.991147
8670,20,0.991167
8680,15,0.991182
8690,15,0.991197
8700,14,0.991211
8710,19,0.991230
8720,16,0.991246
8730,15,0.991261
8740,13,0.991274
8750,9,0.991283
8760,15,0.991298
8770,13,0.991311
8780,12,0.991323
8790,27,0.991350
8800,15,0.991365
8810,11,0.991376
8820,7,0.991383
8830,19,0.991402
8840,21,0.991423
8850,13,0.991436
8860,16,0.991452
8870,9,0.991461
8880,18,0.991479
8890,15,0.991494
8900,16,0.991510
8910,14,0.991524
8920,11,0.991535
8930,8,0.991543
8940,17,0.991560
8950,16,0.991575
8960,14,0.991589
8970,16,0.991605
8980,18,0.991623
8990,16,0.991639
9000,13,0.991652
9010,23,0.991675
9020,11,0.991686
9030,15,0.991701
9040,19,0.991720
9050,16,0.991736
9060,26,0.991762
9070,28,0.991790
9080,12,0.991802
9090,10,0.991812
9100,18,0.991830
9110,17,0.991847
9120,20,0.991867
9130,17,0.991884
9140,19,0.991903
9150,17,0.991920
9160,19,0.991939
9170,23,0.991962
9180,23,0.991985
9190,14,0.991999
9200,18,0.992017
9210,23,0.992040
9220,16,0.992056
9230,17,0.992073
9240,15,0.992088
9250,22,0.992110
9260,15,0.992125
9270,20,0.992145
9280,18,0.992163
9290,23,0.992186
9300,21,0.992207
9310,18,0.992225
9320,18,0.992243
9330,22,0.992265
9340,26,0.992291
9350,26,0.992317
9360,14,0.992331
9370,25,0.992356
9380,20,0.992376
9390,20,0.992396
9400,31,0.992427
9410,31,0.992458
9420,24,0.992482
9430,22,0.992504
9440,20,0.992524
9450,27,0.992550
9460,23,0.992573
9470,24,0.992597
9480,22,0.992619
9490,25,0.992644
9500,24,0.992668
9510,20,0.992688
9520,25,0.992713
9530,44,0.992757
9540,22,0.992779
9550,34,0.992813
9560,18,0.992831
9570,30,0.992861
9580,21,0.992882
9590,17,0.992899
9600,26,0.992925
9610,25,0.992950
9620,16,0.992966
9630,24,0.992990
9640,21,0.993011
9650,31,0.993042
9660,31,0.993073
9670,22,0.993095
9680,24,0.993119
9690,26,0.993145
9700,24,0.993169
9710,32,0.993201
9720,30,0.993231
9730,35,0.993266
9740,28,0.993294
9750,24,0.993318
9760,34,0.993352
9770,35,0.993387
9780,38,0.993425
9790,29,0.993454
9800,31,0.993485
9810,43,0.993528
9820,33,0.993560
9830,21,0.993581
9840,38,0.993619
9850,42,0.993661
9860,31,0.993692
9870,40,0.993732
9880,37,0.993769
9890,34,0.993803
9900,32,0.993835
9910,33,0.993868
9920,36,0.993904
9930,28,0.993932
9940,36,0.993968
9950,24,0.993992
9960,37,0.994029
9970,34,0.994063
9980,32,0.994095
9990,42,0.994137
10000,26,0.994163
10010,44,0.994207
10020,35,0.994242
10030,29,0.994271
10040,42,0.994313
10050,34,0.994347
10060,25,0.994372
10070,45,0.994417
10080,32,0.994449
10090,31,0.994480
10100,41,0.994521
10110,42,0.994563
10120,34,0.994596
10130,29,0.994625
10140,26,0.994651
10150,40,0.994691
10160,38,0.994729
10170,50,0.994779
10180,34,0.994813
10190,41,0.994854
10200,35,0.994889
10210,42,0.994931
10220,36,0.994967
10230,34,0.995001
10240,42,0.995043
10250,33,0.995076
10260,36,0.995112
10270,31,0.995143
10280,33,0.995176
10290,40,0.995216
10300,29,0.995245
10310,41,0.995286
10320,36,0.995322
10330,33,0.995355
10340,27,0.995382
10350,49,0.995431
10360,41,0.995472
10370,42,0.995513
10380,40,0.995553
10390,35,0.995588
10400,43,0.995631
10410,29,0.995660
10420,24,0.995684
10430,32,0.995716
10440,34,0.995750
10450,36,0.995786
10460,41,0.995827
10470,33,0.995860
10480,33,0.995893
10490,29,0.995922
10500,37,0.995959
10510,41,0.996000
10520,27,0.996027
10530,27,0.996054
10540,39,0.996093
10550,43,0.996136
10560,38,0.996174
10570,36,0.996210
10580,26,0.996236
10590,46,0.996282
10600,25,0.996307
10610,31,0.996338
10620,36,0.996374
10630,23,0.996397
10640,33,0.996430
10650,46,0.996476
10660,29,0.996505
10670,39,0.996543
10680,30,0.996573
10690,34,0.996607
10700,40,0.996647
10710,36,0.996683
10720,24,0.996707
10730,32,0.996739
10740,33,0.996772
10750,28,0.996800
10760,30,0.996830
10770,37,0.996867
10780,24,0.996891
10790,33,0.996924
10800,36,0.996960
10810,23,0.996983
10820,26,0.997009
10830,36,0.997045
10840,25,0.997070
10850,40,0.997110
10860,28,0.997138
10870,18,0.997156
10880,25,0.997181
10890,25,0.997206
10900,42,0.997248
10910,31,0.997279
10920,32,0.997311
10930,33,0.997344
10940,24,0.997368
10950,31,0.997399
10960,18,0.997417
10970,23,0.997440
10980,24,0.997464
10990,22,0.997486
11000,15,0.997501
11010,17,0.997518
11020,19,0.997536
11030,27,0.997563
11040,19,0.997582
11050,17,0.997599
11060,26,0.997625
11070,17,0.997642
11080,14,0.997656
11090,20,0.997676
11100,12,0.997688
11110,21,0.997709
11120,18,0.997727
11130,16,0.997743
11140,16,0.997759
11150,16,0.997775
11160,22,0.997797
11170,11,0.997808
11180,19,0.997827
11190,14,0.997841
11200,18,0.997859
11210,17,0.997876
11220,11,0.997887
11230,25,0.997912
11240,14,0.997926
11250,12,0.997938
11260,11,0.997949
11270,15,0.997964
11280,22,0.997986
11290,9,0.997995
11300,11,0.998006
11310,8,0.998014
11320,15,0.998029
11330,15,0.998044
11340,11,0.998055
11350,13,0.998068
11360,8,0.998076
11370,11,0.998087
11380,17,0.998104
11390,14,0.998118
11400,12,0.998130
11410,8,0.998138
11420,14,0.998152
11430,9,0.998161
11440,6,0.998167
11450,7,0.998174
11460,11,0.998185
11470,10,0.998195
11480,11,0.998206
11490,12,0.998218
11500,12,0.998230
11510,12,0.998242
11520,10,0.998252
11530,8,0.998260
11540,10,0.998270
11550,7,0.998277
11560,5,0.998282
11570,6,0.998288
11580,4,0.998292
11590,9,0.998301
11600,6,0.998307
11610,6,0.998313
11620,8,0.998321
11630,5,0.998326
11640,6,0.998332
11650,8,0.998340
11660,15,0.998355
11670,6,0.998361
11680,3,0.998364
11690,5,0.998369
11700,5,0.998374
11710,5,0.998379
11720,6,0.998385
11730,8,0.998393
11740,5,0.998398
11750,7,0.998405
11760,5,0.998410
11770,7,0.998417
11780,5,0.998422
11790,4,0.998426
11800,11,0.998437
11810,2,0.998439
11820,7,0.998446
11830,8,0.998454
11840,13,0.998467
11850,3,0.998470
11860,5,0.998475
11870,6,0.998481
11880,3,0.998484
11890,4,0.998488
11900,6,0.998493
11910,2,0.998496
11920,4,0.998500
11930,4,0.998504
11940,5,0.998509
11950,2,0.998510
11960,1,0.998511
11970,2,0.998514
11980,4,0.998518
11990,4,0.998522
12000,5,0.998527
12010,2,0.998528
12020,4,0.998532
12030,7,0.998539
12040,6,0.998545
12050,3,0.998548
12060,9,0.998557
12070,5,0.998562
12080,3,0.998565
12090,5,0.998570
12100,5,0.998575
12110,4,0.998579
12120,3,0.998582
12130,5,0.998587
12140,6,0.998593
12150,4,0.998597
12160,6,0.998603
12170,3,0.998606
12180,3,0.998609
12190,5,0.998614
12200,1,0.998615
12210,3,0.998618
12220,4,0.998622
12230,2,0.998624
12240,3,0.998627
12250,5,0.998632
12260,3,0.998635
12270,1,0.998636
12280,2,0.998638
12290,1,0.998639
12300,5,0.998644
12320,1,0.998645
12330,1,0.998646
12340,6,0.998652
12350,3,0.998655
12360,5,0.998660
12370,4,0.998664
12380,3,0.998667
12390,4,0.998671
12400,6,0.998677
12410,3,0.998680
12420,2,0.998682
12430,2,0.998684
12440,2,0.998686
12450,3,0.998689
12460,4,0.998693
12470,5,0.998698
12480,1,0.998699
12490,3,0.998702
12500,3,0.998705
12510,4,0.998709
12520,2,0.998711
12530,2,0.998713
12540,3,0.998716
12550,4,0.998720
12560,3,0.998723
12570,4,0.998727
12580,2,0.998729
12590,1,0.998730
12600,5,0.998735
12610,3,0.998738
12620,3,0.998741
12630,2,0.998743
12640,5,0.998748
12650,1,0.998749
12660,7,0.998756
12670,3,0.998759
12680,4,0.998763
12690,6,0.998769
12700,1,0.998770
12710,2,0.998772
12720,5,0.998777
12730,2,0.998779
12750,2,0.998781
12760,3,0.998784
12770,2,0.998786
12780,2,0.998788
12790,3,0.998791
12800,2,0.998793
12810,5,0.998798
12820,4,0.998802
12830,3,0.998805
12840,3,0.998808
12850,3,0.998811
12860,2,0.998813
12870,3,0.998816
12880,3,0.998819
12890,2,0.998821
12900,3,0.998824
12910,3,0.998827
12920,2,0.998829
12930,3,0.998832
12940,3,0.998835
12950,4,0.998839
12960,1,0.998840
12970,4,0.998844
12980,2,0.998846
12990,2,0.998848
13000,4,0.998852
13010,3,0.998855
13020,2,0.998857
13030,2,0.998859
13040,3,0.998862
13050,7,0.998869
13060,2,0.998871
13070,3,0.998874
13080,2,0.998876
13090,3,0.998879
13100,3,0.998882
13110,5,0.998887
13120,1,0.998888
13130,5,0.998893
13140,3,0.998896
13160,4,0.998900
13170,1,0.998901
13180,2,0.998903
13190,2,0.998905
13200,1,0.998906
13220,3,0.998909
13230,4,0.998913
13250,5,0.998918
13260,4,0.998922
13270,3,0.998925
13280,3,0.998928
13300,1,0.998929
13310,1,0.998930
13320,4,0.998934
13330,2,0.998936
13340,2,0.998938
13350,3,0.998941
13360,5,0.998946
13370,3,0.998949
13380,3,0.998952
13390,3,0.998955
13400,2,0.998957
13410,1,0.998958
13430,3,0.998961
13440,1,0.998962
13450,2,0.998964
13460,4,0.998968
13470,3,0.998971
13480,5,0.998976
13500,5,0.998981
13510,1,0.998982
13520,4,0.998986
13530,5,0.998991
13540,1,0.998992
13550,2,0.998994
13560,2,0.998996
13570,3,0.998999
13580,4,0.999003
13600,1,0.999004
13610,5,0.999009
13620,1,0.999010
13630,3,0.999013
13640,1,0.999014
13650,7,0.999021
13660,2,0.999023
13670,4,0.999027
13680,2,0.999029
13690,2,0.999031
13700,3,0.999034
13710,2,0.999036
13720,2,0.999038
13730,2,0.999040
13740,3,0.999043
13750,1,0.999044
13760,2,0.999046
13770,3,0.999049
13780,2,0.999051
13790,1,0.999052
13800,3,0.999055
13810,4,0.999059
13820,4,0.999063
13830,2,0.999065
13840,3,0.999068
13850,2,0.999070
13860,5,0.999075
13870,1,0.999076
13880,1,0.999077
13890,2,0.999079
13900,2,0.999081
13910,2,0.999083
13920,1,0.999084
13930,5,0.999089
13940,6,0.999095
13950,1,0.999096
13960,2,0.999098
13970,2,0.999100
13980,2,0.999102
13990,1,0.999103
14000,2,0.999105
14010,5,0.999110
14030,4,0.999114
14050,1,0.999115
14060,6,0.999121
14070,3,0.999124
14080,5,0.999129
14090,3,0.999132
14100,4,0.999136
14110,2,0.999138
14120,3,0.999141
14130,2,0.999143
14140,5,0.999148
14150,3,0.999151
14160,1,0.999152
14170,4,0.999156
14180,3,0.999159
14190,2,0.999161
14200,3,0.999164
14210,4,0.999168
14220,4,0.999172
14230,2,0.999174
14240,3,0.999177
14250,3,0.999180
14260,3,0.999183
14270,2,0.999185
14290,2,0.999187
14310,1,0.999188
14320,4,0.999192
14330,1,0.999193
14340,4,0.999197
14350,2,0.999199
14360,1,0.999200
14370,3,0.999203
14380,1,0.999204
14400,4,0.999208
14410,2,0.999210
14420,2,0.999212
14430,3,0.999215
14440,3,0.999218
14450,1,0.999219
14460,3,0.999222
14480,2,0.999224
14490,4,0.999228
14500,4,0.999232
14510,1,0.999233
14520,4,0.999237
14530,2,0.999239
14540,3,0.999242
14550,3,0.999245
14560,6,0.999251
14580,1,0.999252
14590,2,0.999254
14600,3,0.999257
14610,2,0.999259
14620,2,0.999261
14630,2,0.999263
14640,3,0.999266
14650,3,0.999269
14660,3,0.999272
14670,2,0.999274
14680,4,0.999278
14690,3,0.999281
14700,1,0.999282
14710,1,0.999283
14720,3,0.999286
14730,2,0.999288
14740,1,0.999289
14750,7,0.999296
14760,4,0.999300
14770,6,0.999306
14780,1,0.999307
14790,4,0.999311
14800,4,0.999315
14810,2,0.999317
14820,1,0.999318
14830,4,0.999322
14840,2,0.999324
14850,3,0.999327
14860,3,0.999330
14870,1,0.999331
14890,1,0.999332
14900,3,0.999335
14910,1,0.999336
14920,6,0.999342
14930,4,0.999346
14940,1,0.999347
14950,2,0.999349
14960,2,0.999351
14970,1,0.999352
14980,3,0.999355
14990,3,0.999358
15000,2,0.999360
15010,1,0.999361
15020,3,0.999364
15030,4,0.999368
15040,1,0.999369
15050,4,0.999373
15060,2,0.999375
15070,2,0.999377
15080,3,0.999380
15090,2,0.999382
15100,4,0.999386
15110,2,0.999388
15120,4,0.999392
15130,2,0.999394
15140,3,0.999397
15150,2,0.999399
15160,2,0.999401
15170,3,0.999404
15180,2,0.999406
15190,1,0.999407
15200,4,0.999411
15210,3,0.999414
15230,5,0.999419
15240,2,0.999421
15250,2,0.999423
15260,5,0.999428
15270,4,0.999432
15280,3,0.999435
15290,1,0.999436
15300,3,0.999439
15310,2,0.999441
15320,3,0.999444
15330,4,0.999448
15340,3,0.999451
15350,1,0.999452
15360,2,0.999454
15370,2,0.999456
15380,5,0.999461
15400,2,0.999463
15410,3,0.999466
15420,5,0.999471
15430,6,0.999477
15450,3,0.999480
15460,4,0.999484
15470,2,0.999485
15480,1,0.999487
15490,3,0.999489
15500,9,0.999498
15510,5,0.999503
15530,2,0.999506
15540,4,0.999510
15550,3,0.999512
15580,6,0.999519
15590,5,0.999523
15600,1,0.999524
15610,1,0.999525
15620,9,0.999534
15640,3,0.999537
15650,1,0.999538
15660,1,0.999539
15670,1,0.999540
15680,3,0.999543
15690,2,0.999545
15700,1,0.999546
15710,5,0.999551
15720,2,0.999553
15730,4,0.999557
15750,3,0.999560
15760,4,0.999564
15770,2,0.999566
15780,3,0.999569
15790,3,0.999572
15800,1,0.999573
15810,3,0.999576
15820,3,0.999579
15830,2,0.999581
15840,4,0.999585
15850,2,0.999587
15860,3,0.999590
15870,3,0.999593
15880,3,0.999596
15890,4,0.999600
15900,3,0.999603
15910,1,0.999604
15920,3,0.999607
15930,2,0.999609
15950,4,0.999613
15960,1,0.999614
15970,1,0.999615
15980,5,0.999620
15990,2,0.999622
16000,5,0.999627
16010,2,0.999629
16020,3,0.999632
16030,2,0.999634
16040,2,0.999636
16050,2,0.999638
16060,5,0.999643
16090,2,0.999645
16110,3,0.999648
16120,3,0.999651
16130,2,0.999653
16140,3,0.999656
16150,1,0.999657
16170,2,0.999659
16180,5,0.999664
16190,2,0.999666
16200,3,0.999669
16220,3,0.999672
16230,1,0.999673
16240,1,0.999674
16260,1,0.999675
16280,4,0.999679
16290,2,0.999681
16320,2,0.999683
16330,3,0.999686
16350,1,0.999687
16360,1,0.999688
16370,2,0.999690
16380,4,0.999694
16390,4,0.999698
16400,5,0.999703
16410,2,0.999705
16420,1,0.999706
16430,6,0.999712
16440,1,0.999713
16450,2,0.999715
16460,1,0.999716
16470,1,0.999717
16480,1,0.999718
16490,2,0.999720
16500,1,0.999721
16510,2,0.999723
16540,1,0.999724
16550,1,0.999725
16580,1,0.999726
16590,1,0.999727
16600,1,0.999728
16610,2,0.999730
16630,1,0.999731
16640,1,0.999732
16660,3,0.999735
16690,4,0.999739
16710,3,0.999742
16720,2,0.999744
16730,1,0.999745
16750,1,0.999746
16760,1,0.999747
16770,3,0.999750
16780,1,0.999751
16790,1,0.999752
16800,1,0.999753
16820,1,0.999754
16830,1,0.999755
16850,1,0.999756
16880,1,0.999757
16900,1,0.999758
16910,3,0.999761
16920,2,0.999763
16930,1,0.999764
16940,2,0.999766
16950,2,0.999768
16960,1,0.999769
16970,1,0.999770
17020,1,0.999771
17030,1,0.999772
17040,1,0.999773
17050,1,0.999774
17060,1,0.999775
17080,1,0.999776
17100,1,0.999777
17150,2,0.999779
17170,1,0.999780
17180,2,0.999782
17220,1,0.999783
17230,1,0.999784
17250,1,0.999785
17260,1,0.999786
17290,3,0.999789
17320,1,0.999790
17340,2,0.999792
17370,3,0.999795
17410,1,0.999796
17420,1,0.999797
17440,2,0.999799
17450,2,0.999801
17460,1,0.999802
17470,1,0.999803
17520,1,0.999804
17540,3,0.999807
17550,2,0.999809
17570,1,0.999810
17580,1,0.999811
17600,2,0.999813
17620,2,0.999815
17750,1,0.999816
17760,3,0.999819
17770,2,0.999821
17790,1,0.999822
17800,1,0.999823
17810,2,0.999825
17900,1,0.999826
17910,2,0.999828
17920,3,0.999831
17940,1,0.999832
17960,1,0.999833
17990,1,0.999834
18020,1,0.999835
18080,1,0.999836
18090,2,0.999838
18120,2,0.999840
18160,1,0.999841
18170,1,0.999842
18210,1,0.999843
18240,1,0.999844
18250,1,0.999845
18260,2,0.999847
18280,2,0.999849
18330,3,0.999852
18350,1,0.999853
18360,1,0.999854
18380,2,0.999856
18410,1,0.999857
18420,2,0.999859
18470,1,0.999860
18500,2,0.999862
18510,3,0.999865
18520,1,0.999866
18540,2,0.999868
18550,3,0.999871
18560,1,0.999872
18570,1,0.999873
18580,1,0.999874
18600,2,0.999876
18610,2,0.999878
18670,1,0.999879
18690,1,0.999880
18710,2,0.999882
18720,1,0.999883
18730,1,0.999884
18750,2,0.999886
18770,1,0.999887
18780,1,0.999888
18790,2,0.999890
18820,1,0.999891
18830,3,0.999894
18840,1,0.999895
18860,1,0.999896
18870,1,0.999897
18880,1,0.999898
18890,3,0.999901
18920,1,0.999902
18930,1,0.999903
18940,2,0.999905
19000,1,0.999906
19020,1,0.999907
19030,1,0.999908
19040,2,0.999910
19100,1,0.999911
19140,1,0.999912
19150,1,0.999913
19160,2,0.999915
19170,1,0.999916
19180,1,0.999917
19220,1,0.999918
19240,1,0.999919
19250,1,0.999920
19280,2,0.999922
19320,1,0.999923
19340,1,0.999924
19350,2,0.999926
19360,1,0.999927
19410,1,0.999928
19420,1,0.999929
19430,1,0.999930
19440,2,0.999932
19460,1,0.999933
19470,1,0.999934
19510,1,0.999935
19520,1,0.999936
19580,1,0.999937
19600,2,0.999939
19660,2,0.999941
19720,2,0.999943
19740,1,0.999944
19750,1,0.999945
19760,1,0.999946
19770,2,0.999948
19800,1,0.999949
19810,2,0.999951
19850,1,0.999952
19880,2,0.999954
19890,2,0.999956
19900,1,0.999957
19970,3,0.999960
20010,1,0.999961
20030,1,0.999962
20050,1,0.999963
20060,1,0.999964
20080,1,0.999965
20120,1,0.999966
20160,3,0.999969
20240,1,0.999970
20260,1,0.999971
20400,1,0.999972
20410,1,0.999973
20430,1,0.999974
20450,2,0.999976
20490,1,0.999977
20520,1,0.999978
20530,1,0.999979
20650,1,0.999980
20860,1,0.999981
21310,1,0.999982
21360,1,0.999983
22810,1,0.999984
22860,1,0.999985
23230,1,0.999986
23410,1,0.999987
23470,1,0.999988
25100,1,0.999989
37540,1,0.999990
38210,1,0.999991
39050,1,0.999992
40420,1,0.999993
40430,1,0.999994
44140,1,0.999995
44220,1,0.999996
46530,1,0.999997
49850,1,0.999998
51360,1,0.999999
64170,1,1.000000
