#latency,cnt,cdf
0,43744,0.023023
10,130645,0.091783
20,16632,0.100537
30,2100,0.101642
40,651,0.101985
50,2486,0.103293
60,583,0.103600
70,362,0.103790
80,575,0.104093
90,2481,0.105399
100,3342,0.107158
110,6016,0.110324
120,47526,0.135338
130,78475,0.176640
140,99470,0.228992
150,102861,0.283129
160,83745,0.327205
170,87115,0.373055
180,86833,0.418756
190,34289,0.436803
200,46793,0.461431
210,87639,0.507556
220,91614,0.555774
230,99088,0.607925
240,44166,0.631170
250,28637,0.646242
260,33243,0.663738
270,16641,0.672496
280,7204,0.676288
290,2547,0.677629
300,1678,0.678512
310,1227,0.679157
320,1025,0.679697
330,843,0.680141
340,698,0.680508
350,656,0.680853
360,554,0.681145
370,518,0.681417
380,441,0.681650
390,1047,0.682201
400,2050,0.683280
410,1123,0.683871
420,537,0.684153
430,260,0.684290
440,220,0.684406
450,204,0.684513
460,187,0.684612
470,162,0.684697
480,224,0.684815
490,259,0.684951
500,209,0.685061
510,220,0.685177
520,248,0.685307
530,265,0.685447
540,278,0.685593
550,339,0.685772
560,341,0.685951
570,415,0.686170
580,484,0.686424
590,533,0.686705
600,532,0.686985
610,568,0.687284
620,498,0.687546
630,499,0.687808
640,568,0.688107
650,677,0.688464
660,721,0.688843
670,753,0.689240
680,751,0.689635
690,709,0.690008
700,721,0.690387
710,735,0.690774
720,737,0.691162
730,744,0.691554
740,750,0.691948
750,742,0.692339
760,736,0.692726
770,717,0.693104
780,611,0.693425
790,586,0.693734
800,629,0.694065
810,686,0.694426
820,758,0.694825
830,633,0.695158
840,566,0.695456
850,510,0.695724
860,497,0.695986
870,492,0.696245
880,508,0.696512
890,519,0.696785
900,493,0.697045
910,467,0.697290
920,386,0.697494
930,396,0.697702
940,299,0.697859
950,306,0.698020
960,393,0.698227
970,368,0.698421
980,337,0.698598
990,318,0.698766
1000,326,0.698937
1010,297,0.699094
1020,269,0.699235
1030,259,0.699372
1040,275,0.699516
1050,242,0.699644
1060,324,0.699814
1070,289,0.699966
1080,218,0.700081
1090,199,0.700186
1100,225,0.700304
1110,254,0.700438
1120,246,0.700567
1130,253,0.700700
1140,233,0.700823
1150,263,0.700962
1160,260,0.701098
1170,247,0.701228
1180,252,0.701361
1190,254,0.701495
1200,259,0.701631
1210,272,0.701774
1220,285,0.701924
1230,305,0.702085
1240,295,0.702240
1250,318,0.702407
1260,333,0.702583
1270,349,0.702766
1280,310,0.702929
1290,352,0.703115
1300,349,0.703298
1310,398,0.703508
1320,388,0.703712
1330,390,0.703917
1340,406,0.704131
1350,385,0.704334
1360,464,0.704578
1370,441,0.704810
1380,512,0.705079
1390,489,0.705337
1400,498,0.705599
1410,475,0.705849
1420,474,0.706098
1430,458,0.706339
1440,468,0.706586
1450,505,0.706851
1460,511,0.707120
1470,473,0.707369
1480,508,0.707637
1490,459,0.707878
1500,455,0.708118
1510,486,0.708374
1520,452,0.708611
1530,444,0.708845
1540,470,0.709092
1550,467,0.709338
1560,448,0.709574
1570,444,0.709808
1580,389,0.710012
1590,439,0.710244
1600,424,0.710467
1610,421,0.710688
1620,385,0.710891
1630,400,0.711101
1640,383,0.711303
1650,421,0.711525
1660,388,0.711729
1670,380,0.711929
1680,332,0.712104
1690,312,0.712268
1700,364,0.712459
1710,360,0.712649
1720,319,0.712817
1730,333,0.712992
1740,293,0.713146
1750,286,0.713297
1760,321,0.713466
1770,379,0.713665
1780,353,0.713851
1790,321,0.714020
1800,300,0.714178
1810,312,0.714342
1820,303,0.714501
1830,274,0.714646
1840,288,0.714797
1850,295,0.714952
1860,325,0.715124
1870,321,0.715292
1880,309,0.715455
1890,316,0.715621
1900,283,0.715770
1910,329,0.715944
1920,363,0.716135
1930,326,0.716306
1940,363,0.716497
1950,345,0.716679
1960,326,0.716850
1970,384,0.717052
1980,367,0.717246
1990,345,0.717427
2000,382,0.717628
2010,364,0.717820
2020,395,0.718028
2030,348,0.718211
2040,417,0.718430
2050,413,0.718648
2060,386,0.718851
2070,399,0.719061
2080,417,0.719280
2090,431,0.719507
2100,413,0.719725
2110,403,0.719937
2120,439,0.720168
2130,413,0.720385
2140,415,0.720603
2150,413,0.720821
2160,420,0.721042
2170,419,0.721262
2180,415,0.721481
2190,429,0.721707
2200,390,0.721912
2210,404,0.722125
2220,436,0.722354
2230,405,0.722567
2240,393,0.722774
2250,445,0.723008
2260,417,0.723228
2270,392,0.723434
2280,409,0.723649
2290,402,0.723861
2300,440,0.724092
2310,393,0.724299
2320,385,0.724502
2330,437,0.724732
2340,405,0.724945
2350,427,0.725170
2360,378,0.725369
2370,376,0.725567
2380,351,0.725751
2390,371,0.725947
2400,362,0.726137
2410,376,0.726335
2420,334,0.726511
2430,357,0.726699
2440,339,0.726877
2450,402,0.727089
2460,383,0.727290
2470,349,0.727474
2480,338,0.727652
2490,327,0.727824
2500,321,0.727993
2510,331,0.728167
2520,354,0.728353
2530,320,0.728522
2540,339,0.728700
2550,336,0.728877
2560,380,0.729077
2570,324,0.729248
2580,346,0.729430
2590,347,0.729612
2600,348,0.729796
2610,315,0.729961
2620,332,0.730136
2630,370,0.730331
2640,355,0.730518
2650,355,0.730704
2660,376,0.730902
2670,375,0.731100
2680,349,0.731283
2690,329,0.731457
2700,357,0.731644
2710,353,0.731830
2720,351,0.732015
2730,381,0.732216
2740,388,0.732420
2750,370,0.732614
2760,364,0.732806
2770,388,0.733010
2780,376,0.733208
2790,413,0.733425
2800,405,0.733639
2810,407,0.733853
2820,398,0.734062
2830,383,0.734264
2840,390,0.734469
2850,422,0.734691
2860,400,0.734902
2870,363,0.735093
2880,405,0.735306
2890,402,0.735518
2900,385,0.735720
2910,438,0.735951
2920,392,0.736157
2930,367,0.736350
2940,456,0.736590
2950,406,0.736804
2960,391,0.737010
2970,383,0.737211
2980,413,0.737429
2990,409,0.737644
3000,405,0.737857
3010,399,0.738067
3020,400,0.738278
3030,384,0.738480
3040,392,0.738686
3050,380,0.738886
3060,392,0.739092
3070,385,0.739295
3080,373,0.739491
3090,430,0.739718
3100,424,0.739941
3110,427,0.740165
3120,380,0.740365
3130,371,0.740561
3140,370,0.740755
3150,384,0.740958
3160,405,0.741171
3170,366,0.741363
3180,401,0.741574
3190,387,0.741778
3200,353,0.741964
3210,316,0.742130
3220,373,0.742326
3230,352,0.742512
3240,348,0.742695
3250,345,0.742876
3260,380,0.743077
3270,359,0.743265
3280,365,0.743458
3290,339,0.743636
3300,384,0.743838
3310,378,0.744037
3320,380,0.744237
3330,352,0.744422
3340,365,0.744614
3350,370,0.744809
3360,378,0.745008
3370,394,0.745215
3380,345,0.745397
3390,343,0.745578
3400,394,0.745785
3410,358,0.745973
3420,357,0.746161
3430,360,0.746351
3440,373,0.746547
3450,427,0.746772
3460,397,0.746981
3470,404,0.747193
3480,407,0.747407
3490,401,0.747619
3500,382,0.747820
3510,366,0.748012
3520,374,0.748209
3530,406,0.748423
3540,409,0.748638
3550,385,0.748841
3560,393,0.749048
3570,401,0.749259
3580,422,0.749481
3590,454,0.749720
3600,393,0.749926
3610,388,0.750131
3620,440,0.750362
3630,418,0.750582
3640,465,0.750827
3650,442,0.751060
3660,420,0.751281
3670,467,0.751526
3680,439,0.751758
3690,435,0.751986
3700,441,0.752219
3710,468,0.752465
3720,438,0.752695
3730,427,0.752920
3740,455,0.753160
3750,479,0.753412
3760,517,0.753684
3770,434,0.753912
3780,470,0.754160
3790,501,0.754423
3800,469,0.754670
3810,471,0.754918
3820,487,0.755174
3830,452,0.755412
3840,477,0.755663
3850,504,0.755929
3860,472,0.756177
3870,484,0.756432
3880,463,0.756675
3890,504,0.756941
3900,495,0.757201
3910,475,0.757451
3920,474,0.757701
3930,522,0.757975
3940,495,0.758236
3950,478,0.758487
3960,547,0.758775
3970,532,0.759055
3980,528,0.759333
3990,550,0.759623
4000,553,0.759914
4010,587,0.760223
4020,566,0.760521
4030,578,0.760825
4040,565,0.761122
4050,588,0.761432
4060,567,0.761730
4070,563,0.762026
4080,629,0.762357
4090,603,0.762675
4100,589,0.762985
4110,635,0.763319
4120,597,0.763633
4130,651,0.763976
4140,629,0.764307
4150,593,0.764619
4160,635,0.764953
4170,661,0.765301
4180,606,0.765620
4190,630,0.765952
4200,691,0.766315
4210,663,0.766664
4220,689,0.767027
4230,707,0.767399
4240,636,0.767734
4250,683,0.768093
4260,683,0.768453
4270,658,0.768799
4280,717,0.769176
4290,722,0.769556
4300,691,0.769920
4310,698,0.770287
4320,714,0.770663
4330,711,0.771037
4340,719,0.771416
4350,764,0.771818
4360,716,0.772195
4370,683,0.772554
4380,746,0.772947
4390,688,0.773309
4400,795,0.773727
4410,759,0.774127
4420,743,0.774518
4430,767,0.774922
4440,787,0.775336
4450,761,0.775736
4460,792,0.776153
4470,824,0.776587
4480,761,0.776987
4490,770,0.777393
4500,798,0.777813
4510,817,0.778243
4520,798,0.778663
4530,853,0.779112
4540,845,0.779556
4550,862,0.780010
4560,861,0.780463
4570,828,0.780899
4580,927,0.781387
4590,957,0.781890
4600,874,0.782350
4610,887,0.782817
4620,871,0.783276
4630,937,0.783769
4640,922,0.784254
4650,941,0.784749
4660,939,0.785244
4670,933,0.785735
4680,933,0.786226
4690,948,0.786725
4700,969,0.787235
4710,945,0.787732
4720,969,0.788242
4730,1019,0.788778
4740,983,0.789296
4750,963,0.789802
4760,989,0.790323
4770,994,0.790846
4780,966,0.791355
4790,1016,0.791889
4800,1010,0.792421
4810,977,0.792935
4820,1008,0.793466
4830,978,0.793980
4840,993,0.794503
4850,1001,0.795030
4860,982,0.795547
4870,1030,0.796089
4880,941,0.796584
4890,976,0.797098
4900,1003,0.797626
4910,1030,0.798168
4920,993,0.798690
4930,1015,0.799225
4940,964,0.799732
4950,1016,0.800267
4960,1046,0.800817
4970,1105,0.801399
4980,1106,0.801981
4990,1047,0.802532
5000,1136,0.803130
5010,1105,0.803711
5020,1118,0.804300
5030,1157,0.804909
5040,1083,0.805479
5050,1098,0.806057
5060,1164,0.806669
5070,1154,0.807277
5080,1133,0.807873
5090,1244,0.808528
5100,1143,0.809129
5110,1135,0.809727
5120,1162,0.810338
5130,1189,0.810964
5140,1143,0.811566
5150,1186,0.812190
5160,1237,0.812841
5170,1229,0.813488
5180,1228,0.814134
5190,1209,0.814770
5200,1287,0.815448
5210,1163,0.816060
5220,1267,0.816727
5230,1193,0.817354
5240,1247,0.818011
5250,1278,0.818683
5260,1246,0.819339
5270,1298,0.820022
5280,1274,0.820693
5290,1246,0.821349
5300,1335,0.822051
5310,1403,0.822790
5320,1333,0.823491
5330,1324,0.824188
5340,1330,0.824888
5350,1388,0.825619
5360,1377,0.826343
5370,1394,0.827077
5380,1384,0.827805
5390,1397,0.828541
5400,1368,0.829261
5410,1383,0.829989
5420,1364,0.830706
5430,1380,0.831433
5440,1423,0.832182
5450,1417,0.832927
5460,1376,0.833652
5470,1388,0.834382
5480,1447,0.835144
5490,1460,0.835912
5500,1413,0.836656
5510,1520,0.837456
5520,1475,0.838232
5530,1482,0.839012
5540,1509,0.839806
5550,1509,0.840601
5560,1515,0.841398
5570,1595,0.842237
5580,1621,0.843091
5590,1618,0.843942
5600,1625,0.844797
5610,1596,0.845637
5620,1582,0.846470
5630,1595,0.847309
5640,1684,0.848196
5650,1605,0.849041
5660,1694,0.849932
5670,1612,0.850780
5680,1680,0.851665
5690,1634,0.852525
5700,1712,0.853426
5710,1738,0.854340
5720,1718,0.855245
5730,1727,0.856154
5740,1787,0.857094
5750,1708,0.857993
5760,1646,0.858859
5770,1812,0.859813
5780,1738,0.860728
5790,1754,0.861651
5800,1789,0.862593
5810,1805,0.863542
5820,1787,0.864483
5830,1788,0.865424
5840,1735,0.866337
5850,1796,0.867283
5860,1890,0.868277
5870,1923,0.869289
5880,1785,0.870229
5890,1900,0.871229
5900,1875,0.872216
5910,1953,0.873244
5920,1913,0.874250
5930,1896,0.875248
5940,1810,0.876201
5950,1916,0.877209
5960,1834,0.878175
5970,1886,0.879167
5980,1924,0.880180
5990,1852,0.881154
6000,1916,0.882163
6010,1931,0.883179
6020,1892,0.884175
6030,1841,0.885144
6040,1895,0.886141
6050,1946,0.887165
6060,1972,0.888203
6070,1912,0.889210
6080,1855,0.890186
6090,1945,0.891210
6100,1954,0.892238
6110,1977,0.893279
6120,1939,0.894299
6130,1997,0.895350
6140,1934,0.896368
6150,2044,0.897444
6160,1869,0.898428
6170,1944,0.899451
6180,1979,0.900492
6190,1986,0.901538
6200,1958,0.902568
6210,1839,0.903536
6220,1918,0.904545
6230,1858,0.905523
6240,1899,0.906523
6250,1954,0.907551
6260,1902,0.908552
6270,1908,0.909556
6280,1822,0.910515
6290,1843,0.911485
6300,1895,0.912483
6310,1954,0.913511
6320,1915,0.914519
6330,1877,0.915507
6340,1808,0.916458
6350,1849,0.917432
6360,1859,0.918410
6370,1861,0.919389
6380,1717,0.920293
6390,1846,0.921265
6400,1817,0.922221
6410,1758,0.923146
6420,1790,0.924088
6430,1716,0.924992
6440,1739,0.925907
6450,1825,0.926867
6460,1727,0.927776
6470,1673,0.928657
6480,1793,0.929600
6490,1755,0.930524
6500,1752,0.931446
6510,1707,0.932345
6520,1714,0.933247
6530,1675,0.934128
6540,1700,0.935023
6550,1629,0.935880
6560,1692,0.936771
6570,1624,0.937626
6580,1554,0.938444
6590,1555,0.939262
6600,1619,0.940114
6610,1596,0.940954
6620,1549,0.941769
6630,1490,0.942554
6640,1523,0.943355
6650,1544,0.944168
6660,1488,0.944951
6670,1393,0.945684
6680,1462,0.946454
6690,1397,0.947189
6700,1397,0.947924
6710,1365,0.948642
6720,1403,0.949381
6730,1308,0.950069
6740,1400,0.950806
6750,1363,0.951523
6760,1346,0.952232
6770,1279,0.952905
6780,1328,0.953604
6790,1262,0.954268
6800,1302,0.954953
6810,1228,0.955600
6820,1208,0.956236
6830,1150,0.956841
6840,1149,0.957446
6850,1200,0.958077
6860,1186,0.958701
6870,1109,0.959285
6880,1139,0.959884
6890,1121,0.960474
6900,1175,0.961093
6910,1102,0.961673
6920,1091,0.962247
6930,1070,0.962810
6940,1061,0.963369
6950,1064,0.963929
6960,1048,0.964480
6970,1044,0.965030
6980,1027,0.965570
6990,980,0.966086
7000,956,0.966589
7010,898,0.967062
7020,946,0.967560
7030,923,0.968045
7040,823,0.968479
7050,903,0.968954
7060,889,0.969422
7070,853,0.969871
7080,828,0.970307
7090,808,0.970732
7100,770,0.971137
7110,834,0.971576
7120,795,0.971994
7130,730,0.972379
7140,703,0.972749
7150,763,0.973150
7160,719,0.973529
7170,670,0.973881
7180,720,0.974260
7190,672,0.974614
7200,643,0.974952
7210,658,0.975299
7220,623,0.975626
7230,579,0.975931
7240,627,0.976261
7250,611,0.976583
7260,573,0.976884
7270,578,0.977189
7280,565,0.977486
7290,519,0.977759
7300,535,0.978041
7310,511,0.978310
7320,527,0.978587
7330,524,0.978863
7340,478,0.979114
7350,506,0.979381
7360,476,0.979631
7370,436,0.979861
7380,417,0.980080
7390,458,0.980321
7400,406,0.980535
7410,466,0.980780
7420,430,0.981006
7430,425,0.981230
7440,430,0.981456
7450,433,0.981684
7460,392,0.981891
7470,388,0.982095
7480,359,0.982284
7490,341,0.982463
7500,333,0.982639
7510,337,0.982816
7520,327,0.982988
7530,311,0.983152
7540,337,0.983329
7550,303,0.983489
7560,307,0.983650
7570,285,0.983800
7580,301,0.983959
7590,275,0.984103
7600,276,0.984249
7610,270,0.984391
7620,272,0.984534
7630,254,0.984667
7640,280,0.984815
7650,245,0.984944
7660,216,0.985057
7670,251,0.985190
7680,218,0.985304
7690,225,0.985423
7700,197,0.985526
7710,206,0.985635
7720,208,0.985744
7730,230,0.985865
7740,183,0.985962
7750,214,0.986074
7760,215,0.986187
7770,185,0.986285
7780,190,0.986385
7790,174,0.986476
7800,194,0.986579
7810,183,0.986675
7820,168,0.986763
7830,173,0.986854
7840,166,0.986942
7850,170,0.987031
7860,203,0.987138
7870,162,0.987223
7880,160,0.987307
7890,166,0.987395
7900,169,0.987484
7910,124,0.987549
7920,174,0.987641
7930,153,0.987721
7940,132,0.987791
7950,135,0.987862
7960,143,0.987937
7970,115,0.987997
7980,134,0.988068
7990,119,0.988131
8000,124,0.988196
8010,113,0.988255
8020,115,0.988316
8030,111,0.988374
8040,129,0.988442
8050,125,0.988508
8060,107,0.988564
8070,106,0.988620
8080,121,0.988684
8090,106,0.988740
8100,91,0.988787
8110,102,0.988841
8120,101,0.988894
8130,87,0.988940
8140,104,0.988995
8150,101,0.989048
8160,94,0.989097
8170,91,0.989145
8180,85,0.989190
8190,72,0.989228
8200,99,0.989280
8210,97,0.989331
8220,92,0.989380
8230,97,0.989431
8240,76,0.989471
8250,89,0.989517
8260,75,0.989557
8270,82,0.989600
8280,82,0.989643
8290,72,0.989681
8300,83,0.989725
8310,74,0.989764
8320,77,0.989804
8330,69,0.989841
8340,68,0.989876
8350,78,0.989917
8360,62,0.989950
8370,64,0.989984
8380,62,0.990016
8390,60,0.990048
8400,67,0.990083
8410,70,0.990120
8420,57,0.990150
8430,81,0.990193
8440,64,0.990226
8450,71,0.990264
8460,57,0.990294
8470,65,0.990328
8480,43,0.990351
8490,74,0.990390
8500,64,0.990423
8510,50,0.990450
8520,55,0.990479
8530,64,0.990512
8540,57,0.990542
8550,68,0.990578
8560,55,0.990607
8570,62,0.990640
8580,46,0.990664
8590,63,0.990697
8600,38,0.990717
8610,62,0.990750
8620,58,0.990780
8630,53,0.990808
8640,55,0.990837
8650,41,0.990858
8660,45,0.990882
8670,60,0.990914
8680,44,0.990937
8690,41,0.990959
8700,45,0.990982
8710,54,0.991011
8720,58,0.991041
8730,62,0.991074
8740,32,0.991091
8750,31,0.991107
8760,35,0.991125
8770,40,0.991146
8780,44,0.991170
8790,42,0.991192
8800,41,0.991213
8810,52,0.991241
8820,38,0.991261
8830,42,0.991283
8840,37,0.991302
8850,35,0.991321
8860,52,0.991348
8870,46,0.991372
8880,42,0.991394
8890,53,0.991422
8900,43,0.991445
8910,35,0.991463
8920,48,0.991488
8930,28,0.991503
8940,53,0.991531
8950,38,0.991551
8960,33,0.991569
8970,37,0.991588
8980,45,0.991612
8990,38,0.991632
9000,47,0.991656
9010,39,0.991677
9020,44,0.991700
9030,40,0.991721
9040,33,0.991738
9050,26,0.991752
9060,38,0.991772
9070,39,0.991793
9080,35,0.991811
9090,26,0.991825
9100,50,0.991851
9110,32,0.991868
9120,32,0.991885
9130,29,0.991900
9140,35,0.991919
9150,37,0.991938
9160,37,0.991957
9170,44,0.991981
9180,38,0.992001
9190,34,0.992018
9200,28,0.992033
9210,28,0.992048
9220,36,0.992067
9230,37,0.992086
9240,31,0.992103
9250,44,0.992126
9260,41,0.992147
9270,45,0.992171
9280,36,0.992190
9290,40,0.992211
9300,37,0.992231
9310,50,0.992257
9320,31,0.992273
9330,34,0.992291
9340,39,0.992312
9350,33,0.992329
9360,39,0.992350
9370,40,0.992371
9380,38,0.992391
9390,30,0.992406
9400,25,0.992420
9410,36,0.992438
9420,39,0.992459
9430,31,0.992475
9440,29,0.992491
9450,38,0.992511
9460,40,0.992532
9470,31,0.992548
9480,36,0.992567
9490,38,0.992587
9500,33,0.992604
9510,34,0.992622
9520,41,0.992644
9530,39,0.992664
9540,34,0.992682
9550,40,0.992703
9560,41,0.992725
9570,38,0.992745
9580,41,0.992766
9590,33,0.992784
9600,49,0.992810
9610,48,0.992835
9620,36,0.992854
9630,35,0.992872
9640,45,0.992896
9650,30,0.992912
9660,36,0.992931
9670,25,0.992944
9680,46,0.992968
9690,38,0.992988
9700,41,0.993010
9710,26,0.993023
9720,37,0.993043
9730,46,0.993067
9740,40,0.993088
9750,38,0.993108
9760,45,0.993132
9770,39,0.993152
9780,39,0.993173
9790,41,0.993194
9800,41,0.993216
9810,61,0.993248
9820,45,0.993272
9830,42,0.993294
9840,30,0.993309
9850,36,0.993328
9860,46,0.993353
9870,41,0.993374
9880,48,0.993400
9890,40,0.993421
9900,40,0.993442
9910,46,0.993466
9920,56,0.993495
9930,36,0.993514
9940,47,0.993539
9950,39,0.993560
9960,43,0.993582
9970,61,0.993614
9980,48,0.993640
9990,50,0.993666
10000,38,0.993686
10010,57,0.993716
10020,52,0.993743
10030,49,0.993769
10040,38,0.993789
10050,35,0.993807
10060,62,0.993840
10070,59,0.993871
10080,42,0.993893
10090,59,0.993924
10100,57,0.993954
10110,62,0.993987
10120,50,0.994013
10130,59,0.994044
10140,59,0.994075
10150,76,0.994115
10160,63,0.994148
10170,56,0.994178
10180,63,0.994211
10190,57,0.994241
10200,61,0.994273
10210,62,0.994306
10220,48,0.994331
10230,49,0.994357
10240,57,0.994387
10250,63,0.994420
10260,57,0.994450
10270,57,0.994480
10280,60,0.994512
10290,56,0.994541
10300,56,0.994571
10310,59,0.994602
10320,65,0.994636
10330,51,0.994663
10340,49,0.994688
10350,73,0.994727
10360,61,0.994759
10370,47,0.994784
10380,58,0.994814
10390,68,0.994850
10400,66,0.994885
10410,82,0.994928
10420,72,0.994966
10430,48,0.994991
10440,56,0.995021
10450,61,0.995053
10460,67,0.995088
10470,60,0.995120
10480,65,0.995154
10490,67,0.995189
10500,68,0.995225
10510,62,0.995257
10520,65,0.995292
10530,62,0.995324
10540,66,0.995359
10550,64,0.995393
10560,59,0.995424
10570,78,0.995465
10580,63,0.995498
10590,64,0.995532
10600,60,0.995563
10610,69,0.995600
10620,53,0.995627
10630,65,0.995662
10640,59,0.995693
10650,67,0.995728
10660,70,0.995765
10670,59,0.995796
10680,77,0.995836
10690,63,0.995870
10700,47,0.995894
10710,59,0.995925
10720,63,0.995958
10730,69,0.995995
10740,71,0.996032
10750,66,0.996067
10760,63,0.996100
10770,56,0.996130
10780,60,0.996161
10790,63,0.996194
10800,52,0.996222
10810,75,0.996261
10820,73,0.996300
10830,87,0.996345
10840,50,0.996372
10850,69,0.996408
10860,64,0.996442
10870,55,0.996471
10880,58,0.996501
10890,61,0.996533
10900,58,0.996564
10910,60,0.996595
10920,66,0.996630
10930,61,0.996662
10940,52,0.996689
10950,66,0.996724
10960,71,0.996762
10970,65,0.996796
10980,55,0.996825
10990,47,0.996849
11000,49,0.996875
11010,55,0.996904
11020,55,0.996933
11030,43,0.996956
11040,51,0.996983
11050,50,0.997009
11060,61,0.997041
11070,50,0.997067
11080,54,0.997096
11090,60,0.997127
11100,54,0.997156
11110,61,0.997188
11120,49,0.997214
11130,47,0.997238
11140,50,0.997265
11150,51,0.997292
11160,54,0.997320
11170,53,0.997348
11180,48,0.997373
11190,57,0.997403
11200,45,0.997427
11210,54,0.997455
11220,48,0.997481
11230,41,0.997502
11240,36,0.997521
11250,47,0.997546
11260,36,0.997565
11270,37,0.997584
11280,51,0.997611
11290,44,0.997634
11300,43,0.997657
11310,39,0.997677
11320,37,0.997697
11330,35,0.997715
11340,37,0.997735
11350,46,0.997759
11360,32,0.997776
11370,44,0.997799
11380,34,0.997817
11390,40,0.997838
11400,46,0.997862
11410,39,0.997883
11420,34,0.997901
11430,34,0.997918
11440,41,0.997940
11450,28,0.997955
11460,37,0.997974
11470,30,0.997990
11480,37,0.998010
11490,29,0.998025
11500,36,0.998044
11510,36,0.998063
11520,32,0.998079
11530,35,0.998098
11540,35,0.998116
11550,29,0.998132
11560,21,0.998143
11570,25,0.998156
11580,27,0.998170
11590,24,0.998183
11600,33,0.998200
11610,22,0.998212
11620,25,0.998225
11630,26,0.998238
11640,26,0.998252
11650,25,0.998265
11660,20,0.998276
11670,17,0.998285
11680,24,0.998297
11690,22,0.998309
11700,18,0.998318
11710,14,0.998326
11720,16,0.998334
11730,31,0.998351
11740,28,0.998365
11750,20,0.998376
11760,15,0.998384
11770,24,0.998396
11780,16,0.998405
11790,17,0.998414
11800,19,0.998424
11810,23,0.998436
11820,24,0.998448
11830,20,0.998459
11840,17,0.998468
11850,22,0.998479
11860,14,0.998487
11870,25,0.998500
11880,16,0.998508
11890,24,0.998521
11900,17,0.998530
11910,11,0.998536
11920,18,0.998545
11930,14,0.998553
11940,19,0.998563
11950,15,0.998571
11960,19,0.998581
11970,16,0.998589
11980,8,0.998593
11990,11,0.998599
12000,21,0.998610
12010,19,0.998620
12020,19,0.998630
12030,11,0.998636
12040,8,0.998640
12050,11,0.998646
12060,11,0.998652
12070,11,0.998657
12080,16,0.998666
12090,11,0.998672
12100,11,0.998677
12110,12,0.998684
12120,7,0.998687
12130,16,0.998696
12140,8,0.998700
12150,9,0.998705
12160,11,0.998711
12170,13,0.998717
12180,6,0.998721
12190,15,0.998728
12200,13,0.998735
12210,10,0.998741
12220,8,0.998745
12230,14,0.998752
12240,4,0.998754
12250,18,0.998764
12260,15,0.998772
12270,13,0.998778
12280,10,0.998784
12290,7,0.998787
12300,8,0.998792
12310,9,0.998796
12320,8,0.998801
12330,9,0.998805
12340,9,0.998810
12350,6,0.998813
12360,9,0.998818
12370,5,0.998821
12380,6,0.998824
12390,10,0.998829
12400,4,0.998831
12410,7,0.998835
12420,9,0.998839
12430,7,0.998843
12440,7,0.998847
12450,8,0.998851
12460,5,0.998854
12470,6,0.998857
12480,7,0.998861
12490,5,0.998863
12500,6,0.998866
12510,5,0.998869
12520,4,0.998871
12530,2,0.998872
12540,3,0.998874
12550,6,0.998877
12560,5,0.998879
12570,7,0.998883
12580,4,0.998885
12590,5,0.998888
12600,6,0.998891
12610,8,0.998895
12620,6,0.998898
12630,4,0.998901
12640,9,0.998905
12660,3,0.998907
12670,5,0.998909
12680,6,0.998913
12690,8,0.998917
12700,5,0.998919
12710,10,0.998925
12720,10,0.998930
12730,5,0.998933
12740,6,0.998936
12750,10,0.998941
12760,1,0.998942
12770,2,0.998943
12780,2,0.998944
12790,9,0.998948
12800,6,0.998952
12810,3,0.998953
12820,2,0.998954
12830,7,0.998958
12840,6,0.998961
12850,3,0.998963
12860,5,0.998965
12870,4,0.998967
12880,3,0.998969
12890,6,0.998972
12900,5,0.998975
12910,5,0.998977
12920,5,0.998980
12930,7,0.998984
12940,2,0.998985
12950,9,0.998989
12960,5,0.998992
12970,8,0.998996
12980,6,0.998999
12990,4,0.999002
13000,6,0.999005
13010,3,0.999006
13020,4,0.999008
13030,7,0.999012
13040,4,0.999014
13050,4,0.999016
13060,6,0.999020
13070,4,0.999022
13080,2,0.999023
13090,3,0.999024
13100,4,0.999026
13110,6,0.999029
13120,1,0.999030
13130,2,0.999031
13140,3,0.999033
13150,5,0.999035
13160,6,0.999038
13170,6,0.999042
13180,8,0.999046
13190,2,0.999047
13200,5,0.999049
13210,5,0.999052
13220,6,0.999055
13230,4,0.999057
13240,8,0.999062
13250,10,0.999067
13260,5,0.999069
13270,2,0.999071
13280,6,0.999074
13290,3,0.999075
13300,5,0.999078
13310,10,0.999083
13320,4,0.999085
13330,3,0.999087
13340,5,0.999089
13350,3,0.999091
13360,7,0.999095
13370,2,0.999096
13380,1,0.999096
13390,1,0.999097
13400,3,0.999098
13410,1,0.999099
13420,6,0.999102
13430,6,0.999105
13440,1,0.999106
13450,3,0.999107
13460,3,0.999109
13470,8,0.999113
13480,2,0.999114
13490,5,0.999117
13500,2,0.999118
13510,3,0.999119
13520,7,0.999123
13530,7,0.999127
13540,3,0.999128
13550,3,0.999130
13560,1,0.999131
13570,1,0.999131
13580,2,0.999132
13590,6,0.999135
13600,2,0.999136
13610,4,0.999138
13620,3,0.999140
13630,7,0.999144
13640,6,0.999147
13650,3,0.999148
13660,5,0.999151
13670,4,0.999153
13680,2,0.999154
13700,5,0.999157
13710,2,0.999158
13720,2,0.999159
13730,6,0.999162
13740,3,0.999164
13750,5,0.999166
13760,3,0.999168
13770,3,0.999169
13780,4,0.999172
13790,5,0.999174
13800,7,0.999178
13810,8,0.999182
13820,2,0.999183
13830,4,0.999185
13840,5,0.999188
13850,4,0.999190
13860,5,0.999193
13870,3,0.999194
13880,7,0.999198
13890,9,0.999203
13900,1,0.999203
13910,6,0.999206
13920,2,0.999207
13930,5,0.999210
13940,3,0.999212
13950,4,0.999214
13960,7,0.999217
13970,3,0.999219
13980,3,0.999221
13990,2,0.999222
14010,3,0.999223
14020,2,0.999224
14030,1,0.999225
14040,6,0.999228
14050,2,0.999229
14060,6,0.999232
14070,7,0.999236
14080,7,0.999240
14090,3,0.999241
14100,2,0.999242
14110,4,0.999244
14120,1,0.999245
14130,4,0.999247
14140,4,0.999249
14150,6,0.999252
14160,2,0.999253
14170,4,0.999255
14180,4,0.999257
14190,3,0.999259
14200,2,0.999260
14210,1,0.999261
14220,4,0.999263
14230,4,0.999265
14240,3,0.999266
14250,4,0.999268
14260,7,0.999272
14270,4,0.999274
14280,2,0.999275
14290,4,0.999277
14300,3,0.999279
14310,1,0.999279
14320,4,0.999282
14330,3,0.999283
14340,8,0.999287
14350,3,0.999289
14360,3,0.999291
14370,2,0.999292
14380,5,0.999294
14390,6,0.999297
14400,5,0.999300
14410,5,0.999303
14420,8,0.999307
14430,2,0.999308
14440,5,0.999311
14450,2,0.999312
14460,4,0.999314
14470,3,0.999315
14480,6,0.999318
14490,3,0.999320
14500,11,0.999326
14510,3,0.999327
14520,6,0.999331
14530,4,0.999333
14540,4,0.999335
14550,7,0.999338
14560,3,0.999340
14570,4,0.999342
14580,1,0.999343
14590,1,0.999343
14600,2,0.999344
14610,2,0.999345
14620,7,0.999349
14630,4,0.999351
14640,2,0.999352
14650,5,0.999355
14660,7,0.999358
14670,5,0.999361
14680,6,0.999364
14690,2,0.999365
14700,7,0.999369
14710,3,0.999371
14720,6,0.999374
14730,1,0.999374
14740,5,0.999377
14750,4,0.999379
14760,5,0.999382
14770,4,0.999384
14780,5,0.999386
14790,4,0.999388
14800,4,0.999391
14810,2,0.999392
14820,7,0.999395
14830,6,0.999398
14840,3,0.999400
14850,7,0.999404
14860,1,0.999404
14870,4,0.999406
14880,1,0.999407
14890,2,0.999408
14900,2,0.999409
14910,4,0.999411
14920,5,0.999414
14930,4,0.999416
14940,3,0.999417
14950,2,0.999418
14960,4,0.999421
14970,4,0.999423
14980,3,0.999424
14990,4,0.999426
15000,2,0.999427
15010,2,0.999428
15020,6,0.999432
15030,8,0.999436
15040,2,0.999437
15050,3,0.999438
15060,2,0.999439
15070,11,0.999445
15080,3,0.999447
15090,5,0.999449
15110,4,0.999452
15120,3,0.999453
15130,5,0.999456
15140,2,0.999457
15150,4,0.999459
15160,8,0.999463
15170,3,0.999465
15180,5,0.999467
15190,3,0.999469
15200,3,0.999471
15210,2,0.999472
15220,1,0.999472
15230,6,0.999475
15240,3,0.999477
15250,3,0.999478
15260,3,0.999480
15270,7,0.999484
15280,6,0.999487
15290,3,0.999488
15300,4,0.999491
15310,3,0.999492
15320,1,0.999493
15330,4,0.999495
15350,5,0.999497
15360,4,0.999499
15370,3,0.999501
15380,8,0.999505
15390,5,0.999508
15400,1,0.999508
15410,3,0.999510
15420,5,0.999513
15430,2,0.999514
15440,6,0.999517
15450,2,0.999518
15460,1,0.999518
15470,1,0.999519
15480,4,0.999521
15490,4,0.999523
15500,2,0.999524
15510,2,0.999525
15520,4,0.999527
15530,9,0.999532
15540,3,0.999534
15550,2,0.999535
15560,6,0.999538
15570,7,0.999542
15580,5,0.999544
15590,2,0.999545
15600,4,0.999547
15610,3,0.999549
15620,5,0.999552
15630,4,0.999554
15640,2,0.999555
15650,2,0.999556
15660,1,0.999556
15670,5,0.999559
15680,3,0.999561
15690,2,0.999562
15700,5,0.999564
15710,2,0.999565
15720,3,0.999567
15730,3,0.999568
15740,4,0.999571
15750,9,0.999575
15760,3,0.999577
15770,2,0.999578
15780,3,0.999579
15790,1,0.999580
15800,4,0.999582
15810,2,0.999583
15820,2,0.999584
15830,2,0.999585
15840,4,0.999587
15850,4,0.999590
15860,3,0.999591
15870,3,0.999593
15880,4,0.999595
15890,3,0.999596
15900,5,0.999599
15910,3,0.999601
15920,5,0.999603
15930,6,0.999606
15940,3,0.999608
15950,1,0.999608
15960,2,0.999609
15970,4,0.999612
15980,6,0.999615
15990,5,0.999617
16000,1,0.999618
16010,5,0.999621
16020,2,0.999622
16030,5,0.999624
16040,3,0.999626
16050,2,0.999627
16060,4,0.999629
16070,3,0.999631
16080,4,0.999633
16090,4,0.999635
16100,2,0.999636
16110,8,0.999640
16120,3,0.999642
16130,5,0.999644
16140,3,0.999646
16150,5,0.999648
16160,4,0.999651
16170,2,0.999652
16180,1,0.999652
16190,3,0.999654
16200,3,0.999655
16210,4,0.999657
16220,3,0.999659
16230,1,0.999659
16240,6,0.999663
16250,3,0.999664
16260,5,0.999667
16270,2,0.999668
16280,3,0.999669
16290,2,0.999671
16300,3,0.999672
16310,2,0.999673
16320,1,0.999674
16330,3,0.999675
16340,2,0.999676
16350,2,0.999677
16360,3,0.999679
16370,3,0.999681
16380,2,0.999682
16390,7,0.999685
16400,2,0.999686
16410,2,0.999687
16420,3,0.999689
16430,6,0.999692
16440,3,0.999694
16460,1,0.999694
16470,3,0.999696
16480,5,0.999698
16490,2,0.999699
16500,2,0.999701
16510,6,0.999704
16520,3,0.999705
16530,4,0.999707
16540,4,0.999709
16550,2,0.999711
16560,1,0.999711
16570,2,0.999712
16580,1,0.999713
16590,1,0.999713
16600,3,0.999715
16610,2,0.999716
16620,3,0.999717
16630,6,0.999721
16640,1,0.999721
16650,2,0.999722
16660,4,0.999724
16670,2,0.999725
16680,4,0.999727
16700,1,0.999728
16710,7,0.999732
16720,2,0.999733
16730,2,0.999734
16740,3,0.999735
16750,3,0.999737
16760,1,0.999737
16780,3,0.999739
16800,4,0.999741
16810,1,0.999742
16820,3,0.999743
16830,3,0.999745
16840,5,0.999747
16850,3,0.999749
16860,2,0.999750
16870,4,0.999752
16880,3,0.999754
16890,1,0.999754
16900,3,0.999756
16910,5,0.999758
16920,2,0.999759
16930,1,0.999760
16940,3,0.999762
16950,4,0.999764
16960,2,0.999765
16970,2,0.999766
16980,1,0.999766
16990,1,0.999767
17000,3,0.999768
17010,2,0.999769
17020,2,0.999771
17030,1,0.999771
17040,2,0.999772
17070,2,0.999773
17080,1,0.999774
17110,1,0.999774
17140,2,0.999775
17150,2,0.999776
17160,2,0.999777
17170,2,0.999778
17200,2,0.999779
17220,1,0.999780
17240,3,0.999782
17250,3,0.999783
17270,2,0.999784
17280,1,0.999785
17290,4,0.999787
17310,2,0.999788
17320,1,0.999788
17330,2,0.999789
17350,1,0.999790
17360,1,0.999791
17370,2,0.999792
17380,2,0.999793
17390,1,0.999793
17400,4,0.999795
17440,3,0.999797
17450,1,0.999797
17460,2,0.999798
17490,1,0.999799
17500,1,0.999799
17510,3,0.999801
17550,1,0.999802
17560,2,0.999803
17570,1,0.999803
17580,2,0.999804
17590,1,0.999805
17600,3,0.999806
17610,3,0.999808
17620,1,0.999808
17630,2,0.999810
17650,1,0.999810
17670,1,0.999811
17680,1,0.999811
17690,1,0.999812
17700,1,0.999812
17710,1,0.999813
17720,1,0.999813
17730,2,0.999814
17760,2,0.999815
17790,1,0.999816
17810,1,0.999816
17820,1,0.999817
17830,1,0.999817
17840,2,0.999818
17850,1,0.999819
17870,2,0.999820
17880,2,0.999821
17900,1,0.999822
17910,3,0.999823
17920,2,0.999824
17930,1,0.999825
17940,3,0.999826
17990,1,0.999827
18030,1,0.999827
18040,1,0.999828
18050,1,0.999828
18060,4,0.999831
18070,1,0.999831
18080,1,0.999832
18100,2,0.999833
18110,2,0.999834
18140,2,0.999835
18150,1,0.999835
18160,1,0.999836
18170,1,0.999836
18190,1,0.999837
18200,3,0.999838
18220,1,0.999839
18240,2,0.999840
18250,2,0.999841
18260,1,0.999842
18280,2,0.999843
18290,2,0.999844
18300,2,0.999845
18310,1,0.999845
18320,1,0.999846
18330,1,0.999846
18340,2,0.999847
18350,1,0.999848
18370,2,0.999849
18380,2,0.999850
18410,3,0.999852
18420,1,0.999852
18430,2,0.999853
18460,1,0.999854
18480,1,0.999854
18490,1,0.999855
18500,1,0.999855
18510,1,0.999856
18530,1,0.999856
18540,3,0.999858
18550,1,0.999858
18560,1,0.999859
18590,1,0.999859
18600,2,0.999861
18620,2,0.999862
18640,1,0.999862
18650,2,0.999863
18660,1,0.999864
18670,2,0.999865
18680,1,0.999865
18690,1,0.999866
18710,3,0.999867
18720,1,0.999868
18750,1,0.999868
18770,2,0.999869
18780,1,0.999870
18790,5,0.999873
18810,3,0.999874
18830,2,0.999875
18840,1,0.999876
18850,1,0.999876
18860,2,0.999877
18870,1,0.999878
18880,1,0.999878
18890,2,0.999879
18900,1,0.999880
18910,1,0.999881
18930,1,0.999881
18940,3,0.999883
18950,2,0.999884
18960,1,0.999884
18970,1,0.999885
18980,2,0.999886
18990,2,0.999887
19000,1,0.999887
19020,2,0.999888
19040,2,0.999889
19050,1,0.999890
19060,2,0.999891
19080,2,0.999892
19100,1,0.999893
19110,1,0.999893
19120,1,0.999894
19130,1,0.999894
19160,2,0.999895
19170,1,0.999896
19190,3,0.999897
19200,2,0.999898
19220,2,0.999899
19250,1,0.999900
19270,1,0.999901
19280,3,0.999902
19300,1,0.999903
19320,1,0.999903
19330,2,0.999904
19350,1,0.999905
19360,1,0.999905
19370,1,0.999906
19390,1,0.999906
19400,1,0.999907
19420,5,0.999909
19430,1,0.999910
19440,2,0.999911
19460,1,0.999912
19470,3,0.999913
19480,2,0.999914
19500,2,0.999915
19510,2,0.999916
19520,1,0.999917
19530,3,0.999918
19560,1,0.999919
19570,1,0.999919
19590,1,0.999920
19600,1,0.999921
19610,1,0.999921
19620,1,0.999922
19630,1,0.999922
19650,3,0.999924
19660,2,0.999925
19670,2,0.999926
19700,1,0.999926
19720,2,0.999927
19730,1,0.999928
19740,3,0.999929
19760,1,0.999930
19770,3,0.999932
19780,3,0.999933
19810,1,0.999934
19820,1,0.999934
19830,3,0.999936
19840,3,0.999937
19850,1,0.999938
19860,2,0.999939
19870,1,0.999940
19880,2,0.999941
19890,3,0.999942
19900,2,0.999943
19910,1,0.999944
19950,1,0.999944
19960,2,0.999945
19980,1,0.999946
20010,1,0.999946
20040,1,0.999947
20050,1,0.999947
20060,2,0.999948
20080,1,0.999949
20100,2,0.999950
20110,1,0.999951
20120,2,0.999952
20140,2,0.999953
20150,1,0.999953
20170,1,0.999954
20210,1,0.999954
20240,2,0.999955
20270,1,0.999956
20280,1,0.999956
20300,1,0.999957
20340,1,0.999957
20350,1,0.999958
20360,1,0.999958
20370,1,0.999959
20400,1,0.999959
20430,1,0.999960
20440,1,0.999961
20480,1,0.999961
20490,1,0.999962
20520,1,0.999962
20570,3,0.999964
20610,1,0.999964
20640,1,0.999965
20650,2,0.999966
20660,3,0.999967
20670,2,0.999968
20750,1,0.999969
20780,1,0.999969
20810,1,0.999970
20820,1,0.999971
20840,1,0.999971
20930,2,0.999972
20980,1,0.999973
20990,1,0.999973
21020,1,0.999974
21030,1,0.999974
21060,1,0.999975
21160,1,0.999975
21190,1,0.999976
21290,1,0.999976
21330,1,0.999977
21410,1,0.999977
21520,1,0.999978
21540,1,0.999978
21630,1,0.999979
21720,1,0.999979
21920,1,0.999980
22150,1,0.999981
22460,1,0.999981
23000,1,0.999982
23030,1,0.999982
23180,1,0.999983
23200,1,0.999983
23260,1,0.999984
23270,1,0.999984
23330,1,0.999985
23350,1,0.999985
23360,1,0.999986
23700,1,0.999986
23860,1,0.999987
24030,1,0.999987
24230,1,0.999988
25080,1,0.999988
26540,1,0.999989
28010,1,0.999989
32400,1,0.999990
33450,1,0.999991
33760,1,0.999991
33910,1,0.999992
34100,1,0.999992
34250,1,0.999993
34500,1,0.999993
34780,1,0.999994
35100,1,0.999994
35570,1,0.999995
37280,1,0.999995
40240,1,0.999996
41280,1,0.999996
43760,1,0.999997
44510,1,0.999997
44960,1,0.999998
56080,1,0.999998
59060,1,0.999999
60530,1,0.999999
64900,1,1.000000
