#latency,cnt,cdf
0,65314,0.032657
10,111592,0.088453
20,23571,0.100239
30,2335,0.101406
40,446,0.101629
50,1349,0.102303
60,465,0.102536
70,375,0.102724
80,456,0.102951
90,2649,0.104276
100,2991,0.105771
110,7936,0.109739
120,53430,0.136454
130,72276,0.172593
140,93817,0.219501
150,101755,0.270379
160,77714,0.309236
170,77878,0.348175
180,79895,0.388122
190,33267,0.404756
200,52032,0.430771
210,101681,0.481612
220,103046,0.533135
230,110949,0.588610
240,44243,0.610731
250,33314,0.627388
260,32968,0.643872
270,35878,0.661811
280,21010,0.672316
290,4017,0.674325
300,2531,0.675590
310,1813,0.676497
320,1367,0.677180
330,1120,0.677740
340,901,0.678191
350,728,0.678554
360,649,0.678879
370,583,0.679170
380,540,0.679440
390,1256,0.680068
400,1792,0.680965
410,2047,0.681988
420,1488,0.682732
430,528,0.682996
440,471,0.683231
450,439,0.683451
460,379,0.683640
470,465,0.683873
480,499,0.684123
490,620,0.684433
500,671,0.684768
510,689,0.685112
520,725,0.685475
530,818,0.685884
540,851,0.686310
550,874,0.686746
560,867,0.687180
570,954,0.687657
580,900,0.688107
590,920,0.688567
600,948,0.689041
610,993,0.689538
620,970,0.690023
630,907,0.690476
640,844,0.690898
650,869,0.691333
660,902,0.691783
670,856,0.692212
680,815,0.692619
690,715,0.692976
700,755,0.693354
710,644,0.693676
720,645,0.693999
730,614,0.694305
740,637,0.694624
750,578,0.694913
760,604,0.695215
770,546,0.695488
780,514,0.695745
790,416,0.695953
800,411,0.696159
810,433,0.696375
820,384,0.696567
830,381,0.696757
840,379,0.696947
850,418,0.697156
860,365,0.697339
870,373,0.697525
880,317,0.697684
890,349,0.697858
900,327,0.698021
910,336,0.698189
920,381,0.698380
930,403,0.698582
940,274,0.698718
950,397,0.698917
960,494,0.699164
970,425,0.699377
980,395,0.699574
990,375,0.699762
1000,384,0.699953
1010,398,0.700153
1020,438,0.700372
1030,484,0.700613
1040,490,0.700858
1050,487,0.701102
1060,533,0.701369
1070,532,0.701635
1080,494,0.701882
1090,551,0.702157
1100,530,0.702422
1110,585,0.702715
1120,508,0.702968
1130,529,0.703233
1140,551,0.703508
1150,560,0.703789
1160,547,0.704062
1170,549,0.704337
1180,503,0.704588
1190,595,0.704885
1200,562,0.705167
1210,542,0.705437
1220,517,0.705696
1230,555,0.705974
1240,584,0.706266
1250,566,0.706549
1260,547,0.706822
1270,515,0.707080
1280,482,0.707321
1290,505,0.707573
1300,468,0.707807
1310,509,0.708062
1320,473,0.708298
1330,497,0.708547
1340,458,0.708776
1350,481,0.709016
1360,501,0.709266
1370,422,0.709477
1380,476,0.709715
1390,423,0.709927
1400,489,0.710172
1410,441,0.710392
1420,426,0.710605
1430,513,0.710862
1440,461,0.711092
1450,477,0.711330
1460,440,0.711550
1470,436,0.711769
1480,414,0.711976
1490,382,0.712166
1500,437,0.712385
1510,431,0.712601
1520,439,0.712820
1530,435,0.713037
1540,409,0.713242
1550,441,0.713462
1560,434,0.713679
1570,399,0.713879
1580,442,0.714100
1590,464,0.714332
1600,496,0.714580
1610,420,0.714790
1620,459,0.715020
1630,445,0.715242
1640,468,0.715476
1650,480,0.715716
1660,424,0.715928
1670,455,0.716156
1680,477,0.716394
1690,511,0.716649
1700,444,0.716872
1710,446,0.717094
1720,448,0.717318
1730,472,0.717555
1740,452,0.717780
1750,439,0.718000
1760,460,0.718230
1770,490,0.718475
1780,435,0.718692
1790,479,0.718932
1800,485,0.719175
1810,491,0.719420
1820,530,0.719685
1830,485,0.719927
1840,544,0.720200
1850,520,0.720460
1860,543,0.720731
1870,525,0.720994
1880,499,0.721243
1890,497,0.721492
1900,470,0.721726
1910,462,0.721958
1920,450,0.722183
1930,474,0.722420
1940,533,0.722686
1950,525,0.722948
1960,509,0.723203
1970,517,0.723462
1980,480,0.723701
1990,429,0.723916
2000,440,0.724136
2010,509,0.724391
2020,464,0.724622
2030,508,0.724877
2040,495,0.725124
2050,497,0.725372
2060,462,0.725604
2070,420,0.725814
2080,462,0.726044
2090,479,0.726284
2100,446,0.726507
2110,440,0.726727
2120,440,0.726947
2130,444,0.727169
2140,439,0.727389
2150,466,0.727621
2160,457,0.727850
2170,449,0.728074
2180,449,0.728299
2190,486,0.728542
2200,468,0.728776
2210,480,0.729016
2220,466,0.729249
2230,435,0.729466
2240,485,0.729709
2250,442,0.729930
2260,447,0.730154
2270,462,0.730385
2280,447,0.730608
2290,459,0.730838
2300,458,0.731067
2310,455,0.731294
2320,479,0.731534
2330,480,0.731773
2340,501,0.732024
2350,490,0.732269
2360,503,0.732521
2370,470,0.732755
2380,456,0.732984
2390,542,0.733254
2400,474,0.733491
2410,491,0.733737
2420,556,0.734015
2430,491,0.734260
2440,491,0.734506
2450,464,0.734738
2460,521,0.734999
2470,488,0.735242
2480,463,0.735474
2490,488,0.735718
2500,436,0.735936
2510,463,0.736167
2520,476,0.736405
2530,500,0.736655
2540,499,0.736905
2550,467,0.737139
2560,456,0.737366
2570,470,0.737602
2580,546,0.737875
2590,431,0.738090
2600,480,0.738330
2610,457,0.738558
2620,450,0.738783
2630,475,0.739021
2640,480,0.739261
2650,443,0.739483
2660,473,0.739719
2670,429,0.739933
2680,443,0.740155
2690,440,0.740375
2700,423,0.740587
2710,443,0.740808
2720,446,0.741031
2730,448,0.741255
2740,434,0.741472
2750,448,0.741696
2760,425,0.741908
2770,435,0.742126
2780,496,0.742374
2790,435,0.742592
2800,447,0.742815
2810,467,0.743048
2820,504,0.743300
2830,464,0.743532
2840,446,0.743756
2850,455,0.743983
2860,459,0.744213
2870,467,0.744446
2880,481,0.744686
2890,463,0.744918
2900,454,0.745145
2910,511,0.745400
2920,444,0.745623
2930,481,0.745863
2940,520,0.746123
2950,512,0.746379
2960,463,0.746611
2970,489,0.746855
2980,491,0.747100
2990,479,0.747340
3000,483,0.747581
3010,516,0.747840
3020,449,0.748064
3030,449,0.748289
3040,453,0.748515
3050,492,0.748761
3060,491,0.749007
3070,479,0.749246
3080,488,0.749490
3090,433,0.749707
3100,447,0.749930
3110,457,0.750158
3120,477,0.750397
3130,479,0.750637
3140,474,0.750874
3150,456,0.751101
3160,438,0.751320
3170,459,0.751550
3180,499,0.751800
3190,445,0.752022
3200,461,0.752253
3210,451,0.752478
3220,420,0.752688
3230,463,0.752919
3240,467,0.753153
3250,490,0.753398
3260,423,0.753609
3270,439,0.753829
3280,442,0.754050
3290,480,0.754290
3300,460,0.754520
3310,493,0.754767
3320,509,0.755021
3330,493,0.755268
3340,506,0.755521
3350,469,0.755755
3360,487,0.755998
3370,504,0.756251
3380,467,0.756484
3390,490,0.756729
3400,457,0.756957
3410,500,0.757208
3420,502,0.757459
3430,500,0.757708
3440,477,0.757947
3450,501,0.758197
3460,494,0.758444
3470,506,0.758698
3480,515,0.758955
3490,548,0.759229
3500,525,0.759492
3510,505,0.759744
3520,504,0.759996
3530,512,0.760252
3540,463,0.760484
3550,535,0.760751
3560,518,0.761010
3570,539,0.761280
3580,543,0.761551
3590,530,0.761816
3600,538,0.762085
3610,556,0.762363
3620,582,0.762654
3630,581,0.762945
3640,582,0.763236
3650,625,0.763548
3660,599,0.763847
3670,629,0.764162
3680,562,0.764443
3690,614,0.764750
3700,643,0.765072
3710,626,0.765384
3720,642,0.765706
3730,638,0.766024
3740,670,0.766360
3750,613,0.766666
3760,673,0.767003
3770,737,0.767371
3780,738,0.767740
3790,744,0.768112
3800,704,0.768464
3810,763,0.768845
3820,825,0.769258
3830,757,0.769637
3840,859,0.770066
3850,872,0.770502
3860,861,0.770932
3870,870,0.771367
3880,873,0.771804
3890,875,0.772241
3900,942,0.772713
3910,933,0.773179
3920,960,0.773659
3930,920,0.774119
3940,891,0.774565
3950,972,0.775051
3960,961,0.775531
3970,992,0.776027
3980,997,0.776525
3990,1063,0.777057
4000,1034,0.777574
4010,1081,0.778114
4020,1071,0.778650
4030,1078,0.779189
4040,1051,0.779715
4050,1092,0.780261
4060,1092,0.780806
4070,1180,0.781397
4080,1129,0.781961
4090,1133,0.782528
4100,1097,0.783076
4110,1094,0.783623
4120,1121,0.784184
4130,1094,0.784730
4140,1131,0.785296
4150,1129,0.785860
4160,1193,0.786457
4170,1191,0.787053
4180,1136,0.787620
4190,1193,0.788217
4200,1270,0.788852
4210,1349,0.789527
4220,1228,0.790141
4230,1308,0.790794
4240,1354,0.791471
4250,1375,0.792159
4260,1342,0.792830
4270,1355,0.793508
4280,1361,0.794188
4290,1416,0.794896
4300,1405,0.795599
4310,1439,0.796318
4320,1492,0.797064
4330,1428,0.797778
4340,1537,0.798546
4350,1520,0.799307
4360,1531,0.800072
4370,1584,0.800864
4380,1605,0.801666
4390,1642,0.802487
4400,1662,0.803319
4410,1650,0.804143
4420,1779,0.805033
4430,1683,0.805875
4440,1784,0.806767
4450,1801,0.807667
4460,1814,0.808574
4470,1744,0.809446
4480,1832,0.810362
4490,1877,0.811301
4500,1726,0.812163
4510,1808,0.813067
4520,1850,0.813993
4530,1861,0.814923
4540,1920,0.815883
4550,1854,0.816810
4560,1936,0.817778
4570,1922,0.818739
4580,1945,0.819712
4590,2059,0.820741
4600,2044,0.821763
4610,2029,0.822778
4620,2057,0.823806
4630,2092,0.824852
4640,2088,0.825896
4650,2137,0.826964
4660,2099,0.828014
4670,2157,0.829093
4680,2027,0.830106
4690,2147,0.831179
4700,2218,0.832289
4710,2229,0.833403
4720,2257,0.834531
4730,2244,0.835653
4740,2300,0.836803
4750,2187,0.837897
4760,2263,0.839028
4770,2141,0.840099
4780,2298,0.841248
4790,2246,0.842371
4800,2347,0.843544
4810,2307,0.844698
4820,2301,0.845849
4830,2322,0.847009
4840,2379,0.848199
4850,2325,0.849361
4860,2372,0.850547
4870,2500,0.851798
4880,2358,0.852977
4890,2469,0.854211
4900,2459,0.855440
4910,2449,0.856665
4920,2353,0.857841
4930,2399,0.859041
4940,2456,0.860269
4950,2538,0.861538
4960,2368,0.862722
4970,2426,0.863935
4980,2468,0.865169
4990,2468,0.866403
5000,2478,0.867642
5010,2472,0.868878
5020,2530,0.870143
5030,2396,0.871341
5040,2436,0.872559
5050,2551,0.873834
5060,2423,0.875046
5070,2572,0.876332
5080,2468,0.877566
5090,2396,0.878764
5100,2406,0.879967
5110,2467,0.881200
5120,2540,0.882470
5130,2477,0.883709
5140,2448,0.884933
5150,2429,0.886147
5160,2419,0.887357
5170,2538,0.888626
5180,2474,0.889863
5190,2353,0.891039
5200,2464,0.892272
5210,2447,0.893495
5220,2436,0.894713
5230,2404,0.895915
5240,2372,0.897101
5250,2395,0.898299
5260,2329,0.899463
5270,2303,0.900615
5280,2392,0.901811
5290,2376,0.902999
5300,2348,0.904172
5310,2263,0.905304
5320,2335,0.906471
5330,2306,0.907624
5340,2294,0.908772
5350,2204,0.909873
5360,2266,0.911007
5370,2308,0.912161
5380,2266,0.913293
5390,2129,0.914358
5400,2192,0.915454
5410,2258,0.916583
5420,2243,0.917705
5430,2225,0.918817
5440,2196,0.919915
5450,2090,0.920960
5460,2205,0.922063
5470,2075,0.923100
5480,2116,0.924158
5490,2113,0.925215
5500,2104,0.926266
5510,2087,0.927310
5520,2017,0.928319
5530,2018,0.929327
5540,2139,0.930397
5550,2060,0.931427
5560,2012,0.932433
5570,2002,0.933434
5580,1987,0.934427
5590,1932,0.935394
5600,1925,0.936356
5610,1985,0.937348
5620,1873,0.938285
5630,1796,0.939183
5640,1833,0.940099
5650,1814,0.941006
5660,1805,0.941909
5670,1762,0.942790
5680,1791,0.943685
5690,1786,0.944579
5700,1790,0.945473
5710,1736,0.946342
5720,1648,0.947165
5730,1680,0.948005
5740,1586,0.948798
5750,1601,0.949599
5760,1615,0.950406
5770,1606,0.951209
5780,1505,0.951962
5790,1563,0.952743
5800,1533,0.953510
5810,1520,0.954270
5820,1497,0.955019
5830,1541,0.955789
5840,1401,0.956490
5850,1450,0.957214
5860,1364,0.957896
5870,1401,0.958597
5880,1366,0.959280
5890,1369,0.959965
5900,1325,0.960627
5910,1275,0.961264
5920,1237,0.961883
5930,1203,0.962484
5940,1261,0.963115
5950,1214,0.963722
5960,1107,0.964275
5970,1127,0.964839
5980,1081,0.965379
5990,1104,0.965931
6000,1075,0.966469
6010,1117,0.967027
6020,1102,0.967578
6030,1065,0.968111
6040,1055,0.968638
6050,1010,0.969144
6060,985,0.969636
6070,971,0.970122
6080,964,0.970604
6090,957,0.971082
6100,909,0.971537
6110,869,0.971971
6120,857,0.972399
6130,833,0.972816
6140,877,0.973255
6150,857,0.973683
6160,835,0.974100
6170,808,0.974504
6180,775,0.974892
6190,787,0.975285
6200,733,0.975652
6210,743,0.976023
6220,711,0.976379
6230,690,0.976724
6240,668,0.977058
6250,694,0.977405
6260,646,0.977728
6270,620,0.978038
6280,658,0.978367
6290,625,0.978679
6300,592,0.978975
6310,593,0.979272
6320,555,0.979550
6330,539,0.979819
6340,542,0.980090
6350,532,0.980356
6360,553,0.980632
6370,529,0.980897
6380,485,0.981139
6390,516,0.981398
6400,511,0.981653
6410,450,0.981878
6420,473,0.982114
6430,475,0.982352
6440,442,0.982573
6450,394,0.982770
6460,425,0.982983
6470,393,0.983179
6480,395,0.983377
6490,416,0.983585
6500,383,0.983776
6510,387,0.983970
6520,377,0.984158
6530,324,0.984320
6540,289,0.984465
6550,325,0.984627
6560,330,0.984792
6570,291,0.984937
6580,316,0.985096
6590,309,0.985250
6600,302,0.985401
6610,303,0.985552
6620,282,0.985694
6630,291,0.985839
6640,278,0.985978
6650,294,0.986125
6660,230,0.986240
6670,241,0.986360
6680,270,0.986495
6690,237,0.986614
6700,242,0.986735
6710,192,0.986831
6720,226,0.986944
6730,225,0.987056
6740,204,0.987158
6750,190,0.987253
6760,201,0.987354
6770,189,0.987449
6780,195,0.987546
6790,203,0.987647
6800,162,0.987728
6810,172,0.987814
6820,181,0.987905
6830,163,0.987987
6840,156,0.988065
6850,166,0.988147
6860,151,0.988223
6870,181,0.988313
6880,167,0.988397
6890,141,0.988468
6900,159,0.988547
6910,160,0.988627
6920,145,0.988699
6930,130,0.988765
6940,145,0.988837
6950,121,0.988898
6960,144,0.988970
6970,123,0.989031
6980,148,0.989105
6990,131,0.989170
7000,118,0.989230
7010,117,0.989288
7020,122,0.989349
7030,110,0.989404
7040,107,0.989457
7050,120,0.989518
7060,118,0.989577
7070,91,0.989622
7080,106,0.989675
7090,79,0.989715
7100,102,0.989766
7110,104,0.989818
7120,93,0.989864
7130,97,0.989913
7140,98,0.989962
7150,101,0.990012
7160,93,0.990058
7170,83,0.990100
7180,84,0.990142
7190,94,0.990189
7200,87,0.990233
7210,78,0.990272
7220,99,0.990321
7230,73,0.990358
7240,66,0.990390
7250,82,0.990431
7260,86,0.990475
7270,79,0.990514
7280,77,0.990552
7290,73,0.990589
7300,74,0.990626
7310,64,0.990658
7320,77,0.990696
7330,64,0.990728
7340,59,0.990758
7350,65,0.990790
7360,81,0.990831
7370,77,0.990870
7380,57,0.990898
7390,61,0.990928
7400,48,0.990952
7410,67,0.990986
7420,55,0.991014
7430,49,0.991038
7440,56,0.991066
7450,65,0.991099
7460,55,0.991126
7470,46,0.991149
7480,44,0.991171
7490,50,0.991196
7500,69,0.991230
7510,47,0.991254
7520,50,0.991279
7530,51,0.991305
7540,57,0.991333
7550,39,0.991352
7560,56,0.991381
7570,34,0.991398
7580,51,0.991423
7590,42,0.991444
7600,59,0.991473
7610,58,0.991503
7620,49,0.991527
7630,48,0.991551
7640,51,0.991576
7650,44,0.991598
7660,44,0.991620
7670,52,0.991647
7680,41,0.991667
7690,40,0.991687
7700,47,0.991710
7710,37,0.991729
7720,39,0.991749
7730,45,0.991771
7740,49,0.991795
7750,35,0.991813
7760,42,0.991834
7770,41,0.991854
7780,56,0.991883
7790,34,0.991899
7800,32,0.991916
7810,29,0.991930
7820,41,0.991951
7830,38,0.991970
7840,32,0.991985
7850,41,0.992006
7860,45,0.992028
7870,34,0.992046
7880,42,0.992067
7890,45,0.992089
7900,32,0.992105
7910,39,0.992124
7920,31,0.992140
7930,35,0.992158
7940,38,0.992176
7950,26,0.992190
7960,43,0.992211
7970,34,0.992228
7980,37,0.992247
7990,29,0.992261
8000,29,0.992275
8010,46,0.992298
8020,31,0.992314
8030,24,0.992326
8040,38,0.992345
8050,17,0.992353
8060,36,0.992371
8070,30,0.992387
8080,24,0.992399
8090,29,0.992413
8100,29,0.992428
8110,28,0.992441
8120,33,0.992458
8130,37,0.992477
8140,35,0.992494
8150,34,0.992511
8160,38,0.992530
8170,36,0.992548
8180,30,0.992563
8190,33,0.992580
8200,28,0.992594
8210,37,0.992612
8220,33,0.992629
8230,35,0.992646
8240,30,0.992661
8250,26,0.992674
8260,20,0.992684
8270,23,0.992696
8280,30,0.992710
8290,31,0.992726
8300,32,0.992742
8310,34,0.992759
8320,29,0.992773
8330,30,0.992788
8340,28,0.992803
8350,36,0.992821
8360,33,0.992837
8370,32,0.992853
8380,30,0.992868
8390,35,0.992885
8400,34,0.992903
8410,25,0.992915
8420,31,0.992930
8430,29,0.992945
8440,36,0.992963
8450,25,0.992975
8460,28,0.992989
8470,30,0.993005
8480,34,0.993021
8490,27,0.993035
8500,34,0.993052
8510,36,0.993070
8520,34,0.993087
8530,27,0.993101
8540,18,0.993110
8550,27,0.993123
8560,42,0.993144
8570,42,0.993165
8580,28,0.993179
8590,42,0.993200
8600,32,0.993216
8610,36,0.993234
8620,31,0.993249
8630,29,0.993264
8640,35,0.993281
8650,28,0.993295
8660,27,0.993309
8670,43,0.993330
8680,40,0.993351
8690,34,0.993367
8700,32,0.993384
8710,32,0.993400
8720,42,0.993420
8730,35,0.993438
8740,34,0.993455
8750,40,0.993475
8760,40,0.993495
8770,27,0.993509
8780,31,0.993524
8790,43,0.993545
8800,35,0.993563
8810,27,0.993577
8820,32,0.993593
8830,32,0.993608
8840,36,0.993626
8850,45,0.993649
8860,40,0.993669
8870,46,0.993692
8880,43,0.993713
8890,36,0.993731
8900,36,0.993749
8910,47,0.993773
8920,41,0.993793
8930,29,0.993808
8940,51,0.993833
8950,37,0.993852
8960,46,0.993875
8970,41,0.993895
8980,44,0.993918
8990,24,0.993930
9000,47,0.993953
9010,35,0.993971
9020,30,0.993985
9030,51,0.994011
9040,60,0.994041
9050,40,0.994061
9060,48,0.994085
9070,55,0.994112
9080,44,0.994134
9090,48,0.994159
9100,54,0.994186
9110,42,0.994206
9120,60,0.994237
9130,42,0.994258
9140,49,0.994282
9150,46,0.994305
9160,40,0.994325
9170,30,0.994340
9180,52,0.994366
9190,51,0.994392
9200,49,0.994416
9210,44,0.994438
9220,38,0.994457
9230,53,0.994483
9240,60,0.994514
9250,53,0.994540
9260,52,0.994566
9270,56,0.994594
9280,48,0.994618
9290,62,0.994649
9300,51,0.994675
9310,53,0.994701
9320,57,0.994730
9330,60,0.994760
9340,59,0.994789
9350,50,0.994814
9360,58,0.994843
9370,54,0.994870
9380,57,0.994898
9390,55,0.994926
9400,62,0.994957
9410,54,0.994984
9420,49,0.995009
9430,69,0.995043
9440,68,0.995077
9450,52,0.995103
9460,45,0.995125
9470,68,0.995160
9480,50,0.995184
9490,67,0.995218
9500,65,0.995251
9510,43,0.995272
9520,54,0.995299
9530,57,0.995327
9540,59,0.995357
9550,66,0.995390
9560,64,0.995422
9570,61,0.995453
9580,58,0.995481
9590,78,0.995520
9600,45,0.995543
9610,62,0.995574
9620,58,0.995603
9630,59,0.995633
9640,59,0.995662
9650,52,0.995688
9660,68,0.995722
9670,55,0.995749
9680,49,0.995774
9690,63,0.995806
9700,60,0.995835
9710,67,0.995869
9720,61,0.995899
9730,65,0.995932
9740,59,0.995961
9750,68,0.995996
9760,45,0.996018
9770,55,0.996045
9780,40,0.996065
9790,67,0.996099
9800,68,0.996133
9810,54,0.996160
9820,48,0.996184
9830,65,0.996216
9840,70,0.996252
9850,40,0.996271
9860,49,0.996296
9870,50,0.996321
9880,54,0.996348
9890,53,0.996374
9900,56,0.996403
9910,53,0.996429
9920,41,0.996449
9930,65,0.996482
9940,64,0.996514
9950,63,0.996545
9960,50,0.996571
9970,51,0.996596
9980,73,0.996633
9990,54,0.996660
10000,64,0.996692
10010,49,0.996716
10020,62,0.996747
10030,51,0.996773
10040,60,0.996803
10050,54,0.996830
10060,53,0.996856
10070,63,0.996888
10080,40,0.996907
10090,50,0.996933
10100,58,0.996961
10110,49,0.996986
10120,62,0.997017
10130,64,0.997049
10140,53,0.997075
10150,55,0.997103
10160,50,0.997128
10170,57,0.997157
10180,44,0.997178
10190,46,0.997202
10200,46,0.997225
10210,49,0.997249
10220,36,0.997267
10230,44,0.997289
10240,49,0.997313
10250,55,0.997341
10260,46,0.997364
10270,49,0.997388
10280,41,0.997409
10290,66,0.997442
10300,47,0.997465
10310,40,0.997486
10320,32,0.997501
10330,45,0.997524
10340,53,0.997550
10350,40,0.997571
10360,39,0.997590
10370,43,0.997612
10380,37,0.997630
10390,38,0.997649
10400,32,0.997665
10410,50,0.997690
10420,26,0.997703
10430,42,0.997724
10440,44,0.997746
10450,37,0.997765
10460,43,0.997786
10470,39,0.997805
10480,35,0.997823
10490,30,0.997838
10500,30,0.997853
10510,28,0.997867
10520,27,0.997881
10530,19,0.997890
10540,29,0.997904
10550,39,0.997924
10560,29,0.997939
10570,32,0.997954
10580,22,0.997966
10590,29,0.997980
10600,34,0.997997
10610,32,0.998013
10620,27,0.998026
10630,34,0.998043
10640,25,0.998056
10650,41,0.998076
10660,29,0.998091
10670,36,0.998109
10680,26,0.998122
10690,29,0.998137
10700,23,0.998148
10710,24,0.998160
10720,27,0.998173
10730,27,0.998187
10740,24,0.998199
10750,17,0.998208
10760,33,0.998224
10770,26,0.998237
10780,24,0.998249
10790,20,0.998259
10800,24,0.998271
10810,13,0.998277
10820,19,0.998287
10830,22,0.998298
10840,21,0.998308
10850,22,0.998320
10860,23,0.998331
10870,15,0.998339
10880,18,0.998348
10890,15,0.998355
10900,15,0.998362
10910,22,0.998374
10920,13,0.998380
10930,18,0.998389
10940,10,0.998394
10950,21,0.998405
10960,27,0.998418
10970,15,0.998425
10980,16,0.998433
10990,24,0.998446
11000,21,0.998456
11010,13,0.998462
11020,19,0.998472
11030,23,0.998483
11040,19,0.998493
11050,16,0.998501
11060,16,0.998509
11070,14,0.998516
11080,18,0.998525
11090,14,0.998532
11100,19,0.998541
11110,9,0.998546
11120,16,0.998554
11130,15,0.998562
11140,16,0.998569
11150,12,0.998576
11160,15,0.998583
11170,14,0.998590
11180,12,0.998596
11190,13,0.998603
11200,14,0.998609
11210,12,0.998616
11220,14,0.998622
11230,10,0.998627
11240,16,0.998635
11250,4,0.998637
11260,7,0.998641
11270,11,0.998646
11280,12,0.998653
11290,9,0.998657
11300,7,0.998661
11310,17,0.998669
11320,9,0.998673
11330,13,0.998680
11340,10,0.998685
11350,13,0.998691
11360,12,0.998698
11370,13,0.998704
11380,11,0.998709
11390,8,0.998713
11400,12,0.998720
11410,15,0.998727
11420,14,0.998734
11430,7,0.998738
11440,7,0.998741
11450,9,0.998746
11460,4,0.998748
11470,3,0.998749
11480,14,0.998756
11490,7,0.998760
11500,8,0.998764
11510,5,0.998766
11520,9,0.998770
11530,6,0.998774
11540,11,0.998779
11550,12,0.998785
11560,8,0.998789
11570,12,0.998795
11580,9,0.998800
11590,5,0.998802
11600,7,0.998806
11610,9,0.998810
11620,10,0.998815
11630,17,0.998824
11640,15,0.998831
11650,9,0.998836
11660,6,0.998838
11670,8,0.998842
11680,7,0.998846
11690,5,0.998848
11700,5,0.998851
11710,4,0.998853
11720,9,0.998857
11730,8,0.998861
11740,6,0.998864
11750,4,0.998866
11760,11,0.998872
11770,7,0.998875
11780,13,0.998882
11790,8,0.998886
11800,4,0.998888
11810,4,0.998890
11820,6,0.998893
11830,5,0.998896
11840,3,0.998897
11850,4,0.998899
11860,5,0.998901
11870,9,0.998906
11880,5,0.998909
11890,4,0.998910
11900,5,0.998913
11910,12,0.998919
11920,6,0.998922
11930,5,0.998924
11940,8,0.998928
11950,8,0.998932
11960,10,0.998937
11970,2,0.998939
11980,8,0.998942
11990,5,0.998945
12000,7,0.998949
12010,5,0.998951
12020,3,0.998953
12030,4,0.998954
12040,6,0.998958
12050,4,0.998959
12060,6,0.998963
12070,8,0.998967
12080,9,0.998971
12090,7,0.998975
12100,4,0.998977
12110,5,0.998979
12120,5,0.998981
12130,6,0.998985
12140,5,0.998987
12150,4,0.998989
12160,5,0.998991
12170,6,0.998995
12180,4,0.998996
12190,6,0.998999
12200,7,0.999003
12210,5,0.999005
12220,3,0.999007
12230,3,0.999008
12240,4,0.999011
12250,4,0.999012
12260,4,0.999014
12270,7,0.999018
12280,4,0.999020
12290,6,0.999023
12300,5,0.999026
12310,3,0.999027
12320,3,0.999029
12330,5,0.999031
12340,7,0.999035
12350,5,0.999037
12360,3,0.999039
12370,5,0.999041
12380,6,0.999044
12390,6,0.999047
12400,8,0.999051
12410,4,0.999053
12420,3,0.999054
12430,5,0.999057
12440,3,0.999058
12450,7,0.999062
12460,3,0.999063
12470,6,0.999066
12480,5,0.999069
12490,4,0.999071
12500,4,0.999073
12510,6,0.999076
12520,10,0.999081
12530,4,0.999083
12550,6,0.999086
12560,6,0.999089
12570,5,0.999092
12580,8,0.999095
12590,3,0.999097
12600,5,0.999099
12610,2,0.999101
12620,5,0.999103
12630,5,0.999106
12640,7,0.999109
12650,5,0.999111
12660,8,0.999116
12670,2,0.999116
12680,2,0.999117
12690,4,0.999120
12700,4,0.999121
12710,4,0.999124
12720,6,0.999126
12730,6,0.999129
12740,6,0.999133
12750,5,0.999135
12760,4,0.999137
12770,8,0.999141
12780,2,0.999142
12790,4,0.999144
12800,4,0.999146
12810,11,0.999152
12820,5,0.999154
12830,1,0.999155
12840,6,0.999157
12850,4,0.999160
12860,6,0.999162
12870,4,0.999165
12880,8,0.999169
12890,4,0.999170
12900,5,0.999173
12910,3,0.999174
12920,6,0.999178
12930,5,0.999180
12940,2,0.999181
12950,3,0.999183
12960,4,0.999184
12970,3,0.999186
12980,5,0.999188
12990,4,0.999191
13000,6,0.999193
13010,1,0.999194
13020,2,0.999195
13030,2,0.999196
13040,7,0.999200
13050,10,0.999205
13070,3,0.999206
13080,4,0.999208
13090,1,0.999209
13100,6,0.999211
13110,8,0.999215
13120,4,0.999218
13130,4,0.999219
13140,4,0.999222
13150,4,0.999223
13160,9,0.999228
13170,5,0.999231
13180,4,0.999232
13190,4,0.999234
13200,1,0.999235
13210,5,0.999237
13220,4,0.999240
13230,6,0.999242
13240,1,0.999243
13250,6,0.999246
13260,5,0.999249
13270,6,0.999251
13280,7,0.999255
13290,6,0.999258
13300,3,0.999259
13310,7,0.999263
13320,4,0.999265
13330,7,0.999268
13340,6,0.999272
13350,3,0.999273
13360,3,0.999274
13370,7,0.999278
13380,3,0.999279
13390,4,0.999282
13400,3,0.999283
13410,6,0.999286
13420,6,0.999289
13430,8,0.999293
13440,4,0.999295
13450,5,0.999297
13460,4,0.999300
13470,5,0.999302
13480,6,0.999305
13490,6,0.999308
13500,5,0.999310
13510,3,0.999312
13520,7,0.999316
13530,4,0.999318
13540,5,0.999320
13550,10,0.999325
13560,2,0.999326
13570,4,0.999328
13580,2,0.999329
13590,5,0.999331
13600,5,0.999334
13610,2,0.999335
13620,3,0.999336
13630,3,0.999338
13640,5,0.999340
13650,5,0.999343
13660,6,0.999346
13670,9,0.999350
13680,4,0.999353
13690,3,0.999354
13700,3,0.999355
13710,7,0.999359
13720,2,0.999360
13730,8,0.999364
13740,5,0.999367
13750,3,0.999368
13760,7,0.999372
13770,7,0.999375
13780,2,0.999376
13790,6,0.999379
13800,7,0.999382
13810,3,0.999384
13820,5,0.999386
13830,2,0.999388
13840,6,0.999390
13850,4,0.999393
13860,2,0.999394
13870,11,0.999399
13880,2,0.999400
13890,3,0.999402
13900,3,0.999403
13910,6,0.999406
13920,5,0.999408
13930,2,0.999409
13940,3,0.999411
13950,1,0.999412
13960,6,0.999415
13970,5,0.999417
13980,3,0.999418
13990,3,0.999420
14000,2,0.999421
14010,4,0.999423
14020,6,0.999426
14030,1,0.999426
14040,6,0.999430
14060,7,0.999433
14070,3,0.999434
14080,2,0.999435
14090,8,0.999439
14100,2,0.999440
14110,6,0.999443
14120,3,0.999445
14130,6,0.999448
14140,4,0.999450
14150,2,0.999451
14160,3,0.999452
14170,5,0.999455
14180,4,0.999457
14190,10,0.999462
14200,6,0.999465
14210,8,0.999469
14220,7,0.999472
14230,7,0.999476
14240,7,0.999479
14250,7,0.999483
14260,8,0.999487
14270,9,0.999492
14280,5,0.999494
14290,3,0.999496
14300,4,0.999497
14310,4,0.999499
14320,5,0.999502
14330,4,0.999504
14340,4,0.999506
14350,11,0.999511
14360,2,0.999512
14370,3,0.999514
14380,6,0.999517
14390,7,0.999520
14400,4,0.999523
14410,3,0.999524
14420,3,0.999525
14430,1,0.999526
14440,5,0.999529
14450,8,0.999533
14460,4,0.999534
14470,2,0.999536
14480,4,0.999538
14490,4,0.999539
14500,5,0.999542
14510,7,0.999546
14520,3,0.999547
14530,8,0.999551
14540,5,0.999554
14550,3,0.999555
14560,6,0.999558
14570,5,0.999560
14580,3,0.999562
14590,8,0.999566
14600,4,0.999568
14610,2,0.999569
14620,8,0.999573
14630,5,0.999575
14640,4,0.999578
14650,3,0.999579
14660,6,0.999582
14670,1,0.999583
14680,3,0.999584
14690,7,0.999587
14700,4,0.999590
14710,4,0.999592
14720,2,0.999592
14730,3,0.999594
14740,2,0.999595
14750,5,0.999597
14760,6,0.999601
14770,9,0.999605
14780,3,0.999606
14790,6,0.999609
14800,7,0.999613
14810,2,0.999614
14820,4,0.999616
14830,3,0.999618
14840,4,0.999619
14850,1,0.999620
14860,7,0.999623
14870,6,0.999627
14880,2,0.999627
14890,3,0.999629
14900,4,0.999631
14910,7,0.999635
14920,4,0.999636
14930,7,0.999640
14940,8,0.999644
14950,3,0.999645
14960,3,0.999647
14970,5,0.999650
14980,3,0.999651
14990,3,0.999653
15010,2,0.999654
15020,5,0.999656
15030,4,0.999658
15040,2,0.999659
15050,2,0.999660
15060,3,0.999662
15070,6,0.999664
15080,5,0.999667
15090,8,0.999671
15100,3,0.999672
15110,5,0.999675
15120,5,0.999677
15130,7,0.999681
15140,4,0.999683
15150,2,0.999684
15160,5,0.999686
15170,2,0.999687
15180,6,0.999690
15190,4,0.999692
15200,5,0.999695
15210,3,0.999696
15220,3,0.999698
15230,2,0.999699
15240,2,0.999700
15250,1,0.999700
15260,3,0.999702
15270,6,0.999705
15290,6,0.999708
15300,5,0.999711
15310,6,0.999713
15320,2,0.999714
15330,4,0.999717
15340,4,0.999718
15350,4,0.999721
15360,2,0.999722
15370,3,0.999723
15380,1,0.999723
15390,7,0.999727
15400,2,0.999728
15420,5,0.999731
15430,4,0.999732
15440,3,0.999734
15450,3,0.999735
15460,3,0.999737
15470,2,0.999738
15480,5,0.999740
15490,2,0.999741
15500,3,0.999743
15510,2,0.999744
15540,2,0.999745
15550,5,0.999748
15560,1,0.999748
15570,5,0.999750
15580,6,0.999753
15590,1,0.999754
15600,5,0.999757
15610,3,0.999758
15620,2,0.999759
15640,1,0.999759
15650,4,0.999762
15660,5,0.999764
15670,2,0.999765
15680,3,0.999767
15690,3,0.999768
15700,2,0.999769
15710,4,0.999771
15720,3,0.999772
15730,2,0.999774
15740,2,0.999775
15750,1,0.999775
15760,3,0.999776
15770,4,0.999779
15790,2,0.999780
15800,1,0.999780
15810,1,0.999780
15820,3,0.999782
15830,7,0.999785
15840,3,0.999787
15850,3,0.999789
15860,2,0.999789
15870,4,0.999792
15880,1,0.999792
15890,2,0.999793
15910,2,0.999794
15920,2,0.999795
15930,2,0.999796
15950,3,0.999798
15960,6,0.999801
15970,2,0.999802
16000,1,0.999802
16010,3,0.999803
16020,7,0.999807
16030,3,0.999808
16040,6,0.999811
16050,3,0.999813
16060,4,0.999815
16080,4,0.999817
16090,5,0.999820
16100,3,0.999821
16110,3,0.999822
16120,4,0.999825
16130,3,0.999826
16140,1,0.999826
16150,2,0.999828
16160,4,0.999829
16170,1,0.999830
16180,5,0.999833
16190,1,0.999833
16200,2,0.999834
16210,3,0.999835
16220,4,0.999838
16230,1,0.999838
16240,2,0.999839
16250,1,0.999839
16260,1,0.999840
16280,1,0.999840
16290,1,0.999841
16300,1,0.999842
16310,1,0.999842
16320,2,0.999843
16330,3,0.999844
16350,1,0.999845
16360,2,0.999846
16380,1,0.999847
16390,3,0.999848
16420,2,0.999849
16440,2,0.999850
16450,1,0.999851
16460,2,0.999852
16470,1,0.999852
16480,2,0.999853
16490,3,0.999855
16500,2,0.999856
16520,3,0.999857
16530,1,0.999857
16570,3,0.999859
16580,2,0.999860
16590,1,0.999861
16600,4,0.999862
16610,1,0.999863
16620,2,0.999864
16630,1,0.999865
16650,3,0.999866
16670,1,0.999866
16680,1,0.999867
16690,1,0.999867
16700,1,0.999868
16710,1,0.999869
16740,2,0.999870
16760,1,0.999870
16790,1,0.999870
16800,3,0.999872
16810,1,0.999873
16820,1,0.999873
16830,4,0.999875
16840,1,0.999875
16850,1,0.999876
16860,1,0.999876
16870,2,0.999878
16880,2,0.999879
16890,1,0.999879
16950,1,0.999879
16960,1,0.999880
16990,2,0.999881
17000,2,0.999882
17010,1,0.999883
17030,2,0.999883
17060,1,0.999884
17070,1,0.999884
17080,1,0.999885
17090,3,0.999887
17100,1,0.999887
17130,1,0.999888
17150,1,0.999888
17180,1,0.999888
17200,2,0.999889
17210,1,0.999890
17220,2,0.999891
17250,2,0.999892
17300,2,0.999893
17310,1,0.999893
17330,1,0.999894
17340,1,0.999894
17370,1,0.999895
17390,1,0.999896
17420,1,0.999896
17430,1,0.999897
17450,1,0.999897
17460,1,0.999897
17500,1,0.999898
17540,3,0.999900
17550,2,0.999901
17570,1,0.999901
17580,1,0.999901
17590,2,0.999902
17610,1,0.999903
17620,1,0.999904
17630,1,0.999904
17670,2,0.999905
17690,1,0.999906
17710,1,0.999906
17720,1,0.999906
17740,1,0.999907
17760,1,0.999907
17790,2,0.999909
17820,1,0.999909
17850,1,0.999910
17860,1,0.999910
17870,1,0.999910
17880,1,0.999911
17890,3,0.999913
17900,1,0.999913
17910,1,0.999914
17920,1,0.999914
17930,1,0.999915
17940,2,0.999915
17960,1,0.999916
17970,1,0.999916
17980,2,0.999918
17990,4,0.999919
18000,1,0.999920
18020,3,0.999922
18050,1,0.999922
18070,1,0.999923
18100,1,0.999923
18120,2,0.999924
18130,1,0.999924
18160,2,0.999925
18190,2,0.999927
18220,1,0.999927
18230,2,0.999928
18240,2,0.999929
18260,1,0.999929
18270,1,0.999930
18300,2,0.999931
18320,2,0.999932
18330,1,0.999933
18350,1,0.999933
18380,1,0.999933
18410,1,0.999934
18440,3,0.999936
18450,2,0.999937
18470,1,0.999937
18490,2,0.999938
18540,1,0.999938
18590,2,0.999940
18600,1,0.999940
18610,1,0.999941
18620,2,0.999942
18630,1,0.999942
18670,1,0.999942
18680,1,0.999943
18690,1,0.999943
18700,1,0.999944
18710,1,0.999945
18720,2,0.999946
18740,2,0.999946
18780,1,0.999947
18790,1,0.999947
18800,1,0.999948
18810,1,0.999949
18840,1,0.999949
18850,3,0.999951
18860,2,0.999951
18870,1,0.999952
18880,2,0.999953
18920,1,0.999954
18930,1,0.999954
18940,1,0.999955
18950,1,0.999955
18980,1,0.999955
18990,1,0.999956
19000,1,0.999956
19010,1,0.999957
19020,1,0.999958
19080,1,0.999958
19140,1,0.999959
19160,2,0.999960
19230,1,0.999960
19260,1,0.999960
19270,1,0.999961
19290,1,0.999961
19300,1,0.999962
19370,1,0.999963
19390,1,0.999963
19400,2,0.999964
19410,1,0.999964
19510,1,0.999965
19540,1,0.999965
19570,1,0.999966
19600,1,0.999967
19610,1,0.999967
19630,2,0.999968
19640,1,0.999969
19660,1,0.999969
19690,1,0.999969
19720,2,0.999970
19730,1,0.999971
19740,1,0.999972
19770,1,0.999972
19820,1,0.999973
19850,1,0.999973
19940,1,0.999973
19950,1,0.999974
19960,1,0.999974
20030,1,0.999975
20040,1,0.999976
20150,1,0.999976
20160,1,0.999977
20170,2,0.999978
20180,1,0.999978
20210,1,0.999978
20300,1,0.999979
20310,1,0.999979
20330,1,0.999980
20340,1,0.999981
20450,1,0.999981
20470,1,0.999982
20480,2,0.999982
20490,1,0.999983
20500,1,0.999983
20520,1,0.999984
20550,1,0.999985
20560,1,0.999985
20680,1,0.999986
20900,1,0.999986
20970,1,0.999987
20990,1,0.999987
21030,1,0.999987
21390,1,0.999988
22850,1,0.999988
24200,1,0.999989
25000,1,0.999990
26340,1,0.999990
32520,1,0.999991
32610,1,0.999991
32620,1,0.999991
32910,1,0.999992
34040,1,0.999992
35390,1,0.999993
35660,1,0.999994
35790,1,0.999994
37800,1,0.999995
38160,1,0.999995
40390,1,0.999996
40580,1,0.999996
41020,1,0.999996
41900,1,0.999997
46870,1,0.999997
48020,1,0.999998
53850,1,0.999999
58710,1,0.999999
61570,1,1.000000
71160,1,1.000000
