#latency,cnt,cdf
50,1,0.000000
60,6,0.000001
70,3,0.000001
80,5,0.000002
90,1,0.000002
100,4,0.000002
110,1,0.000002
120,3,0.000002
130,5,0.000003
140,4,0.000003
150,5,0.000004
160,3,0.000004
170,1,0.000004
180,12,0.000005
190,8,0.000006
200,4,0.000007
210,2,0.000007
220,3,0.000007
230,1,0.000007
240,2,0.000007
250,2,0.000008
260,3,0.000008
270,9,0.000009
280,2,0.000009
290,2,0.000009
300,2,0.000009
310,6,0.000010
320,5,0.000010
330,7,0.000011
340,6,0.000012
350,4,0.000012
360,6,0.000013
370,1,0.000013
380,4,0.000013
390,5,0.000014
400,9,0.000015
410,6,0.000015
420,5,0.000016
430,4,0.000016
440,6,0.000017
450,9,0.000018
460,1,0.000018
470,4,0.000018
480,5,0.000019
490,4,0.000019
500,6,0.000020
510,3,0.000020
520,1,0.000020
530,4,0.000020
540,3,0.000021
550,1,0.000021
570,1,0.000021
580,4,0.000021
590,5,0.000022
600,3,0.000022
610,2,0.000022
620,5,0.000023
630,4,0.000023
640,4,0.000024
650,9,0.000025
660,2,0.000025
670,6,0.000025
680,7,0.000026
690,2,0.000026
700,3,0.000027
720,7,0.000027
730,6,0.000028
740,6,0.000029
760,1,0.000029
770,3,0.000029
780,2,0.000029
790,8,0.000030
800,4,0.000030
810,2,0.000030
820,3,0.000031
830,2,0.000031
840,6,0.000032
850,5,0.000032
860,4,0.000033
870,2,0.000033
880,2,0.000033
890,3,0.000033
900,3,0.000034
910,2,0.000034
920,6,0.000034
930,11,0.000035
940,9,0.000036
950,13,0.000038
960,10,0.000039
970,9,0.000039
980,5,0.000040
990,7,0.000041
1000,9,0.000042
1010,11,0.000043
1020,7,0.000043
1030,21,0.000046
1040,13,0.000047
1050,9,0.000048
1060,8,0.000048
1070,16,0.000050
1080,14,0.000051
1090,13,0.000053
1100,10,0.000054
1110,9,0.000055
1120,18,0.000057
1130,7,0.000057
1140,13,0.000059
1150,13,0.000060
1160,13,0.000061
1170,18,0.000063
1180,22,0.000065
1190,21,0.000067
1200,23,0.000069
1210,17,0.000071
1220,23,0.000073
1230,26,0.000076
1240,14,0.000078
1250,30,0.000081
1260,25,0.000083
1270,39,0.000087
1280,26,0.000089
1290,28,0.000092
1300,50,0.000097
1310,36,0.000101
1320,38,0.000105
1330,42,0.000109
1340,48,0.000114
1350,37,0.000117
1360,45,0.000122
1370,58,0.000128
1380,48,0.000133
1390,66,0.000139
1400,63,0.000145
1410,61,0.000152
1420,60,0.000158
1430,67,0.000164
1440,63,0.000171
1450,71,0.000178
1460,77,0.000185
1470,100,0.000195
1480,77,0.000203
1490,86,0.000212
1500,104,0.000222
1510,96,0.000232
1520,96,0.000241
1530,110,0.000252
1540,108,0.000263
1550,105,0.000273
1560,98,0.000283
1570,117,0.000295
1580,139,0.000309
1590,126,0.000322
1600,160,0.000338
1610,141,0.000352
1620,142,0.000366
1630,141,0.000380
1640,175,0.000397
1650,181,0.000415
1660,189,0.000434
1670,223,0.000457
1680,212,0.000478
1690,203,0.000498
1700,218,0.000520
1710,224,0.000542
1720,270,0.000569
1730,215,0.000591
1740,262,0.000617
1750,275,0.000645
1760,298,0.000674
1770,296,0.000704
1780,341,0.000738
1790,353,0.000773
1800,352,0.000809
1810,341,0.000843
1820,352,0.000878
1830,340,0.000912
1840,367,0.000949
1850,407,0.000989
1860,445,0.001034
1870,412,0.001075
1880,478,0.001123
1890,493,0.001172
1900,506,0.001223
1910,553,0.001278
1920,530,0.001331
1930,578,0.001389
1940,568,0.001446
1950,573,0.001503
1960,593,0.001562
1970,612,0.001623
1980,651,0.001689
1990,674,0.001756
2000,682,0.001824
2010,730,0.001897
2020,728,0.001970
2030,769,0.002047
2040,789,0.002126
2050,837,0.002209
2060,874,0.002297
2070,906,0.002387
2080,893,0.002477
2090,928,0.002569
2100,950,0.002664
2110,1025,0.002767
2120,947,0.002862
2130,1063,0.002968
2140,1026,0.003071
2150,1136,0.003184
2160,1148,0.003299
2170,1115,0.003411
2180,1153,0.003526
2190,1236,0.003649
2200,1217,0.003771
2210,1288,0.003900
2220,1361,0.004036
2230,1356,0.004172
2240,1432,0.004315
2250,1511,0.004466
2260,1508,0.004617
2270,1480,0.004765
2280,1574,0.004922
2290,1643,0.005086
2300,1590,0.005245
2310,1722,0.005418
2320,1685,0.005586
2330,1761,0.005762
2340,1774,0.005940
2350,1740,0.006114
2360,1876,0.006301
2370,1848,0.006486
2380,1832,0.006669
2390,2050,0.006874
2400,2037,0.007078
2410,1952,0.007273
2420,2092,0.007482
2430,2110,0.007693
2440,2275,0.007921
2450,2192,0.008140
2460,2262,0.008366
2470,2290,0.008595
2480,2395,0.008835
2490,2342,0.009069
2500,2468,0.009316
2510,2514,0.009567
2520,2530,0.009820
2530,2563,0.010076
2540,2571,0.010333
2550,2638,0.010597
2560,2667,0.010864
2570,2791,0.011143
2580,2888,0.011432
2590,2895,0.011721
2600,2830,0.012004
2610,2866,0.012291
2620,2964,0.012587
2630,3107,0.012898
2640,3072,0.013205
2650,3199,0.013525
2660,3283,0.013853
2670,3268,0.014180
2680,3285,0.014509
2690,3480,0.014857
2700,3415,0.015198
2710,3519,0.015550
2720,3563,0.015906
2730,3596,0.016266
2740,3657,0.016632
2750,3757,0.017007
2760,3794,0.017387
2770,3857,0.017773
2780,3846,0.018157
2790,3883,0.018545
2800,3965,0.018942
2810,3971,0.019339
2820,4058,0.019745
2830,4158,0.020161
2840,4192,0.020580
2850,4254,0.021005
2860,4103,0.021416
2870,4289,0.021845
2880,4239,0.022268
2890,4388,0.022707
2900,4333,0.023140
2910,4451,0.023586
2920,4559,0.024041
2930,4576,0.024499
2940,4560,0.024955
2950,4741,0.025429
2960,4780,0.025907
2970,4804,0.026388
2980,4986,0.026886
2990,4896,0.027376
3000,4945,0.027870
3010,5192,0.028390
3020,5178,0.028907
3030,5286,0.029436
3040,5375,0.029973
3050,5309,0.030504
3060,5497,0.031054
3070,5409,0.031595
3080,5586,0.032153
3090,5667,0.032720
3100,5681,0.033288
3110,5741,0.033862
3120,5858,0.034448
3130,5933,0.035041
3140,6010,0.035643
3150,6071,0.036250
3160,6171,0.036867
3170,6285,0.037495
3180,6332,0.038128
3190,6284,0.038757
3200,6311,0.039388
3210,6311,0.040019
3220,6639,0.040683
3230,6638,0.041347
3240,6556,0.042002
3250,6857,0.042688
3260,6909,0.043379
3270,6933,0.044072
3280,7010,0.044773
3290,7031,0.045476
3300,7327,0.046209
3310,7266,0.046936
3320,7382,0.047674
3330,7443,0.048418
3340,7446,0.049163
3350,7525,0.049915
3360,7751,0.050690
3370,7788,0.051469
3380,7865,0.052256
3390,7833,0.053039
3400,7959,0.053835
3410,8011,0.054636
3420,8140,0.055450
3430,8433,0.056293
3440,8271,0.057120
3450,8383,0.057959
3460,8443,0.058803
3470,8642,0.059667
3480,8763,0.060543
3490,8885,0.061432
3500,9072,0.062339
3510,9269,0.063266
3520,9273,0.064193
3530,9462,0.065140
3540,9409,0.066080
3550,9592,0.067040
3560,9845,0.068024
3570,10127,0.069037
3580,10131,0.070050
3590,10413,0.071091
3600,10268,0.072118
3610,10546,0.073173
3620,10765,0.074249
3630,10779,0.075327
3640,11067,0.076434
3650,11260,0.077560
3660,11496,0.078709
3670,11554,0.079865
3680,11839,0.081049
3690,11929,0.082241
3700,12016,0.083443
3710,12454,0.084688
3720,12643,0.085953
3730,12959,0.087249
3740,13150,0.088564
3750,13349,0.089899
3760,13772,0.091276
3770,13680,0.092644
3780,13785,0.094022
3790,14114,0.095434
3800,14448,0.096878
3810,14647,0.098343
3820,15095,0.099853
3830,15208,0.101374
3840,15595,0.102933
3850,15582,0.104491
3860,15855,0.106077
3870,16220,0.107699
3880,16492,0.109348
3890,16666,0.111015
3900,17107,0.112725
3910,17195,0.114445
3920,17867,0.116231
3930,17727,0.118004
3940,18305,0.119835
3950,18702,0.121705
3960,18844,0.123589
3970,19236,0.125513
3980,19626,0.127475
3990,19924,0.129468
4000,20439,0.131512
4010,20567,0.133568
4020,21161,0.135685
4030,21534,0.137838
4040,21990,0.140037
4050,22391,0.142276
4060,22518,0.144528
4070,23276,0.146855
4080,23810,0.149236
4090,23905,0.151627
4100,24326,0.154059
4110,24710,0.156530
4120,24949,0.159025
4130,25720,0.161597
4140,25918,0.164189
4150,26601,0.166849
4160,27276,0.169577
4170,27127,0.172290
4180,28190,0.175109
4190,28591,0.177968
4200,29188,0.180887
4210,29427,0.183829
4220,29862,0.186815
4230,30644,0.189880
4240,30726,0.192952
4250,31430,0.196095
4260,31844,0.199280
4270,32471,0.202527
4280,33170,0.205844
4290,33314,0.209175
4300,34028,0.212578
4310,34472,0.216025
4320,35220,0.219547
4330,35288,0.223076
4340,36095,0.226686
4350,36306,0.230316
4360,37134,0.234030
4370,37734,0.237803
4380,37945,0.241598
4390,38375,0.245435
4400,38660,0.249301
4410,39379,0.253239
4420,39976,0.257237
4430,40136,0.261250
4440,40696,0.265320
4450,41772,0.269497
4460,42007,0.273698
4470,42960,0.277994
4480,42902,0.282284
4490,43062,0.286590
4500,44041,0.290994
4510,44272,0.295421
4520,44958,0.299917
4530,45541,0.304471
4540,45893,0.309061
4550,46349,0.313695
4560,47183,0.318414
4570,47077,0.323121
4580,47840,0.327905
4590,48039,0.332709
4600,48484,0.337558
4610,49226,0.342480
4620,49582,0.347439
4630,49941,0.352433
4640,50857,0.357518
4650,50604,0.362579
4660,51207,0.367699
4670,51819,0.372881
4680,51979,0.378079
4690,52401,0.383319
4700,52696,0.388589
4710,52892,0.393878
4720,53437,0.399222
4730,53543,0.404576
4740,54189,0.409995
4750,54447,0.415440
4760,54656,0.420905
4770,54236,0.426329
4780,55153,0.431844
4790,55087,0.437353
4800,55792,0.442932
4810,55628,0.448495
4820,56309,0.454126
4830,55996,0.459725
4840,56245,0.465350
4850,56309,0.470981
4860,56636,0.476644
4870,57063,0.482351
4880,56910,0.488042
4890,57652,0.493807
4900,57088,0.499516
4910,57179,0.505234
4920,57404,0.510974
4930,57281,0.516702
4940,56993,0.522401
4950,57443,0.528146
4960,57581,0.533904
4970,57049,0.539609
4980,57060,0.545315
4990,57806,0.551095
5000,57014,0.556797
5010,57344,0.562531
5020,57107,0.568242
5030,56976,0.573939
5040,56671,0.579606
5050,56272,0.585234
5060,56648,0.590899
5070,56447,0.596543
5080,56035,0.602147
5090,56082,0.607755
5100,56087,0.613364
5110,55435,0.618907
5120,55565,0.624464
5130,55052,0.629969
5140,55148,0.635484
5150,54172,0.640901
5160,54226,0.646323
5170,54042,0.651728
5180,53800,0.657108
5190,53446,0.662452
5200,53391,0.667791
5210,52708,0.673062
5220,52766,0.678339
5230,51632,0.683502
5240,52026,0.688704
5250,51497,0.693854
5260,50959,0.698950
5270,50604,0.704010
5280,50651,0.709076
5290,49972,0.714073
5300,49274,0.719000
5310,49119,0.723912
5320,48442,0.728756
5330,48232,0.733580
5340,47546,0.738334
5350,47226,0.743057
5360,46763,0.747733
5370,45900,0.752323
5380,45380,0.756861
5390,45284,0.761389
5400,44834,0.765873
5410,44130,0.770286
5420,43634,0.774649
5430,43299,0.778979
5440,43374,0.783316
5450,42401,0.787557
5460,41808,0.791737
5470,41409,0.795878
5480,41071,0.799985
5490,40520,0.804037
5500,39572,0.807995
5510,39378,0.811932
5520,38864,0.815819
5530,38179,0.819637
5540,37915,0.823428
5550,37234,0.827152
5560,36875,0.830839
5570,36259,0.834465
5580,35252,0.837990
5590,35048,0.841495
5600,34572,0.844952
5610,34229,0.848375
5620,33621,0.851737
5630,32963,0.855034
5640,32684,0.858302
5650,32126,0.861515
5660,31132,0.864628
5670,30691,0.867697
5680,30168,0.870714
5690,29669,0.873680
5700,29554,0.876636
5710,29075,0.879543
5720,28099,0.882353
5730,27749,0.885128
5740,26967,0.887825
5750,26410,0.890466
5760,26112,0.893077
5770,25730,0.895650
5780,25346,0.898185
5790,24791,0.900664
5800,24377,0.903102
5810,24025,0.905504
5820,23431,0.907847
5830,22756,0.910123
5840,22652,0.912388
5850,21870,0.914575
5860,21581,0.916733
5870,20905,0.918823
5880,20575,0.920881
5890,20065,0.922888
5900,19740,0.924861
5910,19005,0.926762
5920,18976,0.928660
5930,18301,0.930490
5940,18132,0.932303
5950,17836,0.934087
5960,17036,0.935790
5970,16724,0.937463
5980,16515,0.939114
5990,16083,0.940722
6000,16054,0.942328
6010,15596,0.943887
6020,15111,0.945398
6030,14654,0.946864
6040,14659,0.948330
6050,14163,0.949746
6060,13632,0.951109
6070,13665,0.952476
6080,13056,0.953781
6090,12879,0.955069
6100,12696,0.956339
6110,12279,0.957567
6120,12047,0.958771
6130,11522,0.959924
6140,11552,0.961079
6150,11099,0.962189
6160,10678,0.963256
6170,10495,0.964306
6180,10207,0.965327
6190,10004,0.966327
6200,9734,0.967300
6210,9622,0.968263
6220,9163,0.969179
6230,8871,0.970066
6240,8838,0.970950
6250,8540,0.971804
6260,8246,0.972628
6270,8204,0.973449
6280,7818,0.974231
6290,7534,0.974984
6300,7466,0.975731
6310,7210,0.976452
6320,7155,0.977167
6330,6832,0.977850
6340,6562,0.978507
6350,6280,0.979135
6360,6389,0.979774
6370,6150,0.980389
6380,5894,0.980978
6390,5903,0.981568
6400,5615,0.982130
6410,5313,0.982661
6420,5150,0.983176
6430,5142,0.983690
6440,4863,0.984177
6450,4720,0.984649
6460,4565,0.985105
6470,4325,0.985538
6480,4443,0.985982
6490,4242,0.986406
6500,4096,0.986816
6510,3869,0.987203
6520,3866,0.987589
6530,3735,0.987963
6540,3615,0.988324
6550,3542,0.988678
6560,3438,0.989022
6570,3242,0.989346
6580,3257,0.989672
6590,3071,0.989979
6600,3014,0.990281
6610,3009,0.990581
6620,2745,0.990856
6630,2758,0.991132
6640,2684,0.991400
6650,2532,0.991653
6660,2363,0.991890
6670,2410,0.992131
6680,2368,0.992367
6690,2165,0.992584
6700,2119,0.992796
6710,1974,0.992993
6720,2016,0.993195
6730,1938,0.993389
6740,1911,0.993580
6750,1818,0.993761
6760,1716,0.993933
6770,1717,0.994105
6780,1636,0.994268
6790,1565,0.994425
6800,1592,0.994584
6810,1445,0.994729
6820,1410,0.994870
6830,1367,0.995006
6840,1311,0.995137
6850,1191,0.995256
6860,1156,0.995372
6870,1187,0.995491
6880,1108,0.995602
6890,1013,0.995703
6900,1030,0.995806
6910,995,0.995905
6920,925,0.995998
6930,925,0.996090
6940,895,0.996180
6950,819,0.996262
6960,773,0.996339
6970,729,0.996412
6980,750,0.996487
6990,704,0.996557
7000,628,0.996620
7010,636,0.996684
7020,647,0.996749
7030,543,0.996803
7040,589,0.996862
7050,537,0.996915
7060,505,0.996966
7070,513,0.997017
7080,455,0.997063
7090,454,0.997108
7100,502,0.997158
7110,455,0.997204
7120,393,0.997243
7130,388,0.997282
7140,390,0.997321
7150,389,0.997360
7160,357,0.997396
7170,381,0.997434
7180,382,0.997472
7190,321,0.997504
7200,306,0.997535
7210,320,0.997567
7220,302,0.997597
7230,300,0.997627
7240,302,0.997657
7250,290,0.997686
7260,242,0.997710
7270,297,0.997740
7280,259,0.997766
7290,258,0.997792
7300,249,0.997816
7310,225,0.997839
7320,213,0.997860
7330,239,0.997884
7340,216,0.997906
7350,238,0.997930
7360,212,0.997951
7370,195,0.997970
7380,222,0.997992
7390,212,0.998014
7400,196,0.998033
7410,175,0.998051
7420,172,0.998068
7430,190,0.998087
7440,174,0.998104
7450,167,0.998121
7460,167,0.998138
7470,176,0.998155
7480,166,0.998172
7490,162,0.998188
7500,172,0.998205
7510,157,0.998221
7520,152,0.998236
7530,163,0.998253
7540,162,0.998269
7550,157,0.998284
7560,152,0.998300
7570,139,0.998313
7580,137,0.998327
7590,153,0.998343
7600,117,0.998354
7610,136,0.998368
7620,135,0.998381
7630,132,0.998394
7640,137,0.998408
7650,109,0.998419
7660,122,0.998431
7670,112,0.998442
7680,151,0.998458
7690,126,0.998470
7700,129,0.998483
7710,100,0.998493
7720,91,0.998502
7730,135,0.998516
7740,113,0.998527
7750,100,0.998537
7760,122,0.998549
7770,108,0.998560
7780,99,0.998570
7790,103,0.998580
7800,107,0.998591
7810,98,0.998601
7820,100,0.998611
7830,91,0.998620
7840,107,0.998631
7850,108,0.998641
7860,105,0.998652
7870,92,0.998661
7880,98,0.998671
7890,113,0.998682
7900,90,0.998691
7910,104,0.998702
7920,111,0.998713
7930,107,0.998723
7940,86,0.998732
7950,107,0.998743
7960,91,0.998752
7970,70,0.998759
7980,103,0.998769
7990,101,0.998779
8000,102,0.998789
8010,98,0.998799
8020,98,0.998809
8030,77,0.998817
8040,84,0.998825
8050,87,0.998834
8060,84,0.998842
8070,82,0.998850
8080,81,0.998858
8090,82,0.998867
8100,85,0.998875
8110,70,0.998882
8120,77,0.998890
8130,78,0.998898
8140,77,0.998905
8150,81,0.998913
8160,74,0.998921
8170,78,0.998929
8180,78,0.998936
8190,82,0.998945
8200,81,0.998953
8210,58,0.998959
8220,78,0.998966
8230,89,0.998975
8240,74,0.998983
8250,96,0.998992
8260,76,0.999000
8270,73,0.999007
8280,81,0.999015
8290,95,0.999025
8300,84,0.999033
8310,69,0.999040
8320,78,0.999048
8330,85,0.999056
8340,75,0.999064
8350,92,0.999073
8360,81,0.999081
8370,86,0.999090
8380,64,0.999096
8390,82,0.999104
8400,54,0.999110
8410,59,0.999116
8420,69,0.999123
8430,67,0.999129
8440,80,0.999137
8450,69,0.999144
8460,83,0.999152
8470,59,0.999158
8480,54,0.999164
8490,61,0.999170
8500,74,0.999177
8510,69,0.999184
8520,59,0.999190
8530,56,0.999196
8540,71,0.999203
8550,72,0.999210
8560,68,0.999217
8570,79,0.999225
8580,58,0.999230
8590,45,0.999235
8600,65,0.999241
8610,81,0.999250
8620,71,0.999257
8630,82,0.999265
8640,72,0.999272
8650,65,0.999278
8660,66,0.999285
8670,63,0.999291
8680,53,0.999297
8690,57,0.999302
8700,63,0.999309
8710,53,0.999314
8720,66,0.999321
8730,53,0.999326
8740,68,0.999333
8750,45,0.999337
8760,76,0.999345
8770,52,0.999350
8780,52,0.999355
8790,49,0.999360
8800,35,0.999364
8810,65,0.999370
8820,58,0.999376
8830,61,0.999382
8840,49,0.999387
8850,51,0.999392
8860,47,0.999397
8870,47,0.999401
8880,38,0.999405
8890,62,0.999411
8900,50,0.999416
8910,35,0.999420
8920,40,0.999424
8930,50,0.999429
8940,54,0.999434
8950,45,0.999439
8960,59,0.999445
8970,45,0.999449
8980,52,0.999454
8990,48,0.999459
9000,52,0.999464
9010,48,0.999469
9020,57,0.999475
9030,53,0.999480
9040,66,0.999487
9050,38,0.999491
9060,55,0.999496
9070,32,0.999499
9080,40,0.999503
9090,54,0.999509
9100,41,0.999513
9110,49,0.999518
9120,50,0.999523
9130,58,0.999529
9140,46,0.999533
9150,39,0.999537
9160,29,0.999540
9170,50,0.999545
9180,45,0.999549
9190,50,0.999554
9200,38,0.999558
9210,45,0.999563
9220,39,0.999567
9230,44,0.999571
9240,42,0.999575
9250,36,0.999579
9260,53,0.999584
9270,48,0.999589
9280,38,0.999593
9290,39,0.999597
9300,34,0.999600
9310,41,0.999604
9320,44,0.999609
9330,45,0.999613
9340,42,0.999617
9350,49,0.999622
9360,38,0.999626
9370,35,0.999629
9380,52,0.999635
9390,42,0.999639
9400,47,0.999644
9410,36,0.999647
9420,32,0.999650
9430,37,0.999654
9440,57,0.999660
9450,43,0.999664
9460,43,0.999668
9470,47,0.999673
9480,41,0.999677
9490,32,0.999680
9500,43,0.999685
9510,34,0.999688
9520,46,0.999693
9530,30,0.999696
9540,38,0.999699
9550,39,0.999703
9560,39,0.999707
9570,31,0.999710
9580,37,0.999714
9590,40,0.999718
9600,50,0.999723
9610,31,0.999726
9620,46,0.999731
9630,35,0.999734
9640,46,0.999739
9650,38,0.999743
9660,35,0.999746
9670,28,0.999749
9680,33,0.999752
9690,32,0.999755
9700,23,0.999758
9710,25,0.999760
9720,36,0.999764
9730,34,0.999767
9740,35,0.999771
9750,32,0.999774
9760,27,0.999777
9770,35,0.999780
9780,36,0.999784
9790,30,0.999787
9800,23,0.999789
9810,31,0.999792
9820,36,0.999796
9830,31,0.999799
9840,30,0.999802
9850,27,0.999804
9860,27,0.999807
9870,33,0.999811
9880,35,0.999814
9890,28,0.999817
9900,42,0.999821
9910,33,0.999824
9920,28,0.999827
9930,33,0.999830
9940,46,0.999835
9950,37,0.999839
9960,30,0.999842
9970,34,0.999845
9980,54,0.999851
9990,27,0.999853
10000,32,0.999856
10010,26,0.999859
10020,25,0.999861
10030,19,0.999863
10040,28,0.999866
10050,25,0.999869
10060,28,0.999871
10070,29,0.999874
10080,32,0.999878
10090,23,0.999880
10100,22,0.999882
10110,23,0.999884
10120,25,0.999887
10130,21,0.999889
10140,25,0.999892
10150,21,0.999894
10160,23,0.999896
10170,26,0.999898
10180,20,0.999901
10190,19,0.999902
10200,16,0.999904
10210,15,0.999906
10220,21,0.999908
10230,21,0.999910
10240,18,0.999911
10250,21,0.999914
10260,21,0.999916
10270,24,0.999918
10280,23,0.999920
10290,11,0.999922
10300,10,0.999923
10310,11,0.999924
10320,18,0.999925
10330,14,0.999927
10340,18,0.999929
10350,21,0.999931
10360,17,0.999932
10370,11,0.999933
10380,4,0.999934
10390,6,0.999934
10400,13,0.999936
10410,13,0.999937
10420,9,0.999938
10430,12,0.999939
10440,10,0.999940
10450,10,0.999941
10460,4,0.999942
10470,9,0.999942
10480,9,0.999943
10490,8,0.999944
10500,4,0.999945
10510,14,0.999946
10520,6,0.999947
10530,2,0.999947
10540,15,0.999948
10550,8,0.999949
10560,9,0.999950
10570,12,0.999951
10580,9,0.999952
10590,6,0.999953
10600,7,0.999953
10610,6,0.999954
10620,8,0.999955
10630,7,0.999955
10640,7,0.999956
10650,7,0.999957
10660,8,0.999958
10670,7,0.999958
10680,5,0.999959
10690,9,0.999960
10700,6,0.999960
10710,6,0.999961
10720,3,0.999961
10730,9,0.999962
10740,3,0.999963
10750,8,0.999963
10760,5,0.999964
10770,8,0.999965
10780,4,0.999965
10790,7,0.999966
10800,4,0.999966
10810,2,0.999966
10820,4,0.999967
10830,7,0.999967
10840,4,0.999968
10850,5,0.999968
10860,2,0.999969
10870,1,0.999969
10880,4,0.999969
10890,6,0.999970
10900,6,0.999970
10910,4,0.999971
10920,2,0.999971
10930,5,0.999971
10940,4,0.999972
10950,3,0.999972
10960,7,0.999973
10970,7,0.999973
10980,4,0.999974
10990,4,0.999974
11000,1,0.999974
11010,3,0.999975
11020,4,0.999975
11030,2,0.999975
11040,5,0.999976
11050,4,0.999976
11060,1,0.999976
11070,2,0.999976
11080,2,0.999977
11090,6,0.999977
11100,4,0.999978
11110,5,0.999978
11120,4,0.999978
11130,2,0.999979
11140,2,0.999979
11150,1,0.999979
11160,7,0.999980
11170,2,0.999980
11180,1,0.999980
11190,2,0.999980
11200,2,0.999980
11210,2,0.999981
11220,4,0.999981
11230,3,0.999981
11240,5,0.999982
11250,2,0.999982
11260,2,0.999982
11270,3,0.999982
11280,3,0.999983
11290,4,0.999983
11300,2,0.999983
11310,1,0.999983
11330,4,0.999984
11340,3,0.999984
11350,6,0.999985
11360,2,0.999985
11370,2,0.999985
11380,1,0.999985
11390,3,0.999986
11400,2,0.999986
11410,4,0.999986
11420,2,0.999986
11430,2,0.999987
11440,2,0.999987
11450,2,0.999987
11460,1,0.999987
11470,3,0.999987
11480,3,0.999988
11490,1,0.999988
11510,3,0.999988
11520,2,0.999988
11530,1,0.999988
11540,1,0.999988
11550,3,0.999989
11570,1,0.999989
11580,4,0.999989
11590,1,0.999989
11610,1,0.999990
11620,2,0.999990
11630,4,0.999990
11640,2,0.999990
11650,5,0.999991
11660,1,0.999991
11670,2,0.999991
11680,2,0.999991
11690,1,0.999991
11700,1,0.999991
11720,1,0.999992
11760,1,0.999992
11770,1,0.999992
11780,2,0.999992
11790,3,0.999992
11800,2,0.999992
11810,1,0.999993
11830,4,0.999993
11840,1,0.999993
11850,2,0.999993
11880,2,0.999994
11890,2,0.999994
11910,3,0.999994
11920,1,0.999994
11930,2,0.999994
11940,2,0.999995
11950,2,0.999995
11990,2,0.999995
12020,1,0.999995
12040,3,0.999995
12060,1,0.999995
12070,2,0.999996
12080,1,0.999996
12090,1,0.999996
12110,2,0.999996
12120,2,0.999996
12130,4,0.999997
12150,2,0.999997
12170,1,0.999997
12180,1,0.999997
12300,1,0.999997
12310,1,0.999997
12320,1,0.999997
12330,2,0.999997
12340,1,0.999998
12350,1,0.999998
12360,1,0.999998
12370,1,0.999998
12400,1,0.999998
12410,1,0.999998
12430,2,0.999998
12480,1,0.999998
12500,1,0.999999
12510,1,0.999999
12520,1,0.999999
12570,1,0.999999
12620,1,0.999999
12630,1,0.999999
12720,1,0.999999
12740,2,0.999999
12770,1,0.999999
12780,1,1.000000
12830,1,1.000000
12850,1,1.000000
12870,1,1.000000
12970,1,1.000000
13720,1,1.000000
