#latency,cnt,cdf
0,3603360,0.379259
10,3001,0.379575
20,629,0.379641
30,57048,0.385645
40,533,0.385701
50,691,0.385774
60,353049,0.422933
70,42278,0.427383
80,358186,0.465082
90,7031,0.465822
100,170153,0.483731
110,60997,0.490151
120,315832,0.523393
130,196260,0.544050
140,97033,0.554263
150,182028,0.573421
160,40209,0.577653
170,694036,0.650702
180,266020,0.678701
190,740131,0.756600
200,236103,0.781451
210,68222,0.788631
220,120704,0.801335
230,607567,0.865283
240,169344,0.883106
250,90074,0.892587
260,77746,0.900770
270,96903,0.910969
280,59329,0.917213
290,76885,0.925306
300,54989,0.931093
310,88584,0.940417
320,53014,0.945997
330,56175,0.951909
340,50940,0.957271
350,35267,0.960983
360,45979,0.965822
370,39481,0.969977
380,57426,0.976022
390,25897,0.978747
400,21300,0.980989
410,31811,0.984337
420,38255,0.988364
430,20890,0.990562
440,16083,0.992255
450,10968,0.993409
460,8788,0.994334
470,13163,0.995720
480,6013,0.996353
490,4063,0.996780
500,3160,0.997113
510,3793,0.997512
520,1265,0.997645
530,1206,0.997772
540,1147,0.997893
550,1148,0.998014
560,1050,0.998124
570,912,0.998220
580,1201,0.998347
590,1132,0.998466
600,956,0.998566
610,577,0.998627
620,587,0.998689
630,621,0.998754
640,647,0.998822
650,746,0.998901
660,228,0.998925
670,219,0.998948
680,203,0.998969
690,273,0.998998
700,171,0.999016
710,148,0.999032
720,128,0.999045
730,117,0.999057
740,129,0.999071
750,120,0.999084
760,113,0.999096
770,105,0.999107
780,91,0.999116
790,103,0.999127
800,98,0.999137
810,107,0.999149
820,90,0.999158
830,86,0.999167
840,106,0.999178
850,88,0.999188
860,97,0.999198
870,91,0.999207
880,74,0.999215
890,95,0.999225
900,86,0.999234
910,70,0.999242
920,66,0.999249
930,56,0.999254
940,68,0.999262
950,66,0.999269
960,65,0.999275
970,63,0.999282
980,55,0.999288
990,61,0.999294
1000,40,0.999298
1010,44,0.999303
1020,40,0.999307
1030,44,0.999312
1040,54,0.999318
1050,44,0.999322
1060,43,0.999327
1070,46,0.999332
1080,43,0.999336
1090,44,0.999341
1100,38,0.999345
1110,49,0.999350
1120,33,0.999353
1130,31,0.999357
1140,37,0.999361
1150,37,0.999364
1160,37,0.999368
1170,27,0.999371
1180,39,0.999375
1190,28,0.999378
1200,38,0.999382
1210,36,0.999386
1220,35,0.999390
1230,28,0.999393
1240,39,0.999397
1250,32,0.999400
1260,22,0.999402
1270,37,0.999406
1280,28,0.999409
1290,34,0.999413
1300,33,0.999416
1310,27,0.999419
1320,39,0.999423
1330,30,0.999426
1340,19,0.999428
1350,25,0.999431
1360,29,0.999434
1370,31,0.999437
1380,29,0.999440
1390,21,0.999443
1400,29,0.999446
1410,30,0.999449
1420,22,0.999451
1430,20,0.999453
1440,28,0.999456
1450,19,0.999458
1460,35,0.999462
1470,32,0.999465
1480,28,0.999468
1490,22,0.999470
1500,31,0.999474
1510,21,0.999476
1520,25,0.999479
1530,22,0.999481
1540,21,0.999483
1550,25,0.999486
1560,17,0.999488
1570,27,0.999490
1580,26,0.999493
1590,16,0.999495
1600,28,0.999498
1610,30,0.999501
1620,29,0.999504
1630,23,0.999506
1640,32,0.999510
1650,20,0.999512
1660,22,0.999514
1670,18,0.999516
1680,24,0.999519
1690,12,0.999520
1700,20,0.999522
1710,19,0.999524
1720,25,0.999527
1730,20,0.999529
1740,18,0.999531
1750,23,0.999533
1760,35,0.999537
1770,14,0.999538
1780,26,0.999541
1790,22,0.999543
1800,28,0.999546
1810,32,0.999550
1820,24,0.999552
1830,27,0.999555
1840,48,0.999560
1850,49,0.999565
1860,53,0.999571
1870,80,0.999579
1880,85,0.999588
1890,60,0.999594
1900,53,0.999600
1910,36,0.999604
1920,24,0.999606
1930,12,0.999608
1940,24,0.999610
1950,27,0.999613
1960,39,0.999617
1970,33,0.999620
1980,57,0.999626
1990,46,0.999631
2000,46,0.999636
2010,67,0.999643
2020,50,0.999648
2030,51,0.999654
2040,47,0.999659
2050,42,0.999663
2060,34,0.999667
2070,35,0.999670
2080,33,0.999674
2090,24,0.999676
2100,34,0.999680
2110,18,0.999682
2120,36,0.999686
2130,21,0.999688
2140,24,0.999690
2150,17,0.999692
2160,19,0.999694
2170,19,0.999696
2180,15,0.999698
2190,20,0.999700
2200,14,0.999701
2210,20,0.999704
2220,23,0.999706
2230,19,0.999708
2240,18,0.999710
2250,19,0.999712
2260,23,0.999714
2270,11,0.999715
2280,15,0.999717
2290,13,0.999718
2300,17,0.999720
2310,29,0.999723
2320,26,0.999726
2330,13,0.999727
2340,16,0.999729
2350,13,0.999730
2360,21,0.999733
2370,14,0.999734
2380,22,0.999736
2390,17,0.999738
2400,25,0.999741
2410,18,0.999743
2420,20,0.999745
2430,23,0.999747
2440,18,0.999749
2450,19,0.999751
2460,16,0.999753
2470,22,0.999755
2480,29,0.999758
2490,28,0.999761
2500,20,0.999763
2510,16,0.999765
2520,22,0.999767
2530,16,0.999769
2540,22,0.999771
2550,9,0.999772
2560,30,0.999775
2570,18,0.999777
2580,15,0.999779
2590,15,0.999780
2600,13,0.999782
2610,14,0.999783
2620,13,0.999785
2630,18,0.999786
2640,9,0.999787
2650,14,0.999789
2660,15,0.999790
2670,16,0.999792
2680,16,0.999794
2690,14,0.999795
2700,11,0.999796
2710,9,0.999797
2720,21,0.999800
2730,14,0.999801
2740,7,0.999802
2750,14,0.999803
2760,16,0.999805
2770,18,0.999807
2780,21,0.999809
2790,18,0.999811
2800,12,0.999812
2810,14,0.999814
2820,17,0.999816
2830,12,0.999817
2840,13,0.999818
2850,14,0.999820
2860,15,0.999821
2870,12,0.999822
2880,8,0.999823
2890,13,0.999825
2900,11,0.999826
2910,15,0.999827
2920,8,0.999828
2930,9,0.999829
2940,10,0.999830
2950,8,0.999831
2960,16,0.999833
2970,15,0.999834
2980,6,0.999835
2990,5,0.999835
3000,14,0.999837
3010,14,0.999838
3020,12,0.999840
3030,13,0.999841
3040,11,0.999842
3050,9,0.999843
3060,16,0.999845
3070,11,0.999846
3080,10,0.999847
3090,22,0.999849
3100,15,0.999851
3110,10,0.999852
3120,15,0.999854
3130,12,0.999855
3140,10,0.999856
3150,12,0.999857
3160,12,0.999858
3170,11,0.999860
3180,12,0.999861
3190,17,0.999863
3200,9,0.999864
3210,15,0.999865
3220,10,0.999866
3230,10,0.999867
3240,15,0.999869
3250,11,0.999870
3260,14,0.999871
3270,13,0.999873
3280,8,0.999874
3290,14,0.999875
3300,8,0.999876
3310,8,0.999877
3320,8,0.999878
3330,14,0.999879
3340,11,0.999880
3350,11,0.999882
3360,11,0.999883
3370,10,0.999884
3380,10,0.999885
3390,11,0.999886
3400,12,0.999887
3410,10,0.999888
3420,5,0.999889
3430,9,0.999890
3440,12,0.999891
3450,12,0.999892
3460,15,0.999894
3470,8,0.999895
3480,8,0.999896
3490,11,0.999897
3500,7,0.999897
3510,4,0.999898
3520,7,0.999899
3530,2,0.999899
3540,10,0.999900
3550,10,0.999901
3560,8,0.999902
3570,8,0.999903
3580,9,0.999904
3590,8,0.999904
3600,10,0.999905
3610,9,0.999906
3620,12,0.999908
3630,9,0.999909
3640,9,0.999909
3650,9,0.999910
3660,6,0.999911
3670,4,0.999911
3680,3,0.999912
3690,4,0.999912
3700,6,0.999913
3710,6,0.999913
3720,6,0.999914
3730,9,0.999915
3740,4,0.999915
3750,3,0.999916
3760,2,0.999916
3780,3,0.999916
3790,2,0.999917
3800,4,0.999917
3810,3,0.999917
3820,5,0.999918
3830,2,0.999918
3840,3,0.999918
3850,1,0.999918
3860,1,0.999919
3870,1,0.999919
3880,2,0.999919
3890,1,0.999919
3900,3,0.999919
3910,1,0.999919
3920,1,0.999919
3930,3,0.999920
3940,2,0.999920
3950,1,0.999920
3980,1,0.999920
4010,1,0.999920
4020,2,0.999921
4030,2,0.999921
4050,2,0.999921
4060,3,0.999921
4070,1,0.999921
4090,1,0.999922
4100,1,0.999922
4120,1,0.999922
4140,1,0.999922
4160,1,0.999922
4170,1,0.999922
4190,1,0.999922
4210,1,0.999922
4250,1,0.999922
4270,1,0.999922
4310,1,0.999923
4340,1,0.999923
4360,2,0.999923
4370,1,0.999923
4390,2,0.999923
4430,1,0.999923
4440,1,0.999923
4450,2,0.999924
4460,1,0.999924
4470,1,0.999924
4490,1,0.999924
4500,1,0.999924
4510,5,0.999925
4520,2,0.999925
4530,2,0.999925
4550,6,0.999926
4560,3,0.999926
4570,7,0.999927
4580,9,0.999928
4590,17,0.999929
4600,14,0.999931
4610,24,0.999933
4620,15,0.999935
4630,5,0.999936
4640,8,0.999936
4650,14,0.999938
4660,18,0.999940
4670,10,0.999941
4680,10,0.999942
4690,10,0.999943
4700,11,0.999944
4710,11,0.999945
4720,8,0.999946
4730,16,0.999948
4740,13,0.999949
4750,9,0.999950
4760,14,0.999951
4770,12,0.999953
4780,7,0.999954
4790,12,0.999955
4800,9,0.999956
4810,11,0.999957
4820,19,0.999959
4830,13,0.999960
4840,15,0.999962
4850,16,0.999963
4860,14,0.999965
4870,17,0.999967
4880,30,0.999970
4890,14,0.999971
4900,11,0.999973
4910,15,0.999974
4920,8,0.999975
4930,12,0.999976
4940,12,0.999977
4950,8,0.999978
4960,13,0.999980
4970,11,0.999981
4980,12,0.999982
4990,8,0.999983
5000,7,0.999984
5010,10,0.999985
5020,7,0.999985
5030,7,0.999986
5040,4,0.999987
5050,2,0.999987
5060,6,0.999987
5070,11,0.999989
5080,1,0.999989
5090,8,0.999990
5100,18,0.999991
5110,5,0.999992
5120,2,0.999992
5130,2,0.999992
5140,3,0.999993
5150,2,0.999993
5160,2,0.999993
5170,6,0.999994
5180,2,0.999994
5190,2,0.999994
5200,6,0.999995
5210,3,0.999995
5220,3,0.999995
5230,1,0.999996
5240,1,0.999996
5260,1,0.999996
5270,1,0.999996
5290,1,0.999996
5300,1,0.999996
5340,1,0.999996
5380,1,0.999996
5400,1,0.999996
5410,1,0.999997
5440,1,0.999997
5470,1,0.999997
5490,1,0.999997
5500,1,0.999997
5510,2,0.999997
5530,1,0.999997
5550,1,0.999997
5560,3,0.999998
5600,1,0.999998
5610,1,0.999998
5630,2,0.999998
5680,1,0.999998
5730,1,0.999998
5740,1,0.999998
5760,1,0.999999
5820,2,0.999999
5830,1,0.999999
5850,1,0.999999
5860,2,0.999999
5880,1,0.999999
5910,1,0.999999
5930,2,1.000000
5980,1,1.000000
6030,1,1.000000
6140,1,1.000000
6790,1,1.000000
