#latency,cnt,cdf
0,1737123,0.182823
10,1358,0.182965
20,769,0.183046
30,32215,0.186437
40,290,0.186467
50,14937,0.188039
60,646210,0.256049
70,47705,0.261070
80,616721,0.325977
90,15219,0.327578
100,211407,0.349828
110,212095,0.372150
120,426619,0.417049
130,412903,0.460505
140,78156,0.468730
150,514491,0.522877
160,116006,0.535086
170,698151,0.608563
180,638565,0.675768
190,565302,0.735263
200,575520,0.795834
210,80385,0.804294
220,181947,0.823443
230,512605,0.877391
240,249675,0.903668
250,133071,0.917673
260,83260,0.926436
270,135758,0.940724
280,56172,0.946635
290,66439,0.953628
300,48801,0.958764
310,93870,0.968643
320,47815,0.973675
330,39823,0.977867
340,30370,0.981063
350,19728,0.983139
360,22772,0.985536
370,18994,0.987535
380,28179,0.990500
390,10922,0.991650
400,8823,0.992578
410,11973,0.993839
420,16869,0.995614
430,7367,0.996389
440,4621,0.996876
450,3100,0.997202
460,2846,0.997501
470,4736,0.998000
480,2046,0.998215
490,1570,0.998380
500,1158,0.998502
510,1123,0.998620
520,647,0.998689
530,604,0.998752
540,493,0.998804
550,419,0.998848
560,346,0.998884
570,341,0.998920
580,399,0.998962
590,340,0.998998
600,329,0.999033
610,197,0.999054
620,173,0.999072
630,180,0.999091
640,180,0.999110
650,176,0.999128
660,105,0.999139
670,120,0.999152
680,110,0.999163
690,101,0.999174
700,80,0.999182
710,74,0.999190
720,88,0.999200
730,74,0.999207
740,88,0.999217
750,70,0.999224
760,83,0.999233
770,79,0.999241
780,72,0.999249
790,69,0.999256
800,54,0.999261
810,99,0.999272
820,74,0.999280
830,63,0.999286
840,69,0.999294
850,58,0.999300
860,59,0.999306
870,61,0.999312
880,54,0.999318
890,61,0.999324
900,58,0.999331
910,58,0.999337
920,49,0.999342
930,41,0.999346
940,44,0.999351
950,36,0.999355
960,29,0.999358
970,36,0.999361
980,27,0.999364
990,27,0.999367
1000,41,0.999371
1010,29,0.999374
1020,32,0.999378
1030,47,0.999383
1040,35,0.999386
1050,42,0.999391
1060,33,0.999394
1070,24,0.999397
1080,22,0.999399
1090,24,0.999402
1100,31,0.999405
1110,15,0.999407
1120,26,0.999409
1130,32,0.999413
1140,38,0.999417
1150,28,0.999420
1160,22,0.999422
1170,32,0.999425
1180,24,0.999428
1190,32,0.999431
1200,20,0.999433
1210,31,0.999436
1220,27,0.999439
1230,25,0.999442
1240,25,0.999445
1250,25,0.999447
1260,24,0.999450
1270,19,0.999452
1280,15,0.999453
1290,29,0.999456
1300,24,0.999459
1310,19,0.999461
1320,22,0.999463
1330,24,0.999466
1340,16,0.999467
1350,24,0.999470
1360,26,0.999473
1370,20,0.999475
1380,23,0.999477
1390,30,0.999480
1400,23,0.999483
1410,20,0.999485
1420,30,0.999488
1430,10,0.999489
1440,22,0.999491
1450,21,0.999494
1460,16,0.999495
1470,20,0.999497
1480,27,0.999500
1490,18,0.999502
1500,16,0.999504
1510,22,0.999506
1520,11,0.999507
1530,21,0.999510
1540,22,0.999512
1550,19,0.999514
1560,19,0.999516
1570,18,0.999518
1580,14,0.999519
1590,27,0.999522
1600,23,0.999525
1610,18,0.999526
1620,19,0.999528
1630,18,0.999530
1640,20,0.999532
1650,22,0.999535
1660,18,0.999537
1670,19,0.999539
1680,11,0.999540
1690,24,0.999542
1700,16,0.999544
1710,19,0.999546
1720,20,0.999548
1730,21,0.999550
1740,17,0.999552
1750,24,0.999555
1760,20,0.999557
1770,19,0.999559
1780,20,0.999561
1790,22,0.999563
1800,13,0.999564
1810,29,0.999568
1820,23,0.999570
1830,23,0.999572
1840,26,0.999575
1850,29,0.999578
1860,45,0.999583
1870,49,0.999588
1880,70,0.999595
1890,45,0.999600
1900,37,0.999604
1910,26,0.999607
1920,31,0.999610
1930,23,0.999613
1940,43,0.999617
1950,32,0.999620
1960,50,0.999626
1970,46,0.999631
1980,63,0.999637
1990,53,0.999643
2000,57,0.999649
2010,41,0.999653
2020,28,0.999656
2030,32,0.999659
2040,14,0.999661
2050,18,0.999663
2060,25,0.999665
2070,23,0.999668
2080,21,0.999670
2090,20,0.999672
2100,27,0.999675
2110,18,0.999677
2120,14,0.999678
2130,25,0.999681
2140,19,0.999683
2150,13,0.999684
2160,14,0.999686
2170,18,0.999688
2180,13,0.999689
2190,27,0.999692
2200,11,0.999693
2210,25,0.999696
2220,13,0.999697
2230,18,0.999699
2240,16,0.999701
2250,24,0.999703
2260,33,0.999707
2270,30,0.999710
2280,22,0.999712
2290,19,0.999714
2300,18,0.999716
2310,17,0.999718
2320,15,0.999719
2330,15,0.999721
2340,24,0.999723
2350,21,0.999726
2360,21,0.999728
2370,25,0.999730
2380,29,0.999734
2390,29,0.999737
2400,38,0.999741
2410,36,0.999744
2420,40,0.999749
2430,23,0.999751
2440,23,0.999753
2450,19,0.999755
2460,19,0.999757
2470,22,0.999760
2480,23,0.999762
2490,22,0.999764
2500,20,0.999767
2510,25,0.999769
2520,23,0.999772
2530,23,0.999774
2540,20,0.999776
2550,18,0.999778
2560,15,0.999780
2570,23,0.999782
2580,7,0.999783
2590,24,0.999785
2600,9,0.999786
2610,13,0.999788
2620,14,0.999789
2630,15,0.999791
2640,13,0.999792
2650,18,0.999794
2660,18,0.999796
2670,19,0.999798
2680,16,0.999799
2690,15,0.999801
2700,16,0.999803
2710,21,0.999805
2720,11,0.999806
2730,16,0.999808
2740,21,0.999810
2750,13,0.999811
2760,11,0.999813
2770,11,0.999814
2780,12,0.999815
2790,7,0.999816
2800,16,0.999817
2810,13,0.999819
2820,13,0.999820
2830,13,0.999821
2840,9,0.999822
2850,11,0.999824
2860,14,0.999825
2870,8,0.999826
2880,10,0.999827
2890,13,0.999828
2900,11,0.999830
2910,11,0.999831
2920,16,0.999832
2930,13,0.999834
2940,12,0.999835
2950,11,0.999836
2960,19,0.999838
2970,10,0.999839
2980,12,0.999840
2990,14,0.999842
3000,9,0.999843
3010,14,0.999844
3020,16,0.999846
3030,9,0.999847
3040,15,0.999849
3050,8,0.999849
3060,8,0.999850
3070,7,0.999851
3080,13,0.999852
3090,8,0.999853
3100,7,0.999854
3110,11,0.999855
3120,13,0.999856
3130,14,0.999858
3140,9,0.999859
3150,12,0.999860
3160,13,0.999861
3170,9,0.999862
3180,20,0.999865
3190,15,0.999866
3200,7,0.999867
3210,14,0.999868
3220,19,0.999870
3230,18,0.999872
3240,12,0.999874
3250,13,0.999875
3260,19,0.999877
3270,11,0.999878
3280,11,0.999879
3290,14,0.999881
3300,14,0.999882
3310,14,0.999884
3320,12,0.999885
3330,12,0.999886
3340,10,0.999887
3350,11,0.999888
3360,6,0.999889
3370,14,0.999890
3380,7,0.999891
3390,13,0.999893
3400,9,0.999893
3410,11,0.999895
3420,13,0.999896
3430,14,0.999897
3440,12,0.999899
3450,5,0.999899
3460,12,0.999901
3470,13,0.999902
3480,8,0.999903
3490,14,0.999904
3500,12,0.999905
3510,11,0.999907
3520,8,0.999907
3530,11,0.999909
3540,5,0.999909
3550,7,0.999910
3560,8,0.999911
3570,5,0.999911
3580,16,0.999913
3590,7,0.999914
3600,11,0.999915
3610,8,0.999916
3620,11,0.999917
3630,6,0.999918
3640,5,0.999918
3650,9,0.999919
3660,10,0.999920
3670,6,0.999921
3680,4,0.999921
3690,8,0.999922
3700,4,0.999922
3710,5,0.999923
3720,5,0.999923
3730,2,0.999924
3740,4,0.999924
3750,3,0.999924
3760,2,0.999925
3770,5,0.999925
3780,3,0.999925
3790,3,0.999926
3800,4,0.999926
3810,4,0.999927
3820,2,0.999927
3830,5,0.999927
3840,3,0.999928
3850,3,0.999928
3860,1,0.999928
3880,3,0.999928
3890,1,0.999928
3900,2,0.999929
3910,4,0.999929
3920,1,0.999929
3950,2,0.999929
3970,2,0.999930
3980,2,0.999930
3990,1,0.999930
4000,1,0.999930
4020,1,0.999930
4040,1,0.999930
4050,2,0.999930
4080,1,0.999931
4090,1,0.999931
4110,1,0.999931
4160,1,0.999931
4210,2,0.999931
4230,1,0.999931
4350,3,0.999932
4360,1,0.999932
4390,2,0.999932
4400,1,0.999932
4470,2,0.999932
4480,1,0.999932
4500,3,0.999933
4510,1,0.999933
4520,2,0.999933
4530,1,0.999933
4570,1,0.999933
4580,1,0.999933
4590,8,0.999934
4600,5,0.999935
4610,4,0.999935
4620,5,0.999936
4630,6,0.999936
4640,9,0.999937
4650,6,0.999938
4670,4,0.999938
4680,1,0.999938
4690,6,0.999939
4700,6,0.999940
4710,10,0.999941
4720,8,0.999941
4730,6,0.999942
4740,7,0.999943
4750,14,0.999944
4760,7,0.999945
4770,7,0.999946
4780,16,0.999947
4790,12,0.999949
4800,25,0.999951
4810,13,0.999953
4820,23,0.999955
4830,21,0.999957
4840,19,0.999959
4850,32,0.999963
4860,26,0.999965
4870,21,0.999968
4880,24,0.999970
4890,15,0.999972
4900,13,0.999973
4910,18,0.999975
4920,12,0.999976
4930,3,0.999977
4940,15,0.999978
4950,13,0.999979
4960,11,0.999981
4970,9,0.999982
4980,17,0.999983
4990,5,0.999984
5000,19,0.999986
5010,8,0.999987
5020,10,0.999988
5030,12,0.999989
5040,14,0.999991
5050,15,0.999992
5060,6,0.999993
5070,2,0.999993
5080,4,0.999993
5090,13,0.999995
5100,4,0.999995
5110,5,0.999996
5120,8,0.999997
5130,5,0.999997
5140,4,0.999997
5160,1,0.999998
5170,1,0.999998
5180,1,0.999998
5190,2,0.999998
5220,1,0.999998
5290,1,0.999998
5300,1,0.999998
5310,2,0.999999
5320,2,0.999999
5330,3,0.999999
5400,2,0.999999
5500,1,0.999999
5510,1,0.999999
5730,1,1.000000
5760,1,1.000000
5830,1,1.000000
5980,1,1.000000
6140,1,1.000000
