#latency,cnt,cdf
0,83,0.000009
10,3,0.000009
20,3,0.000009
30,3,0.000010
40,1,0.000010
50,10,0.000011
60,12,0.000012
70,10,0.000013
80,8,0.000014
90,9,0.000015
100,14,0.000016
110,3,0.000017
120,18,0.000019
130,7,0.000019
140,4,0.000020
150,7,0.000021
160,7,0.000021
170,5,0.000022
180,15,0.000023
190,15,0.000025
200,11,0.000026
210,13,0.000027
220,13,0.000029
230,9,0.000030
240,9,0.000031
250,13,0.000032
260,15,0.000034
270,17,0.000035
280,12,0.000037
290,9,0.000038
300,13,0.000039
310,13,0.000040
320,14,0.000042
330,19,0.000044
340,12,0.000045
350,22,0.000047
360,15,0.000049
370,16,0.000051
380,16,0.000052
390,16,0.000054
400,14,0.000056
410,11,0.000057
420,21,0.000059
430,17,0.000061
440,15,0.000062
450,16,0.000064
460,20,0.000066
470,21,0.000068
480,17,0.000070
490,19,0.000072
500,33,0.000076
510,22,0.000078
520,18,0.000080
530,32,0.000083
540,20,0.000085
550,28,0.000088
560,24,0.000091
570,23,0.000093
580,21,0.000095
590,31,0.000099
600,21,0.000101
610,27,0.000104
620,30,0.000107
630,27,0.000110
640,29,0.000113
650,29,0.000116
660,25,0.000118
670,38,0.000122
680,29,0.000125
690,24,0.000128
700,22,0.000130
710,22,0.000133
720,24,0.000135
730,29,0.000138
740,34,0.000142
750,32,0.000145
760,39,0.000149
770,42,0.000154
780,35,0.000157
790,38,0.000161
800,38,0.000165
810,30,0.000169
820,29,0.000172
830,44,0.000176
840,37,0.000180
850,38,0.000184
860,37,0.000188
870,44,0.000193
880,33,0.000196
890,46,0.000201
900,37,0.000205
910,44,0.000210
920,56,0.000215
930,42,0.000220
940,40,0.000224
950,59,0.000230
960,43,0.000235
970,43,0.000239
980,48,0.000244
990,47,0.000249
1000,52,0.000255
1010,64,0.000262
1020,44,0.000266
1030,59,0.000272
1040,62,0.000279
1050,60,0.000285
1060,46,0.000290
1070,61,0.000296
1080,71,0.000304
1090,68,0.000311
1100,66,0.000318
1110,65,0.000325
1120,63,0.000332
1130,67,0.000339
1140,84,0.000347
1150,80,0.000356
1160,106,0.000367
1170,97,0.000377
1180,96,0.000387
1190,82,0.000396
1200,85,0.000405
1210,116,0.000417
1220,91,0.000427
1230,117,0.000439
1240,121,0.000452
1250,118,0.000464
1260,117,0.000477
1270,130,0.000490
1280,135,0.000504
1290,149,0.000520
1300,151,0.000536
1310,152,0.000552
1320,165,0.000569
1330,176,0.000588
1340,184,0.000607
1350,166,0.000625
1360,201,0.000646
1370,223,0.000669
1380,213,0.000692
1390,213,0.000714
1400,251,0.000741
1410,263,0.000768
1420,242,0.000794
1430,255,0.000821
1440,258,0.000848
1450,298,0.000879
1460,353,0.000916
1470,302,0.000948
1480,303,0.000980
1490,313,0.001013
1500,334,0.001048
1510,399,0.001090
1520,393,0.001132
1530,394,0.001173
1540,378,0.001213
1550,411,0.001256
1560,438,0.001302
1570,438,0.001348
1580,521,0.001403
1590,554,0.001462
1600,505,0.001515
1610,529,0.001570
1620,569,0.001630
1630,612,0.001695
1640,573,0.001755
1650,639,0.001822
1660,608,0.001886
1670,633,0.001953
1680,639,0.002020
1690,688,0.002093
1700,734,0.002170
1710,755,0.002249
1720,736,0.002327
1730,796,0.002411
1740,844,0.002500
1750,897,0.002594
1760,824,0.002681
1770,912,0.002777
1780,960,0.002878
1790,970,0.002980
1800,991,0.003084
1810,1026,0.003192
1820,1072,0.003305
1830,1090,0.003420
1840,1110,0.003537
1850,1157,0.003659
1860,1219,0.003787
1870,1225,0.003916
1880,1262,0.004049
1890,1356,0.004192
1900,1270,0.004325
1910,1421,0.004475
1920,1519,0.004635
1930,1432,0.004786
1940,1630,0.004957
1950,1593,0.005125
1960,1611,0.005295
1970,1642,0.005467
1980,1781,0.005655
1990,1757,0.005840
2000,1859,0.006036
2010,1855,0.006231
2020,1869,0.006428
2030,2005,0.006639
2040,1972,0.006846
2050,2089,0.007066
2060,2087,0.007286
2070,2167,0.007514
2080,2175,0.007743
2090,2233,0.007978
2100,2417,0.008233
2110,2408,0.008486
2120,2435,0.008743
2130,2490,0.009005
2140,2595,0.009278
2150,2545,0.009546
2160,2758,0.009836
2170,2687,0.010119
2180,2845,0.010419
2190,2912,0.010725
2200,2882,0.011029
2210,3108,0.011356
2220,3137,0.011686
2230,3222,0.012025
2240,3228,0.012365
2250,3342,0.012717
2260,3390,0.013074
2270,3511,0.013444
2280,3506,0.013813
2290,3530,0.014184
2300,3700,0.014574
2310,3814,0.014975
2320,3882,0.015384
2330,4075,0.015813
2340,4000,0.016234
2350,3993,0.016655
2360,4202,0.017097
2370,4337,0.017554
2380,4467,0.018024
2390,4551,0.018503
2400,4556,0.018983
2410,4423,0.019448
2420,4681,0.019941
2430,4748,0.020441
2440,4943,0.020962
2450,4903,0.021478
2460,5035,0.022008
2470,5147,0.022550
2480,5249,0.023102
2490,5289,0.023659
2500,5326,0.024220
2510,5475,0.024796
2520,5580,0.025384
2530,5676,0.025981
2540,5977,0.026611
2550,5749,0.027216
2560,5838,0.027831
2570,6144,0.028477
2580,6234,0.029134
2590,6200,0.029787
2600,6427,0.030463
2610,6435,0.031141
2620,6548,0.031830
2630,6658,0.032531
2640,6865,0.033254
2650,6838,0.033974
2660,6949,0.034705
2670,7064,0.035449
2680,7040,0.036190
2690,7293,0.036958
2700,7380,0.037735
2710,7367,0.038511
2720,7535,0.039304
2730,7928,0.040139
2740,7652,0.040944
2750,8094,0.041796
2760,8260,0.042666
2770,8225,0.043532
2780,8291,0.044405
2790,8556,0.045306
2800,8549,0.046206
2810,8745,0.047126
2820,8801,0.048053
2830,8940,0.048994
2840,8995,0.049941
2850,9172,0.050907
2860,9501,0.051907
2870,9490,0.052906
2880,9659,0.053923
2890,10137,0.054990
2900,10070,0.056051
2910,10062,0.057110
2920,10214,0.058185
2930,10481,0.059289
2940,10534,0.060398
2950,10597,0.061513
2960,10943,0.062665
2970,10936,0.063817
2980,11162,0.064992
2990,11053,0.066156
3000,11324,0.067348
3010,11607,0.068570
3020,11857,0.069818
3030,11927,0.071074
3040,12068,0.072344
3050,11996,0.073607
3060,12311,0.074904
3070,12422,0.076211
3080,12538,0.077531
3090,12919,0.078891
3100,12900,0.080250
3110,13143,0.081633
3120,13328,0.083037
3130,13444,0.084452
3140,13562,0.085880
3150,13823,0.087335
3160,14091,0.088819
3170,14176,0.090311
3180,14365,0.091823
3190,14650,0.093366
3200,14853,0.094930
3210,14903,0.096499
3220,15172,0.098096
3230,15297,0.099706
3240,15343,0.101322
3250,15515,0.102955
3260,15932,0.104633
3270,16148,0.106333
3280,16382,0.108057
3290,16607,0.109806
3300,16799,0.111574
3310,16898,0.113353
3320,17204,0.115165
3330,17466,0.117004
3340,17689,0.118866
3350,17955,0.120756
3360,18356,0.122689
3370,18322,0.124618
3380,18438,0.126559
3390,18915,0.128550
3400,19204,0.130572
3410,19265,0.132600
3420,19517,0.134655
3430,19646,0.136724
3440,20094,0.138839
3450,20085,0.140954
3460,20407,0.143102
3470,20705,0.145282
3480,20985,0.147491
3490,21483,0.149753
3500,21453,0.152012
3510,22042,0.154332
3520,22055,0.156654
3530,22357,0.159008
3540,22512,0.161378
3550,22682,0.163766
3560,23047,0.166193
3570,23068,0.168621
3580,23315,0.171076
3590,24047,0.173608
3600,24033,0.176138
3610,24158,0.178681
3620,24630,0.181274
3630,24797,0.183885
3640,24950,0.186512
3650,25408,0.189187
3660,25482,0.191870
3670,25731,0.194579
3680,25551,0.197269
3690,25964,0.200002
3700,26265,0.202767
3710,26731,0.205582
3720,26864,0.208410
3730,27197,0.211273
3740,27542,0.214173
3750,27665,0.217086
3760,27674,0.219999
3770,28021,0.222949
3780,28001,0.225897
3790,28342,0.228881
3800,29043,0.231939
3810,29394,0.235033
3820,29436,0.238133
3830,29136,0.241200
3840,29696,0.244327
3850,30165,0.247502
3860,29848,0.250645
3870,30588,0.253865
3880,30813,0.257109
3890,30708,0.260342
3900,31360,0.263644
3910,31328,0.266942
3920,31346,0.270242
3930,31995,0.273611
3940,32050,0.276985
3950,32221,0.280377
3960,32230,0.283771
3970,32956,0.287240
3980,32501,0.290662
3990,32915,0.294127
4000,33191,0.297622
4010,33558,0.301155
4020,33190,0.304649
4030,33669,0.308194
4040,33723,0.311744
4050,34186,0.315343
4060,34423,0.318967
4070,34251,0.322573
4080,34585,0.326215
4090,34780,0.329876
4100,34898,0.333550
4110,35046,0.337240
4120,35135,0.340939
4130,35500,0.344677
4140,35606,0.348425
4150,35812,0.352196
4160,36175,0.356004
4170,35947,0.359789
4180,36209,0.363601
4190,36378,0.367431
4200,36511,0.371275
4210,36397,0.375107
4220,36152,0.378913
4230,37055,0.382814
4240,36884,0.386697
4250,36859,0.390578
4260,36939,0.394467
4270,36721,0.398333
4280,37213,0.402251
4290,37218,0.406169
4300,37621,0.410130
4310,37633,0.414092
4320,37255,0.418014
4330,37388,0.421951
4340,37474,0.425896
4350,37650,0.429860
4360,37917,0.433852
4370,37710,0.437822
4380,37542,0.441774
4390,37609,0.445734
4400,37650,0.449698
4410,37781,0.453675
4420,37603,0.457634
4430,38077,0.461643
4440,37954,0.465639
4450,37840,0.469623
4460,37764,0.473599
4470,37966,0.477596
4480,37856,0.481581
4490,37873,0.485569
4500,37759,0.489544
4510,37970,0.493542
4520,37840,0.497526
4530,38087,0.501535
4540,37775,0.505512
4550,37516,0.509462
4560,37789,0.513441
4570,37586,0.517398
4580,37301,0.521325
4590,37582,0.525282
4600,37605,0.529241
4610,37514,0.533190
4620,37595,0.537148
4630,37128,0.541057
4640,36638,0.544914
4650,37096,0.548820
4660,36952,0.552710
4670,36929,0.556598
4680,37047,0.560499
4690,36514,0.564343
4700,36617,0.568198
4710,36292,0.572019
4720,36142,0.575824
4730,36504,0.579667
4740,36130,0.583471
4750,36031,0.587264
4760,35792,0.591033
4770,35531,0.594773
4780,35523,0.598513
4790,35334,0.602233
4800,35181,0.605937
4810,34904,0.609612
4820,34782,0.613274
4830,34731,0.616931
4840,34664,0.620580
4850,34496,0.624212
4860,34156,0.627808
4870,33967,0.631384
4880,33665,0.634928
4890,33585,0.638464
4900,33151,0.641954
4910,33312,0.645461
4920,32925,0.648928
4930,32719,0.652373
4940,32670,0.655812
4950,32141,0.659196
4960,32365,0.662603
4970,31975,0.665970
4980,31848,0.669323
4990,31575,0.672647
5000,31232,0.675935
5010,31027,0.679202
5020,30971,0.682463
5030,30670,0.685691
5040,30501,0.688903
5050,30209,0.692083
5060,30159,0.695258
5070,29661,0.698381
5080,29496,0.701486
5090,29613,0.704604
5100,29268,0.707686
5110,28965,0.710735
5120,28724,0.713759
5130,28588,0.716769
5140,28159,0.719734
5150,27915,0.722673
5160,27806,0.725600
5170,27728,0.728519
5180,27569,0.731422
5190,27086,0.734273
5200,27085,0.737125
5210,26467,0.739911
5220,26319,0.742682
5230,25758,0.745394
5240,25618,0.748091
5250,25502,0.750776
5260,25452,0.753456
5270,25068,0.756095
5280,24897,0.758716
5290,24467,0.761292
5300,24220,0.763842
5310,23938,0.766362
5320,23817,0.768870
5330,23533,0.771347
5340,23315,0.773802
5350,23122,0.776236
5360,22622,0.778618
5370,22690,0.781007
5380,22194,0.783344
5390,21970,0.785657
5400,21833,0.787955
5410,21146,0.790181
5420,21234,0.792417
5430,20741,0.794601
5440,20682,0.796778
5450,20536,0.798940
5460,20407,0.801089
5470,20131,0.803208
5480,19831,0.805296
5490,19688,0.807369
5500,19401,0.809411
5510,19263,0.811439
5520,18820,0.813421
5530,18529,0.815372
5540,18204,0.817288
5550,18086,0.819192
5560,17948,0.821082
5570,17668,0.822942
5580,17539,0.824788
5590,17351,0.826615
5600,17284,0.828435
5610,16919,0.830216
5620,16619,0.831966
5630,16509,0.833704
5640,16163,0.835406
5650,15677,0.837056
5660,15786,0.838718
5670,15473,0.840347
5680,15351,0.841963
5690,15339,0.843578
5700,15045,0.845162
5710,14735,0.846713
5720,14665,0.848257
5730,14664,0.849801
5740,14313,0.851308
5750,14055,0.852788
5760,13804,0.854241
5770,13682,0.855682
5780,13328,0.857085
5790,13185,0.858473
5800,13127,0.859855
5810,12865,0.861209
5820,12697,0.862546
5830,12712,0.863885
5840,12368,0.865187
5850,12328,0.866485
5860,12208,0.867770
5870,12043,0.869038
5880,11814,0.870282
5890,11408,0.871483
5900,11778,0.872723
5910,11135,0.873895
5920,11451,0.875101
5930,10988,0.876257
5940,10751,0.877389
5950,10856,0.878532
5960,10708,0.879660
5970,10595,0.880775
5980,10373,0.881867
5990,10065,0.882927
6000,10050,0.883985
6010,9801,0.885017
6020,9802,0.886049
6030,9741,0.887074
6040,9450,0.888069
6050,9439,0.889063
6060,9296,0.890042
6070,9150,0.891005
6080,8941,0.891946
6090,8748,0.892867
6100,8685,0.893782
6110,8488,0.894675
6120,8454,0.895565
6130,8434,0.896453
6140,8170,0.897313
6150,8180,0.898175
6160,8019,0.899019
6170,7835,0.899844
6180,7811,0.900666
6190,7876,0.901495
6200,7657,0.902301
6210,7569,0.903098
6220,7445,0.903882
6230,7337,0.904655
6240,7263,0.905419
6250,7149,0.906172
6260,7098,0.906919
6270,7057,0.907662
6280,7043,0.908404
6290,6874,0.909127
6300,6717,0.909835
6310,6591,0.910528
6320,6566,0.911220
6330,6552,0.911910
6340,6431,0.912587
6350,6272,0.913247
6360,6336,0.913914
6370,6247,0.914572
6380,6261,0.915231
6390,6062,0.915869
6400,6002,0.916501
6410,5904,0.917123
6420,5795,0.917733
6430,5894,0.918353
6440,5782,0.918962
6450,5668,0.919559
6460,5747,0.920164
6470,5773,0.920772
6480,5560,0.921357
6490,5498,0.921936
6500,5541,0.922519
6510,5275,0.923074
6520,5409,0.923644
6530,5201,0.924191
6540,5283,0.924748
6550,5168,0.925292
6560,5082,0.925827
6570,5012,0.926355
6580,4979,0.926879
6590,5043,0.927410
6600,4978,0.927934
6610,4919,0.928452
6620,4908,0.928968
6630,4774,0.929471
6640,4668,0.929962
6650,4731,0.930461
6660,4683,0.930954
6670,4625,0.931440
6680,4511,0.931915
6690,4643,0.932404
6700,4636,0.932892
6710,4355,0.933351
6720,4492,0.933824
6730,4446,0.934292
6740,4464,0.934762
6750,4293,0.935214
6760,4383,0.935675
6770,4384,0.936137
6780,4303,0.936590
6790,4299,0.937042
6800,4257,0.937491
6810,4212,0.937934
6820,4231,0.938379
6830,4038,0.938805
6840,4203,0.939247
6850,4084,0.939677
6860,3965,0.940095
6870,3988,0.940514
6880,3998,0.940935
6890,3917,0.941348
6900,3954,0.941764
6910,3887,0.942173
6920,3772,0.942570
6930,3802,0.942971
6940,3690,0.943359
6950,3680,0.943747
6960,3771,0.944144
6970,3639,0.944527
6980,3810,0.944928
6990,3710,0.945318
7000,3579,0.945695
7010,3520,0.946066
7020,3641,0.946449
7030,3621,0.946830
7040,3569,0.947206
7050,3583,0.947583
7060,3547,0.947957
7070,3459,0.948321
7080,3543,0.948694
7090,3429,0.949055
7100,3481,0.949421
7110,3330,0.949772
7120,3416,0.950132
7130,3362,0.950486
7140,3265,0.950829
7150,3328,0.951180
7160,3420,0.951540
7170,3364,0.951894
7180,3247,0.952236
7190,3329,0.952586
7200,3324,0.952936
7210,3364,0.953290
7220,3187,0.953626
7230,3296,0.953973
7240,3247,0.954315
7250,3139,0.954645
7260,3099,0.954972
7270,3201,0.955309
7280,3219,0.955647
7290,3180,0.955982
7300,3117,0.956310
7310,3146,0.956642
7320,3048,0.956963
7330,3035,0.957282
7340,3143,0.957613
7350,3008,0.957930
7360,3066,0.958252
7370,3023,0.958571
7380,2917,0.958878
7390,2929,0.959186
7400,3019,0.959504
7410,3015,0.959821
7420,2931,0.960130
7430,2991,0.960445
7440,2996,0.960760
7450,2857,0.961061
7460,2965,0.961373
7470,2948,0.961684
7480,2810,0.961980
7490,2855,0.962280
7500,2771,0.962572
7510,2926,0.962880
7520,2744,0.963169
7530,2747,0.963458
7540,2711,0.963743
7550,2783,0.964036
7560,2776,0.964329
7570,2819,0.964625
7580,2716,0.964911
7590,2753,0.965201
7600,2640,0.965479
7610,2672,0.965760
7620,2753,0.966050
7630,2676,0.966332
7640,2706,0.966617
7650,2823,0.966914
7660,2747,0.967203
7670,2661,0.967484
7680,2653,0.967763
7690,2710,0.968048
7700,2593,0.968321
7710,2606,0.968596
7720,2569,0.968866
7730,2583,0.969138
7740,2536,0.969405
7750,2681,0.969687
7760,2593,0.969960
7770,2554,0.970229
7780,2486,0.970491
7790,2542,0.970758
7800,2499,0.971022
7810,2538,0.971289
7820,2486,0.971550
7830,2457,0.971809
7840,2481,0.972070
7850,2464,0.972330
7860,2354,0.972578
7870,2451,0.972836
7880,2486,0.973097
7890,2328,0.973342
7900,2414,0.973597
7910,2522,0.973862
7920,2325,0.974107
7930,2318,0.974351
7940,2374,0.974601
7950,2241,0.974837
7960,2271,0.975076
7970,2315,0.975320
7980,2268,0.975558
7990,2268,0.975797
8000,2290,0.976038
8010,2270,0.976277
8020,2142,0.976503
8030,2243,0.976739
8040,2076,0.976957
8050,2149,0.977184
8060,2155,0.977411
8070,2098,0.977632
8080,2142,0.977857
8090,2167,0.978085
8100,2147,0.978311
8110,2061,0.978528
8120,2038,0.978743
8130,2112,0.978965
8140,2116,0.979188
8150,2002,0.979399
8160,2020,0.979611
8170,2032,0.979825
8180,1988,0.980035
8190,2025,0.980248
8200,1990,0.980457
8210,1959,0.980664
8220,1915,0.980865
8230,1882,0.981063
8240,1879,0.981261
8250,1831,0.981454
8260,1886,0.981652
8270,1855,0.981848
8280,1877,0.982045
8290,1791,0.982234
8300,1822,0.982426
8310,1787,0.982614
8320,1734,0.982796
8330,1757,0.982981
8340,1776,0.983168
8350,1684,0.983346
8360,1720,0.983527
8370,1751,0.983711
8380,1724,0.983893
8390,1699,0.984071
8400,1641,0.984244
8410,1629,0.984416
8420,1636,0.984588
8430,1679,0.984765
8440,1608,0.984934
8450,1602,0.985103
8460,1609,0.985272
8470,1605,0.985441
8480,1529,0.985602
8490,1549,0.985765
8500,1501,0.985923
8510,1458,0.986077
8520,1481,0.986233
8530,1586,0.986400
8540,1472,0.986555
8550,1401,0.986702
8560,1498,0.986860
8570,1457,0.987013
8580,1414,0.987162
8590,1476,0.987317
8600,1434,0.987468
8610,1494,0.987626
8620,1402,0.987773
8630,1374,0.987918
8640,1353,0.988060
8650,1376,0.988205
8660,1346,0.988347
8670,1303,0.988484
8680,1315,0.988623
8690,1331,0.988763
8700,1326,0.988902
8710,1264,0.989035
8720,1280,0.989170
8730,1262,0.989303
8740,1339,0.989444
8750,1228,0.989573
8760,1197,0.989699
8770,1158,0.989821
8780,1224,0.989950
8790,1258,0.990083
8800,1172,0.990206
8810,1190,0.990331
8820,1184,0.990456
8830,1172,0.990579
8840,1105,0.990696
8850,1059,0.990807
8860,1093,0.990922
8870,1116,0.991040
8880,1160,0.991162
8890,1132,0.991281
8900,1094,0.991396
8910,1047,0.991506
8920,1070,0.991619
8930,1083,0.991733
8940,1045,0.991843
8950,1032,0.991952
8960,1008,0.992058
8970,1039,0.992167
8980,990,0.992271
8990,973,0.992374
9000,965,0.992476
9010,991,0.992580
9020,946,0.992679
9030,925,0.992777
9040,890,0.992871
9050,897,0.992965
9060,868,0.993056
9070,866,0.993148
9080,900,0.993242
9090,879,0.993335
9100,830,0.993422
9110,886,0.993515
9120,897,0.993610
9130,810,0.993695
9140,818,0.993781
9150,763,0.993862
9160,827,0.993949
9170,821,0.994035
9180,789,0.994118
9190,772,0.994200
9200,796,0.994283
9210,722,0.994359
9220,676,0.994430
9230,795,0.994514
9240,742,0.994592
9250,691,0.994665
9260,709,0.994740
9270,709,0.994814
9280,740,0.994892
9290,676,0.994963
9300,689,0.995036
9310,656,0.995105
9320,682,0.995177
9330,604,0.995240
9340,670,0.995311
9350,648,0.995379
9360,649,0.995448
9370,634,0.995514
9380,622,0.995580
9390,663,0.995650
9400,625,0.995715
9410,610,0.995780
9420,591,0.995842
9430,573,0.995902
9440,596,0.995965
9450,534,0.996021
9460,559,0.996080
9470,518,0.996134
9480,521,0.996189
9490,550,0.996247
9500,491,0.996299
9510,551,0.996357
9520,526,0.996412
9530,504,0.996465
9540,490,0.996517
9550,487,0.996568
9560,497,0.996621
9570,475,0.996671
9580,483,0.996721
9590,437,0.996767
9600,466,0.996817
9610,456,0.996864
9620,415,0.996908
9630,451,0.996956
9640,472,0.997005
9650,411,0.997049
9660,423,0.997093
9670,463,0.997142
9680,443,0.997189
9690,412,0.997232
9700,396,0.997274
9710,403,0.997316
9720,377,0.997356
9730,397,0.997398
9740,401,0.997440
9750,361,0.997478
9760,338,0.997513
9770,336,0.997549
9780,353,0.997586
9790,358,0.997624
9800,355,0.997661
9810,357,0.997699
9820,350,0.997735
9830,371,0.997774
9840,335,0.997810
9850,309,0.997842
9860,359,0.997880
9870,311,0.997913
9880,312,0.997946
9890,318,0.997979
9900,295,0.998010
9910,259,0.998037
9920,286,0.998068
9930,307,0.998100
9940,262,0.998127
9950,250,0.998154
9960,277,0.998183
9970,258,0.998210
9980,239,0.998235
9990,252,0.998262
10000,258,0.998289
10010,250,0.998315
10020,231,0.998340
10030,227,0.998363
10040,241,0.998389
10050,225,0.998413
10060,229,0.998437
10070,214,0.998459
10080,215,0.998482
10090,229,0.998506
10100,220,0.998529
10110,210,0.998551
10120,200,0.998572
10130,217,0.998595
10140,195,0.998616
10150,198,0.998636
10160,163,0.998654
10170,184,0.998673
10180,170,0.998691
10190,179,0.998710
10200,170,0.998728
10210,174,0.998746
10220,167,0.998764
10230,185,0.998783
10240,156,0.998799
10250,172,0.998818
10260,148,0.998833
10270,166,0.998851
10280,150,0.998866
10290,144,0.998882
10300,151,0.998897
10310,122,0.998910
10320,125,0.998923
10330,154,0.998940
10340,152,0.998956
10350,128,0.998969
10360,141,0.998984
10370,144,0.998999
10380,154,0.999015
10390,147,0.999031
10400,122,0.999044
10410,116,0.999056
10420,115,0.999068
10430,135,0.999082
10440,105,0.999093
10450,122,0.999106
10460,110,0.999118
10470,112,0.999130
10480,103,0.999140
10490,117,0.999153
10500,109,0.999164
10510,82,0.999173
10520,94,0.999183
10530,98,0.999193
10540,107,0.999204
10550,90,0.999214
10560,100,0.999224
10570,85,0.999233
10580,88,0.999242
10590,105,0.999254
10600,80,0.999262
10610,107,0.999273
10620,87,0.999282
10630,73,0.999290
10640,74,0.999298
10650,87,0.999307
10660,66,0.999314
10670,94,0.999324
10680,78,0.999332
10690,94,0.999342
10700,83,0.999351
10710,89,0.999360
10720,57,0.999366
10730,96,0.999376
10740,69,0.999383
10750,90,0.999393
10760,87,0.999402
10770,58,0.999408
10780,60,0.999415
10790,67,0.999422
10800,69,0.999429
10810,52,0.999434
10820,56,0.999440
10830,95,0.999450
10840,70,0.999458
10850,58,0.999464
10860,68,0.999471
10870,65,0.999478
10880,71,0.999485
10890,56,0.999491
10900,59,0.999497
10910,55,0.999503
10920,59,0.999509
10930,70,0.999517
10940,54,0.999522
10950,65,0.999529
10960,57,0.999535
10970,45,0.999540
10980,48,0.999545
10990,35,0.999549
11000,53,0.999554
11010,52,0.999560
11020,41,0.999564
11030,43,0.999569
11040,45,0.999573
11050,49,0.999578
11060,50,0.999584
11070,45,0.999588
11080,42,0.999593
11090,66,0.999600
11100,61,0.999606
11110,36,0.999610
11120,44,0.999615
11130,36,0.999618
11140,40,0.999623
11150,42,0.999627
11160,32,0.999630
11170,44,0.999635
11180,40,0.999639
11190,41,0.999644
11200,40,0.999648
11210,40,0.999652
11220,39,0.999656
11230,41,0.999660
11240,45,0.999665
11250,42,0.999670
11260,43,0.999674
11270,38,0.999678
11280,33,0.999682
11290,37,0.999686
11300,37,0.999689
11310,43,0.999694
11320,31,0.999697
11330,49,0.999702
11340,30,0.999706
11350,35,0.999709
11360,39,0.999713
11370,31,0.999717
11380,44,0.999721
11390,31,0.999725
11400,20,0.999727
11410,29,0.999730
11420,40,0.999734
11430,20,0.999736
11440,31,0.999739
11450,27,0.999742
11460,32,0.999745
11470,27,0.999748
11480,32,0.999752
11490,14,0.999753
11500,26,0.999756
11510,31,0.999759
11520,24,0.999762
11530,33,0.999765
11540,20,0.999767
11550,23,0.999770
11560,22,0.999772
11570,18,0.999774
11580,23,0.999776
11590,23,0.999779
11600,25,0.999781
11610,21,0.999784
11620,25,0.999786
11630,25,0.999789
11640,21,0.999791
11650,34,0.999795
11660,32,0.999798
11670,22,0.999800
11680,24,0.999803
11690,22,0.999805
11700,22,0.999807
11710,29,0.999811
11720,21,0.999813
11730,20,0.999815
11740,19,0.999817
11750,29,0.999820
11760,29,0.999823
11770,17,0.999825
11780,26,0.999827
11790,26,0.999830
11800,19,0.999832
11810,18,0.999834
11820,21,0.999836
11830,24,0.999839
11840,26,0.999842
11850,25,0.999844
11860,18,0.999846
11870,26,0.999849
11880,19,0.999851
11890,19,0.999853
11900,17,0.999855
11910,18,0.999856
11920,11,0.999858
11930,18,0.999860
11940,18,0.999861
11950,12,0.999863
11960,17,0.999865
11970,17,0.999866
11980,14,0.999868
11990,25,0.999870
12000,24,0.999873
12010,26,0.999876
12020,13,0.999877
12030,17,0.999879
12040,14,0.999880
12050,19,0.999882
12060,22,0.999885
12070,11,0.999886
12080,15,0.999887
12090,18,0.999889
12100,15,0.999891
12110,13,0.999892
12120,19,0.999894
12130,13,0.999896
12140,16,0.999897
12150,21,0.999899
12160,15,0.999901
12170,6,0.999902
12180,21,0.999904
12190,17,0.999906
12200,19,0.999908
12210,12,0.999909
12220,6,0.999910
12230,19,0.999912
12240,15,0.999913
12250,13,0.999915
12260,13,0.999916
12270,11,0.999917
12280,13,0.999918
12290,8,0.999919
12300,17,0.999921
12310,10,0.999922
12320,19,0.999924
12330,16,0.999926
12340,11,0.999927
12350,19,0.999929
12360,15,0.999931
12370,15,0.999932
12380,12,0.999933
12390,11,0.999934
12400,8,0.999935
12410,18,0.999937
12420,22,0.999940
12430,14,0.999941
12440,14,0.999943
12450,13,0.999944
12460,11,0.999945
12470,5,0.999946
12480,13,0.999947
12490,12,0.999948
12500,19,0.999950
12510,8,0.999951
12520,12,0.999952
12530,9,0.999953
12540,12,0.999955
12550,15,0.999956
12560,8,0.999957
12570,15,0.999959
12580,15,0.999960
12590,11,0.999961
12600,10,0.999962
12610,11,0.999963
12620,12,0.999965
12630,20,0.999967
12640,5,0.999967
12650,7,0.999968
12660,16,0.999970
12670,14,0.999971
12680,12,0.999973
12690,13,0.999974
12700,18,0.999976
12710,7,0.999977
12720,11,0.999978
12730,12,0.999979
12740,11,0.999980
12750,9,0.999981
12760,14,0.999983
12770,9,0.999983
12780,18,0.999985
12790,6,0.999986
12800,8,0.999987
12810,12,0.999988
12820,9,0.999989
12830,15,0.999991
12840,16,0.999992
12850,12,0.999994
12860,11,0.999995
12870,6,0.999995
12880,14,0.999997
12890,12,0.999998
12900,6,0.999999
12910,12,1.000000
