#latency,cnt,cdf
0,278,0.000029
10,28,0.000032
20,8,0.000033
30,2,0.000033
50,4310,0.000487
60,16805,0.002256
70,15311,0.003867
80,18394,0.005804
90,11050,0.006967
100,11264,0.008152
110,21460,0.010411
120,18745,0.012384
130,15983,0.014067
140,14093,0.015550
150,13507,0.016972
160,14246,0.018471
170,16177,0.020174
180,19742,0.022252
190,19897,0.024347
200,19954,0.026447
210,20414,0.028596
220,21908,0.030902
230,22885,0.033311
240,22801,0.035711
250,24020,0.038239
260,25681,0.040942
270,26159,0.043696
280,26371,0.046472
290,26865,0.049299
300,27718,0.052217
310,28498,0.055217
320,29313,0.058302
330,29809,0.061440
340,30069,0.064605
350,29900,0.067752
360,30849,0.070999
370,31262,0.074290
380,31777,0.077635
390,32221,0.081027
400,32518,0.084449
410,32761,0.087898
420,33134,0.091386
430,33325,0.094893
440,33960,0.098468
450,34283,0.102077
460,34421,0.105700
470,34380,0.109319
480,34899,0.112992
490,35129,0.116690
500,35702,0.120448
510,35422,0.124176
520,36099,0.127976
530,36190,0.131785
540,36527,0.135630
550,36019,0.139422
560,36863,0.143302
570,37044,0.147201
580,37265,0.151124
590,37032,0.155022
600,37266,0.158944
610,37683,0.162911
620,37708,0.166880
630,37585,0.170836
640,37765,0.174811
650,38120,0.178824
660,38215,0.182846
670,38369,0.186885
680,38571,0.190945
690,38313,0.194978
700,38365,0.199016
710,38561,0.203075
720,38577,0.207136
730,38561,0.211195
740,38708,0.215269
750,38888,0.219362
760,38841,0.223451
770,39145,0.227571
780,39038,0.231680
790,38878,0.235773
800,39405,0.239921
810,39105,0.244037
820,39398,0.248184
830,39263,0.252317
840,39312,0.256455
850,39326,0.260594
860,38885,0.264687
870,38974,0.268790
880,39113,0.272907
890,39230,0.277036
900,39425,0.281186
910,39237,0.285316
920,39082,0.289430
930,38922,0.293527
940,38826,0.297613
950,38844,0.301702
960,38863,0.305793
970,38752,0.309872
980,38386,0.313912
990,39142,0.318033
1000,39049,0.322143
1010,38681,0.326214
1020,38330,0.330249
1030,38538,0.334306
1040,38373,0.338345
1050,38392,0.342386
1060,37856,0.346371
1070,37942,0.350364
1080,38275,0.354393
1090,38079,0.358401
1100,38163,0.362418
1110,38037,0.366422
1120,38026,0.370425
1130,37659,0.374389
1140,37793,0.378367
1150,37806,0.382346
1160,37435,0.386287
1170,37343,0.390218
1180,37002,0.394112
1190,36916,0.397998
1200,37206,0.401915
1210,37149,0.405825
1220,36760,0.409694
1230,36705,0.413558
1240,36727,0.417424
1250,36421,0.421257
1260,36414,0.425090
1270,36162,0.428897
1280,36046,0.432691
1290,35928,0.436473
1300,35976,0.440260
1310,36088,0.444058
1320,35777,0.447824
1330,35530,0.451564
1340,35289,0.455279
1350,35495,0.459015
1360,34730,0.462670
1370,35150,0.466370
1380,34939,0.470048
1390,34790,0.473710
1400,34691,0.477362
1410,34102,0.480951
1420,34483,0.484581
1430,34171,0.488178
1440,34025,0.491759
1450,33669,0.495303
1460,33614,0.498841
1470,33536,0.502371
1480,33631,0.505911
1490,33522,0.509440
1500,33053,0.512919
1510,33077,0.516401
1520,33435,0.519920
1530,32470,0.523338
1540,32618,0.526771
1550,32703,0.530214
1560,32637,0.533649
1570,32014,0.537019
1580,32038,0.540391
1590,31798,0.543738
1600,31768,0.547082
1610,31490,0.550397
1620,31410,0.553703
1630,31344,0.557002
1640,31431,0.560311
1650,31070,0.563581
1660,31148,0.566860
1670,30597,0.570080
1680,30742,0.573316
1690,30747,0.576553
1700,30053,0.579716
1710,30254,0.582901
1720,29853,0.586043
1730,30042,0.589205
1740,29560,0.592317
1750,29498,0.595422
1760,29656,0.598543
1770,29025,0.601599
1780,29169,0.604669
1790,28743,0.607694
1800,28407,0.610684
1810,28533,0.613688
1820,28616,0.616700
1830,28196,0.619668
1840,28270,0.622644
1850,27832,0.625573
1860,27666,0.628485
1870,27657,0.631397
1880,27621,0.634304
1890,27310,0.637179
1900,27050,0.640026
1910,27151,0.642884
1920,26776,0.645702
1930,26582,0.648500
1940,26649,0.651305
1950,26014,0.654044
1960,25995,0.656780
1970,25953,0.659512
1980,25517,0.662198
1990,25392,0.664870
2000,25416,0.667546
2010,25293,0.670208
2020,25145,0.672855
2030,25015,0.675488
2040,24839,0.678102
2050,24597,0.680691
2060,24492,0.683270
2070,24222,0.685819
2080,24172,0.688363
2090,24328,0.690924
2100,24051,0.693456
2110,23737,0.695954
2120,23701,0.698449
2130,23341,0.700906
2140,23546,0.703385
2150,22943,0.705800
2160,22831,0.708203
2170,22851,0.710608
2180,22710,0.712998
2190,22806,0.715399
2200,22449,0.717762
2210,22377,0.720117
2220,22082,0.722442
2230,21941,0.724751
2240,21839,0.727050
2250,21482,0.729311
2260,21364,0.731560
2270,21592,0.733833
2280,21352,0.736080
2290,20951,0.738286
2300,20804,0.740475
2310,20808,0.742666
2320,20627,0.744837
2330,20653,0.747011
2340,20421,0.749160
2350,20326,0.751300
2360,20216,0.753428
2370,20016,0.755535
2380,19832,0.757622
2390,19545,0.759680
2400,19481,0.761730
2410,19629,0.763796
2420,19482,0.765847
2430,19115,0.767859
2440,18854,0.769844
2450,18917,0.771835
2460,18684,0.773802
2470,18880,0.775789
2480,18009,0.777684
2490,18511,0.779633
2500,17917,0.781519
2510,18005,0.783414
2520,17840,0.785292
2530,17570,0.787141
2540,17796,0.789015
2550,17434,0.790850
2560,17094,0.792649
2570,17231,0.794463
2580,16959,0.796248
2590,16948,0.798032
2600,16796,0.799800
2610,16698,0.801557
2620,16771,0.803323
2630,16560,0.805066
2640,16244,0.806776
2650,16154,0.808476
2660,16151,0.810176
2670,15937,0.811854
2680,15864,0.813523
2690,15722,0.815178
2700,15560,0.816816
2710,15557,0.818454
2720,15288,0.820063
2730,15197,0.821663
2740,15331,0.823276
2750,14782,0.824832
2760,14768,0.826387
2770,14918,0.827957
2780,14497,0.829483
2790,14518,0.831011
2800,14405,0.832527
2810,14157,0.834018
2820,14089,0.835501
2830,14166,0.836992
2840,13903,0.838455
2850,13814,0.839909
2860,13953,0.841378
2870,13627,0.842812
2880,13376,0.844220
2890,13269,0.845617
2900,13199,0.847006
2910,13039,0.848379
2920,12816,0.849728
2930,12797,0.851075
2940,12785,0.852421
2950,12801,0.853768
2960,12690,0.855104
2970,12622,0.856432
2980,12410,0.857739
2990,12175,0.859020
3000,12200,0.860304
3010,12156,0.861584
3020,11914,0.862838
3030,12079,0.864109
3040,11901,0.865362
3050,11963,0.866621
3060,11632,0.867846
3070,11500,0.869056
3080,11527,0.870270
3090,11316,0.871461
3100,11215,0.872641
3110,11184,0.873818
3120,10974,0.874973
3130,10896,0.876120
3140,10779,0.877255
3150,10859,0.878398
3160,10621,0.879516
3170,10416,0.880612
3180,10475,0.881715
3190,10254,0.882794
3200,10310,0.883880
3210,10118,0.884945
3220,10010,0.885998
3230,9882,0.887038
3240,10041,0.888095
3250,9997,0.889148
3260,9767,0.890176
3270,9745,0.891201
3280,9603,0.892212
3290,9377,0.893199
3300,9337,0.894182
3310,9315,0.895163
3320,9059,0.896116
3330,9069,0.897071
3340,8896,0.898007
3350,9008,0.898955
3360,8679,0.899869
3370,8880,0.900804
3380,8632,0.901712
3390,8656,0.902623
3400,8552,0.903524
3410,8464,0.904414
3420,8352,0.905294
3430,8472,0.906185
3440,8215,0.907050
3450,8207,0.907914
3460,8154,0.908772
3470,8043,0.909619
3480,7994,0.910460
3490,8007,0.911303
3500,7890,0.912134
3510,7817,0.912956
3520,7650,0.913762
3530,7713,0.914574
3540,7446,0.915357
3550,7447,0.916141
3560,7523,0.916933
3570,7296,0.917701
3580,7411,0.918481
3590,7094,0.919228
3600,7170,0.919983
3610,7122,0.920732
3620,7070,0.921476
3630,6940,0.922207
3640,6856,0.922929
3650,6845,0.923649
3660,6685,0.924353
3670,6726,0.925061
3680,6783,0.925775
3690,6528,0.926462
3700,6577,0.927154
3710,6551,0.927844
3720,6412,0.928519
3730,6239,0.929175
3740,6325,0.929841
3750,6217,0.930496
3760,6033,0.931131
3770,6141,0.931777
3780,5890,0.932397
3790,5935,0.933022
3800,5886,0.933641
3810,5980,0.934271
3820,5772,0.934878
3830,5673,0.935475
3840,5765,0.936082
3850,5582,0.936670
3860,5648,0.937264
3870,5495,0.937843
3880,5648,0.938437
3890,5463,0.939012
3900,5490,0.939590
3910,5275,0.940145
3920,5243,0.940697
3930,5121,0.941236
3940,5010,0.941764
3950,5178,0.942309
3960,5054,0.942841
3970,5065,0.943374
3980,4989,0.943899
3990,4887,0.944413
4000,4820,0.944921
4010,4820,0.945428
4020,4599,0.945912
4030,4583,0.946395
4040,4603,0.946879
4050,4525,0.947355
4060,4525,0.947832
4070,4553,0.948311
4080,4459,0.948780
4090,4486,0.949252
4100,4338,0.949709
4110,4496,0.950182
4120,4296,0.950635
4130,4212,0.951078
4140,4180,0.951518
4150,4256,0.951966
4160,4149,0.952403
4170,3979,0.952821
4180,4058,0.953249
4190,4083,0.953678
4200,3956,0.954095
4210,3877,0.954503
4220,3930,0.954917
4230,3760,0.955312
4240,3870,0.955720
4250,3792,0.956119
4260,3738,0.956512
4270,3630,0.956894
4280,3655,0.957279
4290,3606,0.957659
4300,3640,0.958042
4310,3686,0.958430
4320,3542,0.958803
4330,3515,0.959173
4340,3502,0.959541
4350,3357,0.959895
4360,3456,0.960258
4370,3406,0.960617
4380,3369,0.960972
4390,3204,0.961309
4400,3247,0.961651
4410,3317,0.962000
4420,3160,0.962332
4430,3175,0.962667
4440,3108,0.962994
4450,3117,0.963322
4460,3083,0.963646
4470,3000,0.963962
4480,2920,0.964269
4490,2992,0.964584
4500,2882,0.964888
4510,2891,0.965192
4520,2821,0.965489
4530,2860,0.965790
4540,2866,0.966092
4550,2905,0.966397
4560,2701,0.966682
4570,2674,0.966963
4580,2658,0.967243
4590,2694,0.967527
4600,2593,0.967800
4610,2577,0.968071
4620,2578,0.968342
4630,2563,0.968612
4640,2491,0.968874
4650,2484,0.969136
4660,2617,0.969411
4670,2474,0.969671
4680,2488,0.969933
4690,2469,0.970193
4700,2427,0.970449
4710,2301,0.970691
4720,2305,0.970934
4730,2352,0.971181
4740,2259,0.971419
4750,2261,0.971657
4760,2258,0.971895
4770,2219,0.972128
4780,2285,0.972369
4790,2142,0.972594
4800,2176,0.972823
4810,2138,0.973048
4820,2115,0.973271
4830,2068,0.973489
4840,2027,0.973702
4850,2102,0.973923
4860,2045,0.974138
4870,1940,0.974343
4880,2021,0.974555
4890,2059,0.974772
4900,1940,0.974976
4910,1969,0.975184
4920,1920,0.975386
4930,1912,0.975587
4940,1861,0.975783
4950,1887,0.975981
4960,1827,0.976174
4970,1797,0.976363
4980,1690,0.976541
4990,1800,0.976730
5000,1705,0.976910
5010,1757,0.977095
5020,1744,0.977278
5030,1759,0.977463
5040,1659,0.977638
5050,1697,0.977817
5060,1662,0.977992
5070,1633,0.978163
5080,1647,0.978337
5090,1621,0.978507
5100,1585,0.978674
5110,1580,0.978841
5120,1621,0.979011
5130,1577,0.979177
5140,1458,0.979331
5150,1556,0.979494
5160,1495,0.979652
5170,1491,0.979809
5180,1420,0.979958
5190,1455,0.980111
5200,1450,0.980264
5210,1470,0.980419
5220,1394,0.980565
5230,1366,0.980709
5240,1406,0.980857
5250,1360,0.981000
5260,1469,0.981155
5270,1307,0.981293
5280,1315,0.981431
5290,1262,0.981564
5300,1292,0.981700
5310,1350,0.981842
5320,1281,0.981977
5330,1275,0.982111
5340,1284,0.982246
5350,1264,0.982379
5360,1224,0.982508
5370,1208,0.982635
5380,1255,0.982767
5390,1259,0.982900
5400,1207,0.983027
5410,1118,0.983145
5420,1128,0.983263
5430,1164,0.983386
5440,1162,0.983508
5450,1179,0.983632
5460,1106,0.983749
5470,1105,0.983865
5480,1155,0.983987
5490,1061,0.984098
5500,1025,0.984206
5510,1039,0.984316
5520,1076,0.984429
5530,1087,0.984543
5540,1094,0.984658
5550,1030,0.984767
5560,997,0.984872
5570,981,0.984975
5580,991,0.985079
5590,994,0.985184
5600,990,0.985288
5610,967,0.985390
5620,891,0.985484
5630,953,0.985584
5640,1001,0.985689
5650,986,0.985793
5660,924,0.985890
5670,901,0.985985
5680,949,0.986085
5690,866,0.986176
5700,936,0.986275
5710,902,0.986370
5720,922,0.986467
5730,897,0.986561
5740,886,0.986654
5750,864,0.986745
5760,891,0.986839
5770,849,0.986929
5780,878,0.987021
5790,869,0.987112
5800,863,0.987203
5810,842,0.987292
5820,857,0.987382
5830,834,0.987470
5840,813,0.987556
5850,845,0.987644
5860,820,0.987731
5870,832,0.987818
5880,750,0.987897
5890,742,0.987975
5900,779,0.988057
5910,768,0.988138
5920,765,0.988219
5930,704,0.988293
5940,798,0.988377
5950,727,0.988453
5960,703,0.988527
5970,712,0.988602
5980,745,0.988681
5990,737,0.988758
6000,667,0.988829
6010,713,0.988904
6020,718,0.988979
6030,719,0.989055
6040,693,0.989128
6050,689,0.989200
6060,682,0.989272
6070,641,0.989340
6080,663,0.989409
6090,690,0.989482
6100,621,0.989547
6110,699,0.989621
6120,607,0.989685
6130,606,0.989749
6140,652,0.989817
6150,649,0.989886
6160,603,0.989949
6170,647,0.990017
6180,668,0.990087
6190,580,0.990148
6200,617,0.990213
6210,591,0.990276
6220,613,0.990340
6230,644,0.990408
6240,628,0.990474
6250,553,0.990532
6260,588,0.990594
6270,613,0.990659
6280,584,0.990720
6290,582,0.990781
6300,579,0.990842
6310,560,0.990901
6320,524,0.990956
6330,562,0.991016
6340,558,0.991074
6350,558,0.991133
6360,562,0.991192
6370,553,0.991250
6380,548,0.991308
6390,609,0.991372
6400,557,0.991431
6410,505,0.991484
6420,583,0.991545
6430,539,0.991602
6440,518,0.991657
6450,539,0.991713
6460,537,0.991770
6470,558,0.991829
6480,536,0.991885
6490,547,0.991943
6500,481,0.991993
6510,523,0.992048
6520,504,0.992101
6530,506,0.992155
6540,497,0.992207
6550,490,0.992259
6560,515,0.992313
6570,478,0.992363
6580,490,0.992415
6590,442,0.992461
6600,501,0.992514
6610,487,0.992565
6620,482,0.992616
6630,470,0.992665
6640,445,0.992712
6650,461,0.992761
6660,476,0.992811
6670,460,0.992859
6680,422,0.992904
6690,406,0.992946
6700,462,0.992995
6710,455,0.993043
6720,464,0.993092
6730,444,0.993138
6740,464,0.993187
6750,432,0.993233
6760,384,0.993273
6770,413,0.993317
6780,433,0.993362
6790,419,0.993406
6800,435,0.993452
6810,422,0.993497
6820,408,0.993540
6830,444,0.993586
6840,416,0.993630
6850,447,0.993677
6860,394,0.993719
6870,395,0.993760
6880,401,0.993802
6890,376,0.993842
6900,419,0.993886
6910,447,0.993933
6920,384,0.993974
6930,402,0.994016
6940,411,0.994059
6950,393,0.994100
6960,436,0.994146
6970,391,0.994188
6980,392,0.994229
6990,384,0.994269
7000,373,0.994308
7010,403,0.994351
7020,403,0.994393
7030,356,0.994431
7040,371,0.994470
7050,391,0.994511
7060,382,0.994551
7070,367,0.994590
7080,371,0.994629
7090,335,0.994664
7100,376,0.994704
7110,360,0.994742
7120,383,0.994782
7130,389,0.994823
7140,345,0.994859
7150,368,0.994898
7160,359,0.994936
7170,382,0.994976
7180,339,0.995012
7190,335,0.995047
7200,376,0.995086
7210,350,0.995123
7220,352,0.995160
7230,358,0.995198
7240,373,0.995237
7250,373,0.995277
7260,355,0.995314
7270,375,0.995353
7280,336,0.995389
7290,313,0.995422
7300,351,0.995459
7310,358,0.995496
7320,334,0.995531
7330,317,0.995565
7340,314,0.995598
7350,332,0.995633
7360,360,0.995671
7370,306,0.995703
7380,310,0.995736
7390,329,0.995770
7400,323,0.995804
7410,307,0.995837
7420,313,0.995869
7430,327,0.995904
7440,290,0.995934
7450,314,0.995968
7460,293,0.995998
7470,326,0.996033
7480,316,0.996066
7490,309,0.996098
7500,302,0.996130
7510,298,0.996162
7520,318,0.996195
7530,313,0.996228
7540,316,0.996261
7550,268,0.996289
7560,295,0.996321
7570,297,0.996352
7580,302,0.996384
7590,272,0.996412
7600,307,0.996445
7610,285,0.996475
7620,320,0.996508
7630,286,0.996538
7640,305,0.996570
7650,278,0.996600
7660,321,0.996633
7670,264,0.996661
7680,288,0.996692
7690,285,0.996722
7700,257,0.996749
7710,249,0.996775
7720,282,0.996805
7730,267,0.996833
7740,255,0.996859
7750,283,0.996889
7760,276,0.996918
7770,287,0.996948
7780,283,0.996978
7790,263,0.997006
7800,276,0.997035
7810,244,0.997061
7820,249,0.997087
7830,274,0.997116
7840,274,0.997145
7850,273,0.997173
7860,247,0.997199
7870,232,0.997224
7880,250,0.997250
7890,236,0.997275
7900,250,0.997301
7910,244,0.997327
7920,250,0.997353
7930,226,0.997377
7940,233,0.997402
7950,228,0.997426
7960,238,0.997451
7970,249,0.997477
7980,263,0.997504
7990,217,0.997527
8000,248,0.997553
8010,188,0.997573
8020,219,0.997596
8030,223,0.997620
8040,238,0.997645
8050,236,0.997670
8060,192,0.997690
8070,234,0.997714
8080,235,0.997739
8090,196,0.997760
8100,212,0.997782
8110,210,0.997804
8120,238,0.997829
8130,202,0.997851
8140,204,0.997872
8150,221,0.997895
8160,187,0.997915
8170,205,0.997937
8180,192,0.997957
8190,194,0.997977
8200,178,0.997996
8210,180,0.998015
8220,171,0.998033
8230,159,0.998050
8240,181,0.998069
8250,186,0.998088
8260,190,0.998108
8270,169,0.998126
8280,187,0.998146
8290,155,0.998162
8300,159,0.998179
8310,155,0.998195
8320,179,0.998214
8330,192,0.998234
8340,159,0.998251
8350,167,0.998268
8360,168,0.998286
8370,165,0.998304
8380,138,0.998318
8390,163,0.998335
8400,165,0.998353
8410,122,0.998365
8420,168,0.998383
8430,159,0.998400
8440,160,0.998417
8450,159,0.998433
8460,136,0.998448
8470,154,0.998464
8480,151,0.998480
8490,148,0.998495
8500,135,0.998510
8510,125,0.998523
8520,129,0.998536
8530,138,0.998551
8540,147,0.998566
8550,151,0.998582
8560,165,0.998600
8570,135,0.998614
8580,151,0.998630
8590,143,0.998645
8600,132,0.998659
8610,128,0.998672
8620,135,0.998686
8630,126,0.998700
8640,122,0.998712
8650,135,0.998727
8660,125,0.998740
8670,129,0.998753
8680,117,0.998766
8690,113,0.998778
8700,135,0.998792
8710,121,0.998805
8720,113,0.998816
8730,117,0.998829
8740,126,0.998842
8750,110,0.998854
8760,115,0.998866
8770,93,0.998875
8780,104,0.998886
8790,95,0.998896
8800,95,0.998906
8810,103,0.998917
8820,100,0.998928
8830,150,0.998944
8840,113,0.998955
8850,103,0.998966
8860,94,0.998976
8870,98,0.998987
8880,95,0.998997
8890,93,0.999006
8900,106,0.999017
8910,93,0.999027
8920,95,0.999037
8930,78,0.999045
8940,118,0.999058
8950,87,0.999067
8960,96,0.999077
8970,95,0.999087
8980,81,0.999096
8990,94,0.999106
9000,84,0.999114
9010,75,0.999122
9020,93,0.999132
9030,90,0.999142
9040,79,0.999150
9050,80,0.999158
9060,89,0.999168
9070,80,0.999176
9080,75,0.999184
9090,69,0.999191
9100,73,0.999199
9110,82,0.999208
9120,82,0.999216
9130,72,0.999224
9140,87,0.999233
9150,79,0.999241
9160,76,0.999249
9170,87,0.999258
9180,80,0.999267
9190,84,0.999276
9200,68,0.999283
9210,91,0.999292
9220,73,0.999300
9230,67,0.999307
9240,70,0.999315
9250,77,0.999323
9260,67,0.999330
9270,81,0.999338
9280,69,0.999345
9290,76,0.999353
9300,65,0.999360
9310,57,0.999366
9320,56,0.999372
9330,69,0.999380
9340,68,0.999387
9350,68,0.999394
9360,49,0.999399
9370,67,0.999406
9380,62,0.999413
9390,68,0.999420
9400,59,0.999426
9410,61,0.999432
9420,41,0.999437
9430,48,0.999442
9440,57,0.999448
9450,39,0.999452
9460,47,0.999457
9470,57,0.999463
9480,45,0.999467
9490,58,0.999474
9500,60,0.999480
9510,54,0.999486
9520,66,0.999493
9530,57,0.999499
9540,45,0.999503
9550,42,0.999508
9560,61,0.999514
9570,42,0.999519
9580,56,0.999524
9590,34,0.999528
9600,48,0.999533
9610,41,0.999537
9620,31,0.999541
9630,34,0.999544
9640,39,0.999548
9650,38,0.999552
9660,51,0.999558
9670,50,0.999563
9680,33,0.999566
9690,31,0.999570
9700,38,0.999574
9710,35,0.999577
9720,38,0.999581
9730,36,0.999585
9740,38,0.999589
9750,42,0.999594
9760,25,0.999596
9770,35,0.999600
9780,41,0.999604
9790,31,0.999608
9800,40,0.999612
9810,42,0.999616
9820,43,0.999621
9830,42,0.999625
9840,28,0.999628
9850,34,0.999632
9860,38,0.999636
9870,33,0.999639
9880,40,0.999643
9890,34,0.999647
9900,34,0.999650
9910,27,0.999653
9920,33,0.999657
9930,31,0.999660
9940,31,0.999663
9950,38,0.999667
9960,37,0.999671
9970,29,0.999674
9980,26,0.999677
9990,24,0.999680
10000,31,0.999683
10010,27,0.999686
10020,29,0.999689
10030,34,0.999692
10040,30,0.999695
10050,30,0.999699
10060,30,0.999702
10070,26,0.999704
10080,20,0.999707
10090,34,0.999710
10100,27,0.999713
10110,32,0.999716
10120,25,0.999719
10130,23,0.999721
10140,29,0.999724
10150,30,0.999728
10160,11,0.999729
10170,28,0.999732
10180,24,0.999734
10190,22,0.999737
10200,33,0.999740
10210,29,0.999743
10220,27,0.999746
10230,27,0.999749
10240,19,0.999751
10250,28,0.999754
10260,24,0.999756
10270,20,0.999758
10280,23,0.999761
10290,23,0.999763
10300,26,0.999766
10310,22,0.999768
10320,19,0.999770
10330,22,0.999773
10340,25,0.999775
10350,16,0.999777
10360,12,0.999778
10370,23,0.999781
10380,15,0.999782
10390,24,0.999785
10400,22,0.999787
10410,14,0.999788
10420,25,0.999791
10430,12,0.999792
10440,25,0.999795
10450,18,0.999797
10460,18,0.999799
10470,20,0.999801
10480,20,0.999803
10490,17,0.999805
10500,21,0.999807
10510,12,0.999808
10520,18,0.999810
10530,20,0.999812
10540,18,0.999814
10550,13,0.999815
10560,25,0.999818
10570,20,0.999820
10580,15,0.999822
10590,22,0.999824
10600,19,0.999826
10610,22,0.999828
10620,12,0.999830
10630,15,0.999831
10640,10,0.999832
10650,14,0.999834
10660,9,0.999835
10670,15,0.999836
10680,18,0.999838
10690,14,0.999840
10700,9,0.999841
10710,9,0.999842
10720,15,0.999843
10730,15,0.999845
10740,18,0.999847
10750,19,0.999849
10760,18,0.999851
10770,12,0.999852
10780,15,0.999853
10790,8,0.999854
10800,11,0.999855
10810,12,0.999857
10820,8,0.999857
10830,16,0.999859
10840,7,0.999860
10850,9,0.999861
10860,12,0.999862
10870,12,0.999863
10880,12,0.999865
10890,15,0.999866
10900,10,0.999867
10910,16,0.999869
10920,16,0.999871
10930,12,0.999872
10940,14,0.999873
10950,12,0.999875
10960,12,0.999876
10970,15,0.999877
10980,9,0.999878
10990,11,0.999880
11000,12,0.999881
11010,10,0.999882
11020,9,0.999883
11030,11,0.999884
11040,11,0.999885
11050,14,0.999887
11060,10,0.999888
11070,5,0.999888
11080,7,0.999889
11090,11,0.999890
11100,9,0.999891
11110,8,0.999892
11120,9,0.999893
11130,6,0.999893
11140,5,0.999894
11150,14,0.999895
11160,13,0.999897
11170,6,0.999897
11180,8,0.999898
11190,13,0.999900
11200,3,0.999900
11210,8,0.999901
11220,9,0.999902
11230,13,0.999903
11240,7,0.999904
11250,7,0.999905
11260,11,0.999906
11270,7,0.999907
11280,8,0.999907
11290,5,0.999908
11300,6,0.999909
11310,7,0.999909
11320,9,0.999910
11330,7,0.999911
11340,7,0.999912
11350,13,0.999913
11360,7,0.999914
11370,9,0.999915
11380,5,0.999915
11390,11,0.999916
11400,13,0.999918
11410,13,0.999919
11420,11,0.999920
11430,7,0.999921
11440,5,0.999922
11450,6,0.999922
11460,9,0.999923
11470,5,0.999924
11480,15,0.999925
11490,6,0.999926
11500,3,0.999926
11510,5,0.999927
11520,9,0.999928
11530,5,0.999928
11540,6,0.999929
11550,4,0.999929
11560,5,0.999930
11570,4,0.999930
11580,2,0.999930
11590,5,0.999931
11600,8,0.999932
11610,8,0.999933
11620,5,0.999933
11630,5,0.999934
11640,6,0.999934
11650,9,0.999935
11660,8,0.999936
11670,6,0.999937
11680,5,0.999937
11690,2,0.999937
11700,7,0.999938
11710,4,0.999939
11720,6,0.999939
11730,6,0.999940
11740,6,0.999941
11750,7,0.999941
11760,9,0.999942
11770,6,0.999943
11780,8,0.999944
11790,9,0.999945
11800,8,0.999945
11810,4,0.999946
11820,6,0.999947
11830,1,0.999947
11840,3,0.999947
11850,5,0.999947
11860,4,0.999948
11870,11,0.999949
11880,2,0.999949
11890,1,0.999949
11900,4,0.999950
11910,6,0.999950
11920,5,0.999951
11930,1,0.999951
11940,3,0.999951
11950,5,0.999952
11960,4,0.999952
11970,4,0.999953
11980,7,0.999953
12000,4,0.999954
12010,9,0.999955
12020,3,0.999955
12030,5,0.999956
12040,6,0.999956
12050,3,0.999957
12060,3,0.999957
12070,6,0.999958
12080,8,0.999958
12090,2,0.999959
12100,3,0.999959
12110,2,0.999959
12120,8,0.999960
12130,3,0.999960
12140,5,0.999961
12150,3,0.999961
12160,6,0.999962
12170,2,0.999962
12180,3,0.999962
12190,6,0.999963
12200,6,0.999964
12210,3,0.999964
12220,4,0.999964
12230,5,0.999965
12240,4,0.999965
12250,5,0.999966
12260,4,0.999966
12270,2,0.999966
12280,3,0.999967
12300,3,0.999967
12310,4,0.999967
12320,4,0.999968
12330,2,0.999968
12340,3,0.999968
12350,2,0.999969
12360,2,0.999969
12370,6,0.999969
12380,1,0.999970
12390,4,0.999970
12400,3,0.999970
12410,3,0.999971
12420,1,0.999971
12430,5,0.999971
12440,1,0.999971
12450,3,0.999972
12460,5,0.999972
12470,5,0.999973
12480,4,0.999973
12490,2,0.999973
12500,2,0.999974
12520,2,0.999974
12530,2,0.999974
12540,2,0.999974
12550,2,0.999974
12560,3,0.999975
12570,3,0.999975
12580,3,0.999975
12600,3,0.999976
12610,1,0.999976
12620,2,0.999976
12630,4,0.999976
12640,1,0.999977
12650,2,0.999977
12660,1,0.999977
12670,1,0.999977
12680,1,0.999977
12700,2,0.999977
12710,1,0.999977
12720,2,0.999978
12730,1,0.999978
12740,7,0.999978
12760,4,0.999979
12770,2,0.999979
12780,1,0.999979
12790,2,0.999979
12800,2,0.999980
12810,2,0.999980
12820,2,0.999980
12830,3,0.999980
12840,2,0.999981
12850,5,0.999981
12860,2,0.999981
12870,3,0.999982
12890,3,0.999982
12900,2,0.999982
12950,2,0.999982
12960,2,0.999983
12970,2,0.999983
12990,1,0.999983
13000,3,0.999983
13010,2,0.999983
13030,1,0.999983
13040,3,0.999984
13060,1,0.999984
13080,1,0.999984
13090,1,0.999984
13120,1,0.999984
13150,3,0.999985
13170,5,0.999985
13190,3,0.999985
13210,1,0.999985
13220,1,0.999986
13230,3,0.999986
13250,3,0.999986
13260,2,0.999986
13280,1,0.999987
13310,2,0.999987
13320,2,0.999987
13330,1,0.999987
13350,2,0.999987
13360,3,0.999988
13370,1,0.999988
13400,1,0.999988
13410,1,0.999988
13420,1,0.999988
13430,1,0.999988
13440,1,0.999988
13460,2,0.999988
13470,2,0.999989
13490,3,0.999989
13500,2,0.999989
13510,1,0.999989
13520,1,0.999989
13530,3,0.999990
13540,1,0.999990
13550,1,0.999990
13560,1,0.999990
13570,1,0.999990
13590,1,0.999990
13600,1,0.999990
13620,1,0.999990
13640,1,0.999991
13650,1,0.999991
13660,1,0.999991
13680,1,0.999991
13690,1,0.999991
13700,1,0.999991
13710,1,0.999991
13720,2,0.999991
13730,1,0.999991
13740,1,0.999992
13750,2,0.999992
13760,2,0.999992
13780,1,0.999992
13790,2,0.999992
13810,1,0.999992
13830,1,0.999993
13860,1,0.999993
13870,2,0.999993
13890,2,0.999993
13900,1,0.999993
13910,3,0.999994
13940,1,0.999994
13950,1,0.999994
13960,1,0.999994
14050,1,0.999994
14080,1,0.999994
14140,1,0.999994
14170,1,0.999994
14200,1,0.999994
14220,1,0.999994
14230,1,0.999995
14240,1,0.999995
14280,1,0.999995
14300,2,0.999995
14330,1,0.999995
14340,1,0.999995
14450,1,0.999995
14490,1,0.999995
14510,1,0.999995
14520,1,0.999996
14540,1,0.999996
14560,1,0.999996
14610,1,0.999996
14620,1,0.999996
14640,2,0.999996
14690,1,0.999996
14730,1,0.999996
14850,1,0.999997
14920,1,0.999997
14950,2,0.999997
15050,2,0.999997
15070,2,0.999997
15080,1,0.999997
15100,2,0.999998
15120,1,0.999998
15150,2,0.999998
15170,1,0.999998
15260,1,0.999998
15270,2,0.999998
15310,1,0.999998
15320,1,0.999999
15350,1,0.999999
15380,1,0.999999
15390,1,0.999999
15440,2,0.999999
15560,1,0.999999
15570,1,0.999999
15780,1,0.999999
16040,1,0.999999
16140,1,1.000000
16300,1,1.000000
16570,1,1.000000
16620,1,1.000000
18340,1,1.000000
